TIME      39903261.4948661645603727.4227041851304193.3505422
SYS BU    2.33333E-01  2.66667E-01  3.00000E-01  
CELL BU   2.33333E-01  2.66667E-01  3.00000E-01  
FLUX      6.33671E+12  6.30461E+12  6.27389E+12  
POW DENS  9.08389E+00  9.08389E+00  9.08389E+00  
POW       6.00000E-02  6.00000E-02  6.00000E-02  

10010     0.00000E+00  0.00000E+00  0.00000E+00  
10020     0.00000E+00  0.00000E+00  0.00000E+00  
10030     0.00000E+00  0.00000E+00  0.00000E+00  
20030     0.00000E+00  0.00000E+00  0.00000E+00  
20040     0.00000E+00  0.00000E+00  0.00000E+00  
30060     0.00000E+00  0.00000E+00  0.00000E+00  
30070     0.00000E+00  0.00000E+00  0.00000E+00  
40070     0.00000E+00  0.00000E+00  0.00000E+00  
40090     0.00000E+00  0.00000E+00  0.00000E+00  
40100     0.00000E+00  0.00000E+00  0.00000E+00  
50100     0.00000E+00  0.00000E+00  0.00000E+00  
50110     0.00000E+00  0.00000E+00  0.00000E+00  
60120     0.00000E+00  0.00000E+00  0.00000E+00  
60130     0.00000E+00  0.00000E+00  0.00000E+00  
60140     0.00000E+00  0.00000E+00  0.00000E+00  
70140     0.00000E+00  0.00000E+00  0.00000E+00  
70150     0.00000E+00  0.00000E+00  0.00000E+00  
80160     0.00000E+00  0.00000E+00  0.00000E+00  
80170     0.00000E+00  0.00000E+00  0.00000E+00  
80180     0.00000E+00  0.00000E+00  0.00000E+00  
90190     0.00000E+00  0.00000E+00  0.00000E+00  
100200    0.00000E+00  0.00000E+00  0.00000E+00  
100210    0.00000E+00  0.00000E+00  0.00000E+00  
100220    0.00000E+00  0.00000E+00  0.00000E+00  
110220    0.00000E+00  0.00000E+00  0.00000E+00  
110230    0.00000E+00  0.00000E+00  0.00000E+00  
120240    0.00000E+00  0.00000E+00  0.00000E+00  
120250    0.00000E+00  0.00000E+00  0.00000E+00  
120260    0.00000E+00  0.00000E+00  0.00000E+00  
130261    0.00000E+00  0.00000E+00  0.00000E+00  
130270    0.00000E+00  0.00000E+00  0.00000E+00  
140280    0.00000E+00  0.00000E+00  0.00000E+00  
140290    0.00000E+00  0.00000E+00  0.00000E+00  
140300    0.00000E+00  0.00000E+00  0.00000E+00  
140310    0.00000E+00  0.00000E+00  0.00000E+00  
140320    0.00000E+00  0.00000E+00  0.00000E+00  
150310    0.00000E+00  0.00000E+00  0.00000E+00  
150320    0.00000E+00  0.00000E+00  0.00000E+00  
160320    0.00000E+00  0.00000E+00  0.00000E+00  
160330    0.00000E+00  0.00000E+00  0.00000E+00  
160340    0.00000E+00  0.00000E+00  0.00000E+00  
160350    0.00000E+00  0.00000E+00  0.00000E+00  
160360    0.00000E+00  0.00000E+00  0.00000E+00  
170350    0.00000E+00  0.00000E+00  0.00000E+00  
170360    0.00000E+00  0.00000E+00  0.00000E+00  
170370    0.00000E+00  0.00000E+00  0.00000E+00  
180360    0.00000E+00  0.00000E+00  0.00000E+00  
180370    0.00000E+00  0.00000E+00  0.00000E+00  
180380    0.00000E+00  0.00000E+00  0.00000E+00  
180390    0.00000E+00  0.00000E+00  0.00000E+00  
180400    0.00000E+00  0.00000E+00  0.00000E+00  
180410    0.00000E+00  0.00000E+00  0.00000E+00  
190390    0.00000E+00  0.00000E+00  0.00000E+00  
190400    0.00000E+00  0.00000E+00  0.00000E+00  
190410    0.00000E+00  0.00000E+00  0.00000E+00  
200400    0.00000E+00  0.00000E+00  0.00000E+00  
200410    0.00000E+00  0.00000E+00  0.00000E+00  
200420    0.00000E+00  0.00000E+00  0.00000E+00  
200430    0.00000E+00  0.00000E+00  0.00000E+00  
200440    0.00000E+00  0.00000E+00  0.00000E+00  
200450    0.00000E+00  0.00000E+00  0.00000E+00  
200460    0.00000E+00  0.00000E+00  0.00000E+00  
200470    0.00000E+00  0.00000E+00  0.00000E+00  
200480    0.00000E+00  0.00000E+00  0.00000E+00  
210450    0.00000E+00  0.00000E+00  0.00000E+00  
210451    0.00000E+00  0.00000E+00  0.00000E+00  
210470    0.00000E+00  0.00000E+00  0.00000E+00  
210480    0.00000E+00  0.00000E+00  0.00000E+00  
220460    0.00000E+00  0.00000E+00  0.00000E+00  
220470    0.00000E+00  0.00000E+00  0.00000E+00  
220480    0.00000E+00  0.00000E+00  0.00000E+00  
220490    0.00000E+00  0.00000E+00  0.00000E+00  
220500    0.00000E+00  0.00000E+00  0.00000E+00  
220660    0.00000E+00  0.00000E+00  0.00000E+00  
230490    0.00000E+00  0.00000E+00  0.00000E+00  
230500    0.00000E+00  0.00000E+00  0.00000E+00  
230510    0.00000E+00  0.00000E+00  0.00000E+00  
230660    9.40467E-21  1.07555E-20  1.20997E-20  
230670    1.82517E-22  2.08733E-22  2.34820E-22  
230680    6.40860E-24  8.01633E-24  9.61616E-24  
230690    0.00000E+00  0.00000E+00  0.00000E+00  
240500    0.00000E+00  0.00000E+00  0.00000E+00  
240510    0.00000E+00  0.00000E+00  0.00000E+00  
240520    0.00000E+00  0.00000E+00  0.00000E+00  
240530    0.00000E+00  0.00000E+00  0.00000E+00  
240540    0.00000E+00  0.00000E+00  0.00000E+00  
240660    0.00000E+00  0.00000E+00  0.00000E+00  
240670    0.00000E+00  0.00000E+00  0.00000E+00  
240680    2.96954E-19  3.39606E-19  3.82050E-19  
240690    4.57057E-20  5.22707E-20  5.88034E-20  
240710    4.37683E-24  5.47485E-24  6.56748E-24  
250540    0.00000E+00  0.00000E+00  0.00000E+00  
250550    0.00000E+00  0.00000E+00  0.00000E+00  
250660    3.32796E-24  3.31102E-24  3.29479E-24  
250670    3.13751E-24  3.12118E-24  3.10554E-24  
250680    0.00000E+00  0.00000E+00  0.00000E+00  
250690    0.00000E+00  0.00000E+00  0.00000E+00  
250700    2.94979E-18  3.37348E-18  3.79510E-18  
250710    1.47149E-19  1.68285E-19  1.89317E-19  
250720    1.35466E-21  1.54936E-21  1.74318E-21  
250730    2.65935E-22  3.04088E-22  3.42049E-22  
250740    6.33706E-24  7.92684E-24  9.50882E-24  
260540    0.00000E+00  0.00000E+00  0.00000E+00  
260550    0.00000E+00  0.00000E+00  0.00000E+00  
260560    0.00000E+00  0.00000E+00  0.00000E+00  
260570    0.00000E+00  0.00000E+00  0.00000E+00  
260580    0.00000E+00  0.00000E+00  0.00000E+00  
260660    3.14719E-22  3.13398E-22  3.12133E-22  
260670    8.76666E-22  8.71948E-22  8.67423E-22  
260680    2.23154E-22  2.21975E-22  2.20844E-22  
260690    4.30656E-23  4.28452E-23  4.26339E-23  
260700    9.07260E-24  9.02711E-24  8.98352E-24  
260710    0.00000E+00  0.00000E+00  0.00000E+00  
260720    0.00000E+00  0.00000E+00  0.00000E+00  
260730    6.91268E-18  7.90169E-18  8.88545E-18  
260740    2.93647E-19  3.35825E-19  3.77797E-19  
260750    5.69924E-21  6.51081E-21  7.31768E-21  
260770    2.07423E-22  2.37216E-22  2.66864E-22  
270580    0.00000E+00  0.00000E+00  0.00000E+00  
270581    0.00000E+00  0.00000E+00  0.00000E+00  
270590    0.00000E+00  0.00000E+00  0.00000E+00  
270660    2.29961E-22  2.29658E-22  2.29375E-22  
270670    2.43342E-21  2.42210E-21  2.41126E-21  
270680    1.20470E-21  1.19987E-21  1.19524E-21  
270690    1.21606E-21  1.21231E-21  1.20873E-21  
270700    3.94354E-22  3.93465E-22  3.92621E-22  
270710    1.28787E-22  1.28291E-22  1.27815E-22  
270720    3.16301E-23  3.14960E-23  3.13672E-23  
270730    1.10813E-23  1.10185E-23  1.09581E-23  
270740    1.10224E-24  1.09578E-24  1.08957E-24  
270750    0.00000E+00  0.00000E+00  0.00000E+00  
270760    9.73706E-18  1.11191E-17  1.24929E-17  
270770    4.05966E-18  4.64241E-18  5.22228E-18  
270780    4.35718E-20  4.98001E-20  5.59948E-20  
270790    9.22341E-21  1.05482E-20  1.18665E-20  
280580    0.00000E+00  0.00000E+00  0.00000E+00  
280590    0.00000E+00  0.00000E+00  0.00000E+00  
280600    0.00000E+00  0.00000E+00  0.00000E+00  
280610    0.00000E+00  0.00000E+00  0.00000E+00  
280620    0.00000E+00  0.00000E+00  0.00000E+00  
280630    8.69573E-22  1.14322E-21  1.45266E-21  
280640    1.41344E-20  1.85154E-20  2.34631E-20  
280660    2.37540E-16  2.37653E-16  2.37772E-16  
280670    1.38229E-19  1.37720E-19  1.37233E-19  
280680    2.79896E-19  2.79639E-19  2.79400E-19  
280690    1.67995E-19  1.68566E-19  1.69124E-19  
280700    1.36983E-19  1.38075E-19  1.39136E-19  
280710    6.79234E-20  6.80830E-20  6.82390E-20  
280720    5.69957E-20  5.69765E-20  5.69583E-20  
280730    3.09075E-20  3.07478E-20  3.05935E-20  
280740    1.44361E-20  1.43392E-20  1.42456E-20  
280750    4.26366E-21  4.23096E-21  4.19934E-21  
280760    5.27076E-22  5.22549E-22  5.18170E-22  
280770    2.21286E-23  2.19606E-23  2.17985E-23  
280780    6.14862E-24  6.10811E-24  6.06910E-24  
280790    2.25798E-16  2.58236E-16  2.90515E-16  
280800    3.71139E-18  4.24337E-18  4.77263E-18  
280810    1.08124E-19  1.23655E-19  1.39109E-19  
290630    0.00000E+00  1.24128E-24  2.84323E-24  
290640    0.00000E+00  0.00000E+00  0.00000E+00  
290650    2.84724E-23  4.25299E-23  6.01708E-23  
290660    3.71396E-19  3.71587E-19  3.71788E-19  
290670    1.46761E-15  1.46233E-15  1.45728E-15  
290680    3.03541E-19  3.03410E-19  3.03295E-19  
290681    1.95522E-20  2.03790E-20  2.11801E-20  
290690    2.71649E-18  2.73409E-18  2.75122E-18  
290700    1.17035E-18  1.18609E-18  1.20136E-18  
290701    1.42604E-19  1.49567E-19  1.56313E-19  
290710    9.38852E-19  9.51855E-19  9.64467E-19  
290720    6.81984E-19  6.90815E-19  6.99367E-19  
290730    1.06377E-18  1.06566E-18  1.06749E-18  
290740    5.47725E-19  5.46733E-19  5.45772E-19  
290750    5.02326E-19  4.99469E-19  4.96703E-19  
290760    2.11042E-19  2.09371E-19  2.07754E-19  
290770    8.85351E-20  8.77952E-20  8.70792E-20  
290780    1.95057E-20  1.93514E-20  1.92023E-20  
290790    1.36130E-21  1.35514E-21  1.34925E-21  
290800    1.48048E-22  1.47175E-22  1.46336E-22  
290810    2.08243E-15  2.38171E-15  2.67955E-15  
290820    1.80097E-16  2.05863E-16  2.31492E-16  
290830    2.60622E-18  2.98005E-18  3.35199E-18  
290840    1.63899E-19  1.87441E-19  2.10867E-19  
300640    0.00000E+00  0.00000E+00  0.00000E+00  
300650    6.56943E-23  8.44329E-23  1.03899E-22  
300660    3.23895E-14  3.71566E-14  4.19267E-14  
300670    1.78996E-13  2.04928E-13  2.30769E-13  
300680    2.65000E-13  3.03532E-13  3.42057E-13  
300690    5.38620E-17  5.42208E-17  5.45698E-17  
300691    1.21617E-18  1.33668E-18  1.45337E-18  
300700    7.40472E-13  8.56155E-13  9.73848E-13  
300710    7.18128E-18  7.28644E-18  7.38843E-18  
300711    4.31854E-17  4.61428E-17  4.90073E-17  
300720    2.36812E-14  2.42100E-14  2.47220E-14  
300730    1.11039E-17  1.12104E-17  1.13134E-17  
300740    1.29398E-16  1.29945E-16  1.30475E-16  
300750    3.43824E-17  3.43173E-17  3.42542E-17  
300760    4.09946E-17  4.07691E-17  4.05506E-17  
300770    2.47088E-17  2.45137E-17  2.43247E-17  
300780    1.99460E-17  1.97720E-17  1.96034E-17  
300790    6.61119E-18  6.55234E-18  6.49536E-18  
300800    6.04085E-19  5.99266E-19  5.94606E-19  
300810    2.64372E-20  2.63442E-20  2.62556E-20  
300820    3.16187E-21  3.13580E-21  3.11061E-21  
300830    1.07050E-22  1.06462E-22  1.05899E-22  
300840    1.28234E-13  1.45793E-13  1.63178E-13  
300850    3.48052E-17  3.97948E-17  4.47591E-17  
300860    2.55852E-17  2.90993E-17  3.25798E-17  
300870    1.16714E-19  1.33479E-19  1.50161E-19  
310660    0.00000E+00  0.00000E+00  0.00000E+00  
310670    0.00000E+00  0.00000E+00  0.00000E+00  
310680    2.93072E-24  3.31050E-24  3.68084E-24  
310690    4.21368E-13  4.84299E-13  5.47647E-13  
310700    6.42126E-21  7.28212E-21  8.13106E-21  
310710    1.32601E-12  1.53241E-12  1.74241E-12  
310720    7.22029E-15  7.38507E-15  7.54462E-15  
310721    2.14345E-22  2.20457E-22  2.26377E-22  
310730    8.45213E-15  8.54420E-15  8.63334E-15  
310740    6.96793E-16  7.01214E-16  7.05493E-16  
310741    4.16196E-19  4.34375E-19  4.51973E-19  
310750    5.32463E-16  5.33355E-16  5.34217E-16  
310760    3.70520E-16  3.69753E-16  3.69008E-16  
310770    3.66030E-16  3.64570E-16  3.63154E-16  
310780    2.69982E-16  2.68426E-16  2.66919E-16  
310790    2.08154E-16  2.06703E-16  2.05298E-16  
310800    7.89664E-17  7.84221E-17  7.78950E-17  
310810    4.02011E-17  3.98815E-17  3.95721E-17  
310820    1.49779E-17  1.48373E-17  1.47011E-17  
310830    5.05951E-19  5.02548E-19  4.99268E-19  
310840    3.34809E-18  3.31380E-18  3.28057E-18  
310850    6.99458E-13  7.99527E-13  8.99068E-13  
310860    3.40757E-21  3.37278E-21  3.33908E-21  
310870    4.82743E-15  5.50292E-15  6.17328E-15  
310880    5.52949E-17  6.29251E-17  7.04862E-17  
310890    1.07276E-18  1.22685E-18  1.38018E-18  
320680    0.00000E+00  0.00000E+00  0.00000E+00  
320690    0.00000E+00  0.00000E+00  0.00000E+00  
320700    7.15465E-17  9.27561E-17  1.16613E-16  
320710    5.51095E-20  6.24408E-20  6.95722E-20  
320711    0.00000E+00  0.00000E+00  0.00000E+00  
320720    3.54840E-12  4.11560E-12  4.69545E-12  
320730    1.27284E-11  1.46412E-11  1.65744E-11  
320731    2.37512E-19  2.40100E-19  2.42606E-19  
320740    3.87641E-11  4.44739E-11  5.02222E-11  
320750    2.11658E-14  2.12106E-14  2.12539E-14  
320751    8.88816E-18  8.98121E-18  9.07127E-18  
320760    3.31340E-10  3.78498E-10  4.25621E-10  
320770    1.24451E-12  1.24252E-12  1.24059E-12  
320771    2.20107E-17  2.24855E-17  2.29451E-17  
320780    4.29206E-13  4.28448E-13  4.27713E-13  
320790    2.24008E-15  2.23276E-15  2.22565E-15  
320791    1.95890E-15  1.96161E-15  1.96422E-15  
320800    1.26319E-14  1.25693E-14  1.25087E-14  
320810    3.73507E-15  3.71348E-15  3.69256E-15  
320811    1.04128E-16  1.03301E-16  1.02499E-16  
320820    2.30983E-15  2.29160E-15  2.27396E-15  
320830    3.70236E-16  3.67271E-16  3.64402E-16  
320840    1.15805E-16  1.14786E-16  1.13799E-16  
320850    7.72753E-18  7.66941E-18  7.61332E-18  
320860    2.11579E-16  2.09406E-16  2.07301E-16  
320870    1.10113E-18  1.08989E-18  1.07901E-18  
320880    1.28130E-20  1.26849E-20  1.25608E-20  
320890    3.79792E-23  3.77831E-23  3.75953E-23  
320900    4.51681E-17  5.16238E-17  5.80517E-17  
320910    6.44879E-18  7.37074E-18  8.28773E-18  
320920    6.13025E-19  7.01077E-19  7.88696E-19  
330710    0.00000E+00  0.00000E+00  0.00000E+00  
330720    4.30501E-23  4.84876E-23  5.37513E-23  
330730    2.13271E-19  2.49163E-19  2.84335E-19  
330740    9.42636E-19  1.06671E-18  1.18689E-18  
330741    2.01492E-17  2.58556E-17  3.22063E-17  
330750    1.16534E-10  1.33337E-10  1.50176E-10  
330760    4.44325E-16  4.95946E-16  5.46783E-16  
330770    4.32901E-12  4.32369E-12  4.31851E-12  
330780    4.46402E-13  4.45784E-13  4.45185E-13  
330790    9.62130E-14  9.61404E-14  9.60698E-14  
330800    7.38875E-15  7.36601E-15  7.34396E-15  
330810    2.50697E-14  2.50174E-14  2.49666E-14  
330820    1.88757E-14  1.87472E-14  1.86226E-14  
330821    1.64229E-15  1.65547E-15  1.66824E-15  
330830    1.76853E-14  1.75726E-14  1.74636E-14  
330840    2.14738E-15  2.13221E-15  2.11753E-15  
330841    1.13498E-08  1.29300E-08  1.45001E-08  
330850    1.08994E-15  1.08089E-15  1.07214E-15  
330860    2.11545E-15  2.09422E-15  2.07365E-15  
330870    1.11348E-16  1.10267E-16  1.09220E-16  
330880    4.97596E-17  4.92512E-17  4.87588E-17  
330890    8.17542E-20  8.11810E-20  8.06286E-20  
330900    1.43002E-21  1.42172E-21  1.41374E-21  
330910    1.35874E-13  1.55226E-13  1.74465E-13  
330920    1.09236E-14  1.24924E-14  1.40535E-14  
330930    1.83900E-17  2.10115E-17  2.36181E-17  
330940    1.60151E-18  1.83154E-18  2.06045E-18  
340730    0.00000E+00  0.00000E+00  0.00000E+00  
340731    0.00000E+00  0.00000E+00  0.00000E+00  
340740    2.87616E-18  3.75191E-18  4.73362E-18  
340750    1.78015E-19  2.12433E-19  2.46831E-19  
340760    7.39454E-14  9.35389E-14  1.15262E-13  
340770    8.51750E-10  9.73441E-10  1.09495E-09  
340771    1.79096E-18  1.78893E-18  1.78696E-18  
340780    2.27432E-09  2.59771E-09  2.92074E-09  
340790    4.91243E-09  5.61141E-09  6.30967E-09  
340791    4.08723E-14  4.08418E-14  4.08122E-14  
340800    1.36377E-08  1.55634E-08  1.74841E-08  
340810    8.72202E-13  8.71092E-13  8.70014E-13  
340811    1.97687E-13  1.99186E-13  2.00635E-13  
340820    3.53317E-08  4.03136E-08  4.52804E-08  
340830    2.49651E-12  2.48387E-12  2.47163E-12  
340831    9.14481E-15  9.15044E-15  9.15586E-15  
340840    5.62917E-13  5.59938E-13  5.57052E-13  
340850    6.07834E-14  6.04304E-14  6.00885E-14  
340851    4.77345E-08  5.43955E-08  6.10205E-08  
340860    6.70283E-14  6.65196E-14  6.60270E-14  
340870    1.62349E-14  1.61031E-14  1.59755E-14  
340880    2.07106E-15  2.05330E-15  2.03612E-15  
340890    1.04203E-16  1.03383E-16  1.02592E-16  
340900    1.14413E-17  1.13528E-17  1.12673E-17  
340910    1.86576E-18  1.85296E-18  1.84064E-18  
340920    5.83486E-20  5.79880E-20  5.76412E-20  
340930    1.40710E-21  1.39822E-21  1.38967E-21  
340940    9.89256E-23  9.88951E-23  9.88707E-23  
340950    4.62272E-17  5.28668E-17  5.94802E-17  
340960    1.76917E-17  2.02267E-17  2.27490E-17  
340970    2.48289E-19  2.83952E-19  3.19440E-19  
350750    0.00000E+00  0.00000E+00  0.00000E+00  
350770    1.88081E-21  2.11942E-21  2.35042E-21  
350771    1.82427E-24  2.05376E-24  2.27592E-24  
350780    3.71983E-22  4.17868E-22  4.62292E-22  
350790    2.69736E-12  3.08286E-12  3.46840E-12  
350791    2.77580E-22  3.10056E-22  3.41496E-22  
350800    1.12076E-18  1.18738E-18  1.25230E-18  
350801    1.15482E-17  1.21530E-17  1.27398E-17  
350810    2.18352E-08  2.49377E-08  2.80366E-08  
350820    1.09198E-13  1.20036E-13  1.30649E-13  
350821    1.67417E-16  1.86668E-16  2.05626E-16  
350830    1.78875E-11  1.78057E-11  1.77264E-11  
350840    5.62472E-12  5.59624E-12  5.56865E-12  
350841    2.64840E-14  2.68787E-14  2.72609E-14  
350850    4.87292E-13  4.84767E-13  4.82321E-13  
350860    3.06664E-13  3.04608E-13  3.02618E-13  
350861    2.46958E-08  2.81937E-08  3.16850E-08  
350870    4.31978E-13  4.29113E-13  4.26339E-13  
350880    1.07590E-13  1.06830E-13  1.06094E-13  
350890    1.93729E-14  1.92430E-14  1.91174E-14  
350900    4.62928E-15  4.60093E-15  4.57351E-15  
350910    5.34615E-16  5.30062E-16  5.25657E-16  
350920    5.23861E-17  5.19819E-17  5.15916E-17  
350930    2.53930E-18  2.54524E-18  2.55106E-18  
350940    2.28136E-19  2.33708E-19  2.39109E-19  
350950    2.42886E-21  2.41610E-21  2.40384E-21  
350960    6.49323E-22  6.45497E-22  6.41811E-22  
350970    5.12373E-15  5.90549E-15  6.69438E-15  
350980    1.47582E-15  1.67800E-15  1.87819E-15  
350990    5.24316E-18  5.99627E-18  6.74569E-18  
351000    9.14433E-20  1.04578E-19  1.17648E-19  
360770    0.00000E+00  0.00000E+00  0.00000E+00  
360780    0.00000E+00  0.00000E+00  0.00000E+00  
360790    6.85503E-22  7.72229E-22  8.56193E-22  
360791    0.00000E+00  0.00000E+00  0.00000E+00  
360800    2.07283E-14  2.46615E-14  2.88190E-14  
360810    1.06740E-15  1.36270E-15  1.69063E-15  
360811    1.22993E-22  1.37783E-22  1.52155E-22  
360820    1.50510E-11  1.86571E-11  2.26011E-11  
360830    5.76966E-08  6.57356E-08  7.37259E-08  
360831    1.36360E-11  1.35736E-11  1.35132E-11  
360840    8.52627E-08  9.72685E-08  1.09235E-07  
360850    1.89205E-08  2.14398E-08  2.39159E-08  
360851    4.54412E-11  4.52055E-11  4.49772E-11  
360860    1.66811E-07  1.90010E-07  2.13063E-07  
360870    4.25251E-11  4.22640E-11  4.20112E-11  
360880    1.28831E-10  1.28005E-10  1.27206E-10  
360890    3.10582E-12  3.08456E-12  3.06396E-12  
360900    5.85806E-13  5.81458E-13  5.77246E-13  
360910    1.11327E-13  1.10454E-13  1.09609E-13  
360920    1.23187E-14  1.22203E-14  1.21250E-14  
360930    2.70479E-15  2.68274E-15  2.66141E-15  
360940    1.04235E-16  1.03537E-16  1.02864E-16  
360950    6.42811E-18  6.38507E-18  6.34361E-18  
360960    1.15543E-17  1.14639E-17  1.13763E-17  
360970    4.71598E-20  5.05915E-20  5.39142E-20  
360980    2.68815E-19  2.66069E-19  2.63409E-19  
360990    1.26747E-22  1.26103E-22  1.25487E-22  
361000    2.91176E-23  2.88218E-23  2.85352E-23  
361010    1.90498E-17  2.17569E-17  2.44477E-17  
361020    1.94279E-18  2.22185E-18  2.49953E-18  
370790    0.00000E+00  0.00000E+00  0.00000E+00  
370810    3.14654E-23  3.54268E-23  3.92617E-23  
370830    8.45703E-17  9.80506E-17  1.11259E-16  
370840    1.33256E-16  1.51793E-16  1.68705E-16  
370850    6.32622E-08  7.22352E-08  8.11931E-08  
370860    3.81421E-13  4.30204E-13  4.78077E-13  
370861    3.56808E-18  3.93221E-18  4.28854E-18  
370870    2.62394E-07  2.98944E-07  3.35277E-07  
370880    1.35393E-11  1.34545E-11  1.33724E-11  
370890    1.56801E-11  1.55791E-11  1.54813E-11  
370900    2.59697E-12  2.57837E-12  2.56036E-12  
370901    1.30598E-12  1.30028E-12  1.29475E-12  
370910    1.25081E-12  1.24293E-12  1.23531E-12  
370920    8.34932E-14  8.29878E-14  8.24984E-14  
370930    8.13640E-14  8.08749E-14  8.04014E-14  
370940    1.84910E-14  1.83870E-14  1.82864E-14  
370950    1.23336E-15  1.22775E-15  1.22233E-15  
370960    2.08963E-16  2.07488E-16  2.06063E-16  
370970    2.67131E-17  2.65022E-17  2.62981E-17  
370980    3.88838E-18  3.86350E-18  3.83954E-18  
370990    2.31024E-19  2.29874E-19  2.28773E-19  
371000    6.29187E-18  6.22733E-18  6.16480E-18  
371010    5.12788E-22  5.09270E-22  5.05883E-22  
371020    4.68410E-23  4.66016E-23  4.63724E-23  
371030    4.37992E-17  5.01156E-17  5.64095E-17  
371040    5.04689E-18  5.77181E-18  6.49316E-18  
371050    1.12377E-18  1.28518E-18  1.44580E-18  
371060    0.00000E+00  0.00000E+00  0.00000E+00  
380830    3.76982E-23  4.24643E-23  4.70781E-23  
380840    2.71066E-17  3.51203E-17  4.41188E-17  
380850    1.48916E-17  1.70184E-17  1.90937E-17  
380851    6.97643E-21  7.77740E-21  8.55280E-21  
380860    3.45020E-12  4.44685E-12  5.56207E-12  
380870    2.57229E-13  3.11615E-13  3.70021E-13  
380871    2.54578E-17  2.74486E-17  2.93793E-17  
380880    3.58381E-07  4.08267E-07  4.57849E-07  
380890    7.58561E-08  7.54397E-08  7.49917E-08  
380900    6.02470E-07  6.84746E-07  7.66137E-07  
380910    7.77108E-10  7.72590E-10  7.68213E-10  
380920    2.21492E-10  2.20363E-10  2.19271E-10  
380930    1.04967E-11  1.04517E-11  1.04080E-11  
380940    1.75338E-12  1.74605E-12  1.73895E-12  
380950    4.91061E-13  4.88901E-13  4.86810E-13  
380960    1.60879E-14  1.60056E-14  1.59260E-14  
380970    3.05543E-15  3.03860E-15  3.02232E-15  
380980    2.30589E-15  2.29230E-15  2.27916E-15  
380990    1.94855E-16  1.93577E-16  1.92343E-16  
381000    3.79192E-17  3.76592E-17  3.74082E-17  
381010    3.25454E-18  3.22952E-18  3.20537E-18  
381020    1.47259E-19  1.46311E-19  1.45398E-19  
381030    3.02273E-21  3.00845E-21  2.99477E-21  
381040    2.30418E-22  2.29156E-22  2.27945E-22  
381050    5.58868E-23  5.56027E-23  5.53308E-23  
381060    9.94179E-23  1.65858E-22  2.59733E-22  
381070    0.00000E+00  0.00000E+00  0.00000E+00  
381080    0.00000E+00  0.00000E+00  0.00000E+00  
381090    0.00000E+00  0.00000E+00  0.00000E+00  
390850    0.00000E+00  0.00000E+00  0.00000E+00  
390870    2.39321E-19  2.68388E-19  2.96526E-19  
390871    0.00000E+00  0.00000E+00  0.00000E+00  
390880    1.01791E-15  1.25599E-15  1.48946E-15  
390890    4.13351E-07  4.81790E-07  5.49835E-07  
390891    2.62758E-17  2.61355E-17  2.59842E-17  
390900    1.51828E-10  1.72749E-10  1.93444E-10  
390901    5.11758E-16  5.51952E-16  5.90915E-16  
390910    1.13448E-07  1.13046E-07  1.12517E-07  
390911    3.93391E-11  3.91105E-11  3.88890E-11  
390920    2.92720E-10  2.91233E-10  2.89793E-10  
390930    8.79630E-10  8.76003E-10  8.72489E-10  
390931    6.76520E-15  6.73781E-15  6.71128E-15  
390940    2.78956E-11  2.77971E-11  2.77017E-11  
390950    1.54397E-11  1.53954E-11  1.53524E-11  
390960    8.49966E-14  8.45889E-14  8.41943E-14  
390961    7.63575E-14  7.64007E-14  7.64423E-14  
390970    4.62733E-14  4.61235E-14  4.59786E-14  
390971    8.58402E-15  8.56953E-15  8.55550E-15  
390980    4.45958E-15  4.44808E-15  4.43697E-15  
390981    9.23072E-15  9.23028E-15  9.22989E-15  
390990    1.31309E-14  1.30879E-14  1.30463E-14  
391000    2.20523E-15  2.19545E-15  2.18601E-15  
391010    6.24684E-16  6.20572E-16  6.16600E-16  
391020    3.88392E-16  3.84727E-16  3.81180E-16  
391030    9.56678E-18  9.51582E-18  9.46692E-18  
391040    1.07526E-18  1.06840E-18  1.06180E-18  
391050    7.75213E-20  7.71463E-20  7.67876E-20  
391060    0.00000E+00  0.00000E+00  0.00000E+00  
391070    0.00000E+00  0.00000E+00  0.00000E+00  
391080    0.00000E+00  0.00000E+00  0.00000E+00  
391090    4.52859E-19  5.14765E-19  5.76052E-19  
391100    8.02955E-21  9.12757E-21  1.02147E-20  
391110    9.21029E-20  1.05332E-19  1.18496E-19  
400870    0.00000E+00  0.00000E+00  0.00000E+00  
400880    7.44595E-21  8.71203E-21  9.95388E-21  
400890    4.92781E-19  6.31470E-19  7.86055E-19  
400891    0.00000E+00  0.00000E+00  0.00000E+00  
400900    9.15352E-09  1.19369E-08  1.50772E-08  
400901    8.05036E-24  8.95070E-24  9.82234E-24  
400910    5.17453E-07  6.05947E-07  6.94069E-07  
400920    6.46219E-07  7.36690E-07  8.26717E-07  
400930    6.71206E-07  7.65606E-07  8.59630E-07  
400940    6.96806E-07  7.94942E-07  8.92750E-07  
400950    1.40186E-07  1.40278E-07  1.40130E-07  
400960    7.01849E-07  8.01111E-07  9.00129E-07  
400970    1.44712E-09  1.44494E-09  1.44283E-09  
400980    6.94307E-13  6.93927E-13  6.93560E-13  
400990    4.80441E-14  4.79848E-14  4.79275E-14  
401000    1.61371E-13  1.61160E-13  1.60957E-13  
401010    2.95597E-14  2.94836E-14  2.94101E-14  
401020    2.51269E-14  2.50211E-14  2.49189E-14  
401030    3.25997E-15  3.24220E-15  3.22505E-15  
401040    6.73340E-16  6.70784E-16  6.68330E-16  
401050    2.78044E-16  2.75496E-16  2.73029E-16  
401060    6.32655E-20  6.48220E-20  6.63525E-20  
401070    1.38536E-21  1.45645E-21  1.52552E-21  
401080    2.74375E-23  2.86673E-23  2.98688E-23  
401090    1.65382E-22  1.63717E-22  1.62105E-22  
401100    3.22738E-24  3.19435E-24  3.16235E-24  
401110    2.25466E-15  2.57850E-15  2.90076E-15  
401120    7.03179E-19  8.04118E-19  9.04555E-19  
401130    5.20716E-20  5.95509E-20  6.69936E-20  
401140    2.55737E-21  2.92469E-21  3.29022E-21  
410890    0.00000E+00  0.00000E+00  0.00000E+00  
410900    0.00000E+00  0.00000E+00  0.00000E+00  
410910    3.27702E-19  4.23498E-19  5.30446E-19  
410911    0.00000E+00  0.00000E+00  0.00000E+00  
410920    3.11627E-17  3.99159E-17  4.96493E-17  
410930    1.02613E-14  1.39268E-14  1.83027E-14  
410931    1.85210E-13  2.41008E-13  3.03877E-13  
410940    9.44134E-14  1.17727E-13  1.43209E-13  
410941    8.33344E-19  9.19891E-19  1.00367E-18  
410950    7.60758E-08  7.64438E-08  7.65174E-08  
410951    8.53879E-11  8.54631E-11  8.53828E-11  
410960    3.86853E-13  3.95907E-13  4.04169E-13  
410970    1.04124E-10  1.03977E-10  1.03836E-10  
410971    1.33978E-12  1.33779E-12  1.33586E-12  
410980    6.59607E-14  6.59267E-14  6.58938E-14  
410981    4.58898E-13  4.59400E-13  4.59884E-13  
410990    2.24142E-13  2.23897E-13  2.23659E-13  
410991    1.49327E-12  1.49417E-12  1.49504E-12  
411000    3.61357E-14  3.61133E-14  3.60918E-14  
411001    4.07304E-15  4.11704E-15  4.15964E-15  
411010    1.47466E-13  1.47594E-13  1.47719E-13  
411020    5.20359E-14  5.19844E-14  5.19349E-14  
411021    4.46801E-15  4.49985E-15  4.53071E-15  
411030    1.35188E-14  1.35586E-14  1.35974E-14  
411040    1.01966E-14  1.02275E-14  1.02577E-14  
411041    1.42867E-15  1.43660E-15  1.44431E-15  
411050    4.50649E-15  4.52413E-15  4.54133E-15  
411060    1.95021E-16  1.94981E-16  1.94957E-16  
411070    1.38191E-17  1.38451E-17  1.38713E-17  
411080    9.24563E-19  9.26233E-19  9.27925E-19  
411090    3.95767E-19  3.92071E-19  3.88496E-19  
411100    1.37843E-20  1.36665E-20  1.35527E-20  
411110    5.78177E-21  5.75217E-21  5.72383E-21  
411120    3.16880E-23  3.15233E-23  3.13656E-23  
411130    1.09882E-24  1.09321E-24  1.08785E-24  
411140    4.55089E-17  5.20585E-17  5.85790E-17  
411150    5.19753E-20  5.94424E-20  6.68738E-20  
411160    3.04813E-21  3.48596E-21  3.92164E-21  
420910    0.00000E+00  0.00000E+00  0.00000E+00  
420920    0.00000E+00  0.00000E+00  0.00000E+00  
420930    7.94026E-19  1.62339E-18  2.59961E-18  
420931    3.92751E-23  4.42214E-23  4.90097E-23  
420940    1.94511E-14  2.76208E-14  3.72420E-14  
420950    4.93042E-07  5.92714E-07  6.92634E-07  
420960    3.49196E-10  4.69189E-10  6.07691E-10  
420970    6.65334E-07  7.60117E-07  8.54774E-07  
420980    6.40954E-07  7.32439E-07  8.23890E-07  
420990    5.90335E-09  5.90090E-09  5.89854E-09  
421000    7.09313E-07  8.10807E-07  9.12317E-07  
421010    1.88204E-11  1.88347E-11  1.88486E-11  
421020    1.24433E-11  1.24776E-11  1.25109E-11  
421030    9.34217E-13  9.42499E-13  9.50525E-13  
421040    5.43191E-13  5.50614E-13  5.57809E-13  
421050    1.89940E-13  1.93609E-13  1.97165E-13  
421060    2.21066E-14  2.26396E-14  2.31565E-14  
421070    3.27747E-15  3.32966E-15  3.38037E-15  
421080    3.21031E-16  3.27457E-16  3.33700E-16  
421090    5.23754E-17  5.20739E-17  5.17843E-17  
421100    8.65188E-18  8.58647E-18  8.52338E-18  
421110    9.93617E-19  9.87719E-19  9.82055E-19  
421120    1.65547E-19  1.64652E-19  1.63795E-19  
421130    4.10983E-21  4.08866E-21  4.06840E-21  
421140    1.73328E-22  1.74032E-22  1.74722E-22  
421150    4.28197E-24  4.26131E-24  4.24176E-24  
421160    8.09139E-17  9.25432E-17  1.04117E-16  
421170    1.70466E-19  1.94935E-19  2.19284E-19  
421180    2.78647E-20  3.18671E-20  3.58498E-20  
430950    0.00000E+00  0.00000E+00  0.00000E+00  
430951    0.00000E+00  0.00000E+00  0.00000E+00  
430970    5.05801E-17  7.07073E-17  9.34407E-17  
430971    6.92596E-18  8.09156E-18  9.23638E-18  
430980    1.07590E-13  1.25455E-13  1.43901E-13  
430990    6.79013E-07  7.76732E-07  8.74386E-07  
430991    4.72343E-10  4.72148E-10  4.71959E-10  
431000    9.11742E-16  1.03761E-15  1.16231E-15  
431010    1.82956E-11  1.83099E-11  1.83238E-11  
431020    9.71319E-14  9.74034E-14  9.76668E-14  
431021    1.12892E-14  1.15076E-14  1.17190E-14  
431030    7.69776E-13  7.76747E-13  7.83503E-13  
431040    1.04711E-11  1.06242E-11  1.07726E-11  
431050    2.72311E-12  2.79486E-12  2.86438E-12  
431060    1.11921E-13  1.16350E-13  1.20642E-13  
431070    3.26786E-14  3.43373E-14  3.59452E-14  
431080    2.96014E-15  3.10037E-15  3.23645E-15  
431090    2.40231E-16  2.51524E-16  2.62480E-16  
431100    9.23675E-17  9.30056E-17  9.36294E-17  
431110    9.59459E-18  9.59261E-18  9.59110E-18  
431120    2.47680E-18  2.46694E-18  2.45750E-18  
431130    3.84775E-19  3.82871E-19  3.81045E-19  
431140    6.56159E-20  6.67210E-20  6.77937E-20  
431150    3.02942E-21  3.01922E-21  3.00969E-21  
431160    5.26693E-22  5.24499E-22  5.22409E-22  
431170    4.85937E-24  4.83467E-24  4.81105E-24  
431180    1.19367E-24  1.18761E-24  1.18180E-24  
431190    1.34993E-18  1.54392E-18  1.73697E-18  
431200    4.72209E-20  5.40035E-20  6.07528E-20  
431210    3.31177E-21  3.78746E-21  4.26081E-21  
440960    0.00000E+00  0.00000E+00  0.00000E+00  
440970    4.43461E-24  5.09670E-24  5.76373E-24  
440980    1.96285E-18  2.60065E-18  3.32761E-18  
440990    2.34875E-11  2.71003E-11  3.07694E-11  
441000    8.14710E-10  1.06319E-09  1.34362E-09  
441010    5.89529E-07  6.74119E-07  7.58772E-07  
441020    5.02497E-07  5.75346E-07  6.48415E-07  
441030    4.76471E-08  4.81160E-08  4.85595E-08  
441040    2.47755E-07  2.85654E-07  3.24101E-07  
441050    9.56535E-11  9.81956E-11  1.00659E-10  
441060    5.14213E-08  5.77240E-08  6.37941E-08  
441070    3.99538E-13  4.23778E-13  4.47268E-13  
441080    2.54208E-13  2.73940E-13  2.93064E-13  
441090    1.45419E-14  1.55994E-14  1.66245E-14  
441091    2.08357E-09  2.67952E-09  3.34354E-09  
441100    3.43734E-15  3.67648E-15  3.90829E-15  
441110    3.09285E-16  3.26677E-16  3.43537E-16  
441120    1.33902E-16  1.38843E-16  1.43632E-16  
441130    3.33736E-17  3.42242E-17  3.50494E-17  
441140    8.26297E-18  8.51076E-18  8.75103E-18  
441150    2.80751E-18  2.83905E-18  2.86980E-18  
441160    1.99405E-19  1.99769E-19  2.00136E-19  
441170    2.02781E-20  2.02133E-20  2.01518E-20  
441180    2.71841E-21  2.70543E-21  2.69301E-21  
441190    1.95904E-22  1.94922E-22  1.93983E-22  
441200    6.98142E-24  6.94519E-24  6.91049E-24  
441210    8.11046E-17  9.27541E-17  1.04347E-16  
441220    4.17607E-19  4.77590E-19  5.37278E-19  
441230    9.02184E-21  1.03177E-20  1.16072E-20  
450990    0.00000E+00  0.00000E+00  0.00000E+00  
451010    4.11881E-18  5.55262E-18  7.09951E-18  
451011    3.95491E-21  4.46033E-21  4.94960E-21  
451020    3.67490E-15  4.76480E-15  5.90951E-15  
451021    5.02831E-17  5.74254E-17  6.45403E-17  
451030    3.27487E-07  3.82512E-07  4.37956E-07  
451031    4.67525E-11  4.72127E-11  4.76479E-11  
451040    7.39415E-15  8.59277E-15  9.79033E-15  
451041    3.46064E-15  4.02161E-15  4.58208E-15  
451050    7.57701E-10  7.77899E-10  7.97471E-10  
451051    6.78479E-14  6.96511E-14  7.13983E-14  
451060    4.85589E-14  5.44680E-14  6.01591E-14  
451061    9.35202E-14  9.55781E-14  9.75540E-14  
451070    2.33967E-12  2.48343E-12  2.62273E-12  
451080    1.57367E-14  1.69627E-14  1.81509E-14  
451081    1.99620E-15  2.24748E-15  2.49077E-15  
451090    3.45318E-14  3.70862E-14  3.95621E-14  
451091    1.45446E-10  1.87958E-10  2.35426E-10  
451100    1.44580E-17  1.61915E-17  1.78703E-17  
451101    8.57395E-15  9.17693E-15  9.76141E-15  
451110    1.77587E-15  1.88294E-15  1.98672E-15  
451120    1.99641E-16  2.08032E-16  2.16165E-16  
451130    2.23971E-16  2.30525E-16  2.36878E-16  
451140    8.59982E-17  8.85923E-17  9.11067E-17  
451150    2.67786E-17  2.72865E-17  2.77791E-17  
451160    7.41625E-18  7.54041E-18  7.66097E-18  
451170    2.18870E-18  2.19710E-18  2.20532E-18  
451180    3.80496E-19  3.79622E-19  3.78797E-19  
451190    4.80231E-20  4.78246E-20  4.76352E-20  
451200    5.87752E-21  5.84301E-21  5.80987E-21  
451210    3.98951E-22  3.96929E-22  3.94993E-22  
451220    1.62519E-23  1.61690E-23  1.60896E-23  
451230    0.00000E+00  0.00000E+00  0.00000E+00  
451240    3.81767E-18  4.36529E-18  4.91014E-18  
451250    5.60548E-20  6.41063E-20  7.21182E-20  
461010    0.00000E+00  0.00000E+00  0.00000E+00  
461020    4.06941E-16  6.11449E-16  8.70224E-16  
461030    2.68920E-18  3.66840E-18  4.77124E-18  
461040    2.13854E-09  2.88006E-09  3.73278E-09  
461050    1.46077E-07  1.69818E-07  1.94172E-07  
461060    2.38620E-08  3.07170E-08  3.83406E-08  
461070    3.76933E-08  4.49905E-08  5.27162E-08  
461071    1.29211E-19  1.53767E-19  1.79591E-19  
461080    1.81413E-08  2.20008E-08  2.61465E-08  
461090    2.13236E-11  2.29103E-11  2.44494E-11  
461091    6.86979E-18  8.28875E-18  9.80246E-18  
461100    6.11904E-09  7.36557E-09  8.69643E-09  
461110    2.26707E-13  2.40376E-13  2.53625E-13  
461111    4.35791E-16  4.47039E-16  4.58309E-16  
461120    7.22721E-12  7.52981E-12  7.82309E-12  
461130    7.83550E-15  8.05044E-15  8.25880E-15  
461140    9.42576E-15  9.66876E-15  9.90424E-15  
461150    1.48945E-15  1.51456E-15  1.53889E-15  
461160    5.73963E-16  5.87873E-16  6.01348E-16  
461170    2.05207E-16  2.07153E-16  2.09039E-16  
461180    4.18481E-17  4.21335E-17  4.24109E-17  
461190    6.18626E-18  6.20369E-18  6.22090E-18  
461200    5.86796E-18  5.81771E-18  5.76910E-18  
461210    1.89460E-19  1.88509E-19  1.87596E-19  
461220    2.06910E-20  2.05808E-20  2.04751E-20  
461230    3.51602E-21  3.49665E-21  3.47807E-21  
461240    7.59307E-23  7.53536E-23  7.47968E-23  
461250    1.99877E-23  1.98858E-23  1.97882E-23  
461260    0.00000E+00  0.00000E+00  0.00000E+00  
461270    0.00000E+00  0.00000E+00  0.00000E+00  
461280    1.36072E-19  1.54671E-19  1.73084E-19  
461290    0.00000E+00  0.00000E+00  0.00000E+00  
461300    6.89497E-18  7.83743E-18  8.77041E-18  
461310    0.00000E+00  0.00000E+00  0.00000E+00  
471050    0.00000E+00  0.00000E+00  0.00000E+00  
471051    0.00000E+00  0.00000E+00  0.00000E+00  
471060    1.39134E-24  1.56739E-24  1.73814E-24  
471061    1.57340E-21  1.77732E-21  1.97476E-21  
471070    2.26407E-15  3.05986E-15  4.00018E-15  
471071    1.04553E-23  1.17708E-23  1.30443E-23  
471080    2.74951E-21  3.24426E-21  3.76113E-21  
471081    8.33136E-17  1.07671E-16  1.34865E-16  
471090    8.45721E-09  1.02097E-08  1.20843E-08  
471091    1.71113E-14  1.83846E-14  1.96197E-14  
471100    8.25941E-17  9.92061E-17  1.16852E-16  
471101    1.36228E-12  1.77629E-12  2.24189E-12  
471110    1.02095E-10  1.08348E-10  1.14410E-10  
471111    1.03901E-14  1.10166E-14  1.16238E-14  
471120    1.07558E-12  1.12062E-12  1.16427E-12  
471130    1.06732E-12  1.09660E-12  1.12498E-12  
471131    5.54347E-15  5.69550E-15  5.84288E-15  
471140    3.13743E-16  3.21313E-16  3.28648E-16  
471150    7.38372E-14  7.50578E-14  7.62405E-14  
471151    9.10387E-17  9.05942E-17  9.01632E-17  
471160    1.58403E-14  1.61123E-14  1.63759E-14  
471161    7.68254E-17  7.89526E-17  8.10117E-17  
471170    4.11998E-15  4.17419E-15  4.22671E-15  
471171    4.46882E-17  4.61597E-17  4.75843E-17  
471180    1.57966E-16  1.59663E-16  1.61309E-16  
471181    3.51770E-17  3.56872E-17  3.61814E-17  
471190    8.58289E-17  8.63310E-17  8.68185E-17  
471200    2.29949E-17  2.29901E-17  2.29859E-17  
471201    1.62548E-18  1.64804E-18  1.66997E-18  
471210    1.15464E-17  1.15193E-17  1.14933E-17  
471220    1.37301E-18  1.36729E-18  1.36181E-18  
471221    4.95465E-19  4.93431E-19  4.91476E-19  
471230    6.12713E-19  6.08607E-19  6.04648E-19  
471240    3.79104E-19  3.75432E-19  3.71877E-19  
471250    7.04435E-21  7.00842E-21  6.97403E-21  
471260    0.00000E+00  0.00000E+00  0.00000E+00  
471270    0.00000E+00  0.00000E+00  0.00000E+00  
471280    0.00000E+00  0.00000E+00  0.00000E+00  
471290    0.00000E+00  0.00000E+00  0.00000E+00  
471300    1.17906E-21  1.16698E-21  1.15528E-21  
471310    1.61940E-14  1.84079E-14  2.05995E-14  
471320    4.54722E-17  5.20036E-17  5.85030E-17  
471330    2.28977E-18  2.61867E-18  2.94595E-18  
481060    0.00000E+00  0.00000E+00  0.00000E+00  
481070    0.00000E+00  0.00000E+00  0.00000E+00  
481080    2.27269E-16  3.07503E-16  4.01298E-16  
481090    2.93144E-19  4.64472E-19  6.79394E-19  
481100    4.07561E-11  5.55396E-11  7.31392E-11  
481110    3.31629E-09  3.96542E-09  4.65252E-09  
481111    1.69909E-20  2.30374E-20  3.01905E-20  
481120    2.19918E-09  2.58364E-09  2.98370E-09  
481130    6.56654E-10  6.89269E-10  7.18563E-10  
481131    2.29341E-11  2.65580E-11  3.02538E-11  
481140    3.09499E-09  3.66730E-09  4.25824E-09  
481150    1.19194E-11  1.21008E-11  1.22765E-11  
481151    1.34519E-11  1.36965E-11  1.39272E-11  
481160    1.80875E-09  2.08944E-09  2.37503E-09  
481170    4.89782E-13  4.97356E-13  5.04692E-13  
481171    1.46263E-13  1.48808E-13  1.51274E-13  
481180    1.79937E-13  1.81979E-13  1.83959E-13  
481190    6.58467E-15  6.64177E-15  6.69712E-15  
481191    2.82854E-15  2.86177E-15  2.89397E-15  
481200    3.01693E-15  3.04128E-15  3.06489E-15  
481210    4.19800E-16  4.22830E-16  4.25769E-16  
481211    1.62129E-16  1.64217E-16  1.66240E-16  
481220    3.06501E-16  3.07073E-16  3.07631E-16  
481230    9.65598E-17  9.60580E-17  9.55730E-17  
481240    6.28862E-17  6.22881E-17  6.17091E-17  
481250    1.50014E-17  1.48576E-17  1.47184E-17  
481260    1.48336E-17  1.46822E-17  1.45355E-17  
481270    1.07192E-17  1.06095E-17  1.05031E-17  
481280    3.53072E-18  3.49454E-18  3.45949E-18  
481290    3.82647E-21  3.80453E-21  3.78347E-21  
481300    5.03618E-17  4.98455E-17  4.93452E-17  
481310    3.31703E-18  3.28298E-18  3.25000E-18  
481320    4.29102E-21  4.27117E-21  4.25220E-21  
481330    5.65148E-14  6.46308E-14  7.27071E-14  
481340    6.30668E-16  7.21202E-16  8.11287E-16  
481350    5.89054E-18  6.73663E-18  7.57858E-18  
481360    2.23386E-20  2.55472E-20  2.87401E-20  
491090    0.00000E+00  0.00000E+00  0.00000E+00  
491110    0.00000E+00  0.00000E+00  0.00000E+00  
491120    0.00000E+00  1.00695E-24  1.28023E-24  
491121    0.00000E+00  0.00000E+00  0.00000E+00  
491130    6.86716E-13  9.05799E-13  1.15726E-12  
491131    0.00000E+00  0.00000E+00  0.00000E+00  
491140    3.94979E-21  5.24617E-21  6.73505E-21  
491141    1.14759E-16  1.56347E-16  2.04656E-16  
491150    1.56721E-09  1.80720E-09  2.04987E-09  
491151    1.00011E-12  1.01534E-12  1.03009E-12  
491160    5.50956E-18  6.32104E-18  7.13488E-18  
491161    2.09489E-15  2.40347E-15  2.71296E-15  
491170    1.04137E-13  1.05809E-13  1.07428E-13  
491171    3.49993E-13  3.55408E-13  3.60653E-13  
491180    2.98277E-16  3.01670E-16  3.04958E-16  
491181    1.51768E-18  1.59966E-18  1.67901E-18  
491190    4.15573E-15  4.20013E-15  4.24314E-15  
491191    3.99301E-14  4.02813E-14  4.06218E-14  
491200    1.86156E-16  1.87725E-16  1.89246E-16  
491201    4.86013E-17  4.99873E-17  5.13291E-17  
491210    9.61009E-16  9.74448E-16  9.87467E-16  
491211    5.30699E-15  5.35829E-15  5.40803E-15  
491220    9.57275E-17  9.62306E-17  9.67185E-17  
491221    5.48565E-17  5.71851E-17  5.94398E-17  
491230    2.21426E-16  2.24243E-16  2.26973E-16  
491231    1.62989E-15  1.62914E-15  1.62843E-15  
491240    1.99077E-16  1.99257E-16  1.99432E-16  
491241    4.99417E-17  5.19253E-17  5.38466E-17  
491250    8.29711E-17  8.37145E-17  8.44350E-17  
491251    4.51219E-16  4.54849E-16  4.58367E-16  
491260    6.61066E-17  6.63239E-17  6.65347E-17  
491261    2.36224E-17  2.43374E-17  2.50304E-17  
491270    2.06837E-16  2.05759E-16  2.04714E-16  
491271    1.36509E-16  1.38624E-16  1.40675E-16  
491280    6.56744E-17  6.61475E-17  6.66058E-17  
491281    4.73027E-17  4.78004E-17  4.82824E-17  
491290    7.03181E-17  6.97673E-17  6.92343E-17  
491291    1.32205E-16  1.31193E-16  1.30214E-16  
491300    9.28786E-17  9.20576E-17  9.12624E-17  
491301    1.09492E-17  1.10814E-17  1.12097E-17  
491310    1.10941E-17  1.10297E-17  1.09674E-17  
491311    8.43486E-18  8.41011E-18  8.38627E-18  
491320    7.89030E-18  7.83845E-18  7.78842E-18  
491330    3.96953E-19  3.94647E-19  3.92431E-19  
491340    3.61728E-12  4.13495E-12  4.64995E-12  
491350    3.83690E-22  3.81745E-22  3.79884E-22  
491360    1.80692E-15  2.06636E-15  2.32451E-15  
491370    3.89990E-17  4.44488E-17  4.98565E-17  
491380    5.52159E-19  6.31469E-19  7.10389E-19  
501110    0.00000E+00  0.00000E+00  0.00000E+00  
501120    3.19476E-21  4.90191E-21  7.10469E-21  
501130    1.90915E-22  3.46991E-22  4.82555E-22  
501131    0.00000E+00  0.00000E+00  0.00000E+00  
501140    4.85834E-16  7.37786E-16  1.06603E-15  
501150    7.95035E-11  9.17649E-11  1.04205E-10  
501160    1.39189E-11  1.83325E-11  2.33530E-11  
501170    1.72244E-09  1.98751E-09  2.25669E-09  
501171    1.64593E-13  1.67289E-13  1.69895E-13  
501180    1.56717E-09  1.80369E-09  2.04287E-09  
501190    1.66476E-09  1.91617E-09  2.17032E-09  
501191    3.46823E-11  3.75348E-11  4.00584E-11  
501200    1.63401E-09  1.87760E-09  2.12332E-09  
501210    5.91407E-12  5.98607E-12  6.05588E-12  
501211    1.26559E-10  1.45875E-10  1.65455E-10  
501220    1.90070E-09  2.18569E-09  2.47356E-09  
501230    6.29630E-11  6.80162E-11  7.27083E-11  
501231    1.71677E-13  1.73032E-13  1.74346E-13  
501240    3.34158E-09  3.84956E-09  4.36432E-09  
501250    4.43926E-11  4.57839E-11  4.71316E-11  
501251    6.24929E-14  6.30385E-14  6.35670E-14  
501260    6.82400E-09  7.88316E-09  8.96140E-09  
501270    3.30143E-12  3.35670E-12  3.41021E-12  
501271    6.48260E-14  6.57976E-14  6.67385E-14  
501280    5.00168E-12  5.03452E-12  5.06632E-12  
501281    4.47639E-15  4.50618E-15  4.53503E-15  
501290    1.82982E-13  1.84799E-13  1.86560E-13  
501291    3.47702E-13  3.48819E-13  3.49901E-13  
501300    5.52701E-13  5.51328E-13  5.50000E-13  
501301    2.40942E-13  2.40460E-13  2.39994E-13  
501310    1.11101E-13  1.10709E-13  1.10331E-13  
501311    1.12216E-13  1.11824E-13  1.11447E-13  
501320    1.08120E-13  1.07841E-13  1.07573E-13  
501330    9.63742E-16  9.56998E-16  9.50481E-16  
501340    1.13211E-16  1.12443E-16  1.11702E-16  
501350    1.90255E-10  2.17226E-10  2.44040E-10  
501360    9.98902E-20  9.93274E-20  9.87874E-20  
501370    2.30849E-12  2.62698E-12  2.94258E-12  
501380    1.49845E-14  1.71347E-14  1.92742E-14  
501390    1.11858E-16  1.27898E-16  1.43858E-16  
501400    5.75969E-18  6.58700E-18  7.41026E-18  
501410    1.71594E-18  1.96241E-18  2.20767E-18  
511150    0.00000E+00  0.00000E+00  0.00000E+00  
511170    0.00000E+00  0.00000E+00  0.00000E+00  
511180    0.00000E+00  0.00000E+00  0.00000E+00  
511181    1.53502E-23  1.72830E-23  1.91542E-23  
511190    3.58445E-20  4.01237E-20  4.42670E-20  
511200    6.97802E-21  7.85680E-21  8.71849E-21  
511201    3.60984E-18  4.04160E-18  4.45956E-18  
511210    1.58762E-09  1.82849E-09  2.07223E-09  
511220    1.71461E-14  1.95657E-14  2.19826E-14  
511221    2.62437E-18  2.94865E-18  3.26760E-18  
511230    1.99855E-09  2.30483E-09  2.61510E-09  
511240    3.78421E-13  4.14187E-13  4.49437E-13  
511241    1.46109E-18  1.57998E-18  1.69574E-18  
511250    3.59766E-09  4.07127E-09  4.53393E-09  
511260    3.36725E-12  3.39593E-12  3.42380E-12  
511261    3.90994E-15  3.92595E-15  3.94143E-15  
511270    2.42771E-10  2.46758E-10  2.50618E-10  
511280    3.48810E-12  3.55932E-12  3.62827E-12  
511281    9.04876E-13  9.11774E-13  9.18452E-13  
511290    3.97259E-11  4.01565E-11  4.05735E-11  
511291    5.05574E-14  5.07197E-14  5.08770E-14  
511300    7.06213E-12  7.08270E-12  7.10263E-12  
511301    1.60932E-12  1.60968E-12  1.61004E-12  
511310    1.45191E-11  1.45080E-11  1.44974E-11  
511320    1.37352E-12  1.37506E-12  1.37656E-12  
511321    8.64847E-13  8.61481E-13  8.58226E-13  
511330    1.45911E-12  1.45176E-12  1.44465E-12  
511340    1.34457E-15  1.33820E-15  1.33206E-15  
511341    1.64575E-14  1.63815E-14  1.63081E-14  
511350    1.30903E-15  1.30202E-15  1.29525E-15  
511360    9.16464E-17  9.10858E-17  9.05463E-17  
511370    1.22627E-16  1.21394E-16  1.20199E-16  
511380    1.88699E-19  1.87659E-19  1.86661E-19  
511390    2.22417E-12  2.54276E-12  2.85972E-12  
511400    1.16927E-13  1.33624E-13  1.50230E-13  
511410    3.30704E-14  3.78205E-14  4.25473E-14  
511420    2.49493E-17  2.85205E-17  3.20730E-17  
511430    2.31498E-18  2.64749E-18  2.97837E-18  
521180    0.00000E+00  0.00000E+00  0.00000E+00  
521190    0.00000E+00  0.00000E+00  0.00000E+00  
521200    1.01092E-20  1.30726E-20  1.63829E-20  
521210    1.21672E-19  1.41820E-19  1.61853E-19  
521211    4.19722E-19  5.06281E-19  5.93685E-19  
521220    9.78000E-13  1.27805E-12  1.61763E-12  
521230    3.44738E-15  4.65134E-15  6.04420E-15  
521231    1.95876E-15  2.32512E-15  2.69120E-15  
521240    1.33526E-12  1.65711E-12  2.00711E-12  
521250    5.41820E-10  7.09482E-10  8.98522E-10  
521251    3.92160E-11  4.56119E-11  5.18720E-11  
521260    1.60768E-10  1.84848E-10  2.09086E-10  
521270    2.39268E-11  2.43801E-11  2.48028E-11  
521271    9.78766E-10  1.01200E-09  1.03958E-09  
521280    4.02860E-08  4.62746E-08  5.23143E-08  
521290    9.97165E-12  1.00796E-11  1.01841E-11  
521291    1.19810E-09  1.21093E-09  1.22325E-09  
521300    2.05186E-07  2.34789E-07  2.64451E-07  
521310    1.61559E-11  1.61716E-11  1.61868E-11  
521311    2.07332E-10  2.09919E-10  2.12423E-10  
521320    4.94885E-09  4.95409E-09  4.95918E-09  
521330    1.12740E-11  1.12561E-11  1.12387E-11  
521331    4.49981E-11  4.49399E-11  4.48835E-11  
521340    6.89671E-11  6.87383E-11  6.85168E-11  
521350    2.60821E-13  2.59900E-13  2.59009E-13  
521360    9.99502E-14  9.93441E-14  9.87582E-14  
521370    4.49487E-15  4.46594E-15  4.43799E-15  
521380    5.20421E-16  5.16682E-16  5.13073E-16  
521390    1.84266E-17  1.83011E-17  1.81803E-17  
521400    1.95816E-17  1.93892E-17  1.92029E-17  
521410    3.10722E-19  3.09091E-19  3.07528E-19  
521420    5.98753E-21  5.95362E-21  5.92106E-21  
521430    5.67175E-14  6.48643E-14  7.29712E-14  
521440    4.38456E-17  5.01351E-17  5.63972E-17  
521450    4.02899E-18  4.60771E-18  5.18360E-18  
521460    2.89484E-19  3.31064E-19  3.72440E-19  
531210    0.00000E+00  0.00000E+00  0.00000E+00  
531230    1.54184E-21  1.73619E-21  1.92433E-21  
531250    1.03237E-19  1.48616E-19  1.83203E-19  
531260    3.52966E-17  4.10031E-17  4.67069E-17  
531270    1.75106E-08  2.03484E-08  2.32376E-08  
531280    1.04540E-15  1.20659E-15  1.36917E-15  
531290    6.58830E-08  7.59359E-08  8.60938E-08  
531300    2.61052E-13  2.93036E-13  3.24862E-13  
531301    1.66682E-15  1.88742E-15  2.10764E-15  
531310    8.36021E-09  8.37940E-09  8.39799E-09  
531320    1.48815E-10  1.49038E-10  1.49255E-10  
531321    3.59052E-13  3.80692E-13  4.01642E-13  
531330    2.04219E-09  2.04176E-09  2.04135E-09  
531331    1.63978E-14  1.65293E-14  1.66567E-14  
531340    9.90245E-11  9.89238E-11  9.88265E-11  
531341    3.58551E-13  3.64482E-13  3.70224E-13  
531350    6.05915E-10  6.05784E-10  6.05660E-10  
531360    9.15688E-13  9.12380E-13  9.09184E-13  
531361    2.44582E-13  2.45085E-13  2.45574E-13  
531370    3.07085E-13  3.06354E-13  3.05648E-13  
531380    4.05050E-14  4.04225E-14  4.03430E-14  
531390    7.68419E-15  7.63936E-15  7.59602E-15  
531400    6.65863E-16  6.61943E-16  6.58159E-16  
531410    8.95703E-17  8.89049E-17  8.82621E-17  
531420    7.01455E-18  6.97521E-18  6.93725E-18  
531430    5.56023E-19  5.53213E-19  5.50523E-19  
531440    5.88589E-21  5.85472E-21  5.82484E-21  
531450    3.60351E-22  3.58529E-22  3.56787E-22  
531460    5.15058E-15  5.89036E-15  6.62651E-15  
531470    6.55195E-18  7.47853E-18  8.39913E-18  
531480    4.54719E-19  5.20033E-19  5.85026E-19  
541230    0.00000E+00  0.00000E+00  0.00000E+00  
541240    0.00000E+00  0.00000E+00  0.00000E+00  
541250    0.00000E+00  0.00000E+00  0.00000E+00  
541251    0.00000E+00  0.00000E+00  0.00000E+00  
541260    1.82586E-16  2.46328E-16  3.19577E-16  
541270    3.32565E-20  4.59515E-20  6.03218E-20  
541271    0.00000E+00  0.00000E+00  0.00000E+00  
541280    8.50089E-12  1.12558E-11  1.44070E-11  
541290    2.75271E-15  3.80924E-15  5.09000E-15  
541291    4.72018E-18  6.26492E-18  8.02604E-18  
541300    9.91053E-11  1.25772E-10  1.55531E-10  
541310    3.19567E-07  3.66716E-07  4.13914E-07  
541311    1.33587E-10  1.33902E-10  1.34208E-10  
541320    4.90245E-07  5.61824E-07  6.33577E-07  
541330    1.23552E-08  1.23536E-08  1.23521E-08  
541331    1.49944E-10  1.50129E-10  1.50309E-10  
541340    8.75269E-07  1.00006E-06  1.12476E-06  
541341    5.06214E-17  5.22968E-17  5.39187E-17  
541350    7.33997E-10  7.35245E-10  7.36450E-10  
541351    4.65494E-12  4.67244E-12  4.68939E-12  
541360    8.12414E-07  9.28629E-07  1.04485E-06  
541370    5.55283E-12  5.54932E-12  5.54594E-12  
541380    2.09310E-11  2.08874E-11  2.08452E-11  
541390    7.90255E-13  7.87064E-13  7.83975E-13  
541400    1.97463E-13  1.96346E-13  1.95264E-13  
541410    9.23011E-15  9.17394E-15  9.11963E-15  
541420    2.41276E-15  2.39706E-15  2.38190E-15  
541430    4.43285E-17  4.40228E-17  4.37279E-17  
541431    4.14194E-09  4.72174E-09  5.29765E-09  
541440    5.90247E-17  5.86288E-17  5.82475E-17  
541450    6.42922E-19  6.39799E-19  6.36812E-19  
541460    9.74984E-20  9.69514E-20  9.64267E-20  
541470    1.02991E-21  1.02143E-21  1.01325E-21  
541480    1.21758E-14  1.39240E-14  1.56635E-14  
541490    1.56048E-17  1.78395E-17  2.00627E-17  
541500    1.91569E-18  2.19085E-18  2.46466E-18  
541510    2.99152E-19  3.42120E-19  3.84878E-19  
551270    0.00000E+00  0.00000E+00  0.00000E+00  
551290    0.00000E+00  0.00000E+00  0.00000E+00  
551310    2.71245E-18  3.10727E-18  3.48571E-18  
551320    8.02917E-16  8.94553E-16  9.85216E-16  
551330    7.36837E-07  8.44053E-07  9.51219E-07  
551340    9.88336E-10  1.26706E-09  1.57299E-09  
551341    8.07416E-14  9.19910E-14  1.03136E-13  
551350    6.10221E-07  6.98272E-07  7.86470E-07  
551351    8.38557E-15  9.06327E-15  9.71945E-15  
551360    5.70550E-11  6.24060E-11  6.76463E-11  
551361    4.52349E-16  4.83694E-16  5.14058E-16  
551370    6.68399E-07  7.62469E-07  8.56171E-07  
551380    5.31459E-11  5.30670E-11  5.29908E-11  
551381    1.68316E-13  1.70537E-13  1.72688E-13  
551390    1.40569E-11  1.40311E-11  1.40061E-11  
551400    1.44595E-12  1.44096E-12  1.43614E-12  
551410    4.20271E-13  4.19284E-13  4.18329E-13  
551420    1.84667E-14  1.83841E-14  1.83042E-14  
551430    1.05368E-14  1.04814E-14  1.04278E-14  
551440    1.98392E-15  1.97191E-15  1.96030E-15  
551450    2.42693E-16  2.41250E-16  2.39859E-16  
551460    1.80620E-17  1.79505E-17  1.78431E-17  
551470    2.62815E-18  2.60567E-18  2.58396E-18  
551480    9.36451E-20  9.31418E-20  9.26597E-20  
551490    5.79101E-22  5.75847E-22  5.72728E-22  
551500    5.86094E-23  5.83101E-23  5.80236E-23  
551510    1.05220E-23  1.04684E-23  1.04171E-23  
551520    3.76057E-18  4.30064E-18  4.83805E-18  
551530    2.01182E-19  2.30079E-19  2.58834E-19  
551540    0.00000E+00  0.00000E+00  0.00000E+00  
561300    0.00000E+00  0.00000E+00  0.00000E+00  
561310    0.00000E+00  0.00000E+00  0.00000E+00  
561320    4.14089E-16  5.25881E-16  6.49679E-16  
561330    6.31765E-18  8.66714E-18  1.15590E-17  
561340    1.42756E-10  2.10970E-10  2.96915E-10  
561350    1.78042E-13  2.33087E-13  2.96353E-13  
561351    1.96100E-16  2.21201E-16  2.46370E-16  
561360    1.12986E-09  1.38639E-09  1.66458E-09  
561361    1.73770E-18  1.90108E-18  2.06105E-18  
561370    9.82030E-09  1.28080E-08  1.61872E-08  
561371    1.02367E-13  1.16760E-13  1.31097E-13  
561380    7.40272E-07  8.45530E-07  9.50661E-07  
561390    1.27486E-10  1.27282E-10  1.27085E-10  
561400    2.73569E-08  2.73094E-08  2.72635E-08  
561410    2.56012E-11  2.55617E-11  2.55235E-11  
561420    1.44086E-11  1.43761E-11  1.43446E-11  
561430    3.12230E-13  3.11071E-13  3.09949E-13  
561440    1.97869E-13  1.96912E-13  1.95986E-13  
561450    3.36587E-14  3.34658E-14  3.32792E-14  
561460    8.50429E-15  8.44313E-15  8.38396E-15  
561470    9.67103E-16  9.59330E-16  9.51814E-16  
561480    8.57455E-17  8.51210E-17  8.45188E-17  
561490    5.21569E-18  5.18546E-18  5.15643E-18  
561500    4.49074E-19  4.46648E-19  4.44323E-19  
561510    6.13680E-20  6.10579E-20  6.07611E-20  
561520    8.40657E-22  8.36360E-22  8.32249E-22  
561530    2.84519E-23  2.83070E-23  2.81684E-23  
561540    4.71300E-17  5.38996E-17  6.06360E-17  
561550    2.62224E-19  2.99890E-19  3.37373E-19  
561560    1.68737E-20  1.92973E-20  2.17091E-20  
571330    0.00000E+00  0.00000E+00  0.00000E+00  
571350    7.55952E-21  8.51338E-21  9.43677E-21  
571370    1.20142E-14  1.54211E-14  1.92128E-14  
571380    3.48578E-12  4.00256E-12  4.52370E-12  
571390    7.09055E-07  8.09739E-07  9.10267E-07  
571400    3.60558E-09  3.59965E-09  3.59393E-09  
571410    3.30785E-10  3.30303E-10  3.29837E-10  
571420    1.26164E-10  1.25923E-10  1.25690E-10  
571430    1.96944E-11  1.96389E-11  1.95852E-11  
571440    8.73555E-13  8.70444E-13  8.67433E-13  
571450    3.77840E-13  3.76465E-13  3.75133E-13  
571460    4.25393E-14  4.23203E-14  4.21084E-14  
571461    2.95382E-14  2.94643E-14  2.93929E-14  
571470    1.57859E-14  1.57358E-14  1.56875E-14  
571480    2.04991E-15  2.03678E-15  2.02410E-15  
571490    4.92359E-16  4.89718E-16  4.87173E-16  
571500    7.88363E-17  7.84374E-17  7.80546E-17  
571510    1.13738E-17  1.13153E-17  1.12592E-17  
571520    7.11955E-19  7.08375E-19  7.04951E-19  
571530    5.56409E-20  5.53601E-20  5.50915E-20  
571540    1.57574E-21  1.56782E-21  1.56025E-21  
571550    3.39641E-23  3.37931E-23  3.36297E-23  
571560    2.99742E-16  3.42798E-16  3.85644E-16  
571570    5.93591E-19  6.78851E-19  7.63694E-19  
571580    1.24425E-20  1.42297E-20  1.60082E-20  
571590    6.74735E-22  7.71651E-22  8.68091E-22  
581350    0.00000E+00  0.00000E+00  0.00000E+00  
581360    0.00000E+00  0.00000E+00  0.00000E+00  
581370    8.04581E-22  9.05947E-22  1.00408E-21  
581371    0.00000E+00  0.00000E+00  0.00000E+00  
581380    9.13409E-17  1.16392E-16  1.43681E-16  
581390    8.86628E-15  1.10134E-14  1.31592E-14  
581391    3.81448E-21  4.27581E-21  4.72240E-21  
581400    6.59245E-07  7.57288E-07  8.55176E-07  
581410    6.57568E-08  6.56664E-08  6.55775E-08  
581420    6.40930E-07  7.31836E-07  8.22580E-07  
581430    2.76340E-09  2.75566E-09  2.74818E-09  
581440    3.60923E-07  3.85791E-07  4.06715E-07  
581450    2.82993E-12  2.82226E-12  2.81483E-12  
581460    9.82653E-12  9.80455E-12  9.78330E-12  
581470    4.41275E-13  4.40931E-13  4.40600E-13  
581480    3.59983E-13  3.58592E-13  3.57246E-13  
581490    1.74608E-14  1.74128E-14  1.73665E-14  
581500    7.04963E-15  7.02592E-15  7.00305E-15  
581510    8.66838E-16  8.63333E-16  8.59957E-16  
581520    1.71013E-16  1.70230E-16  1.69476E-16  
581530    1.94992E-17  1.94085E-17  1.93217E-17  
581540    1.77532E-18  1.76751E-18  1.76007E-18  
581550    1.01291E-19  1.00817E-19  1.00365E-19  
581560    4.95459E-21  4.93080E-21  4.90809E-21  
581570    1.29303E-22  1.28662E-22  1.28050E-22  
581580    3.30569E-16  3.78061E-16  4.25325E-16  
581590    1.65183E-17  1.88911E-17  2.12522E-17  
581600    4.01698E-20  4.59396E-20  5.16811E-20  
581610    5.38681E-22  6.16055E-22  6.93049E-22  
591390    6.13002E-21  7.06471E-21  7.98989E-21  
591400    1.27890E-19  1.47386E-19  1.66684E-19  
591410    5.83193E-07  6.75519E-07  7.67712E-07  
591420    1.05555E-12  1.21693E-12  1.37667E-12  
591421    4.68811E-15  5.40281E-15  6.11026E-15  
591430    2.72206E-08  2.71449E-08  2.70718E-08  
591440    1.52070E-11  1.62544E-11  1.71358E-11  
591441    6.25411E-14  6.66971E-14  7.01929E-14  
591450    3.37616E-10  3.36706E-10  3.35824E-10  
591460    1.75791E-11  1.75407E-11  1.75035E-11  
591470    7.34568E-12  7.33420E-12  7.32311E-12  
591480    9.14311E-13  9.12195E-13  9.10151E-13  
591481    2.72686E-14  2.84081E-14  2.95113E-14  
591490    6.13309E-13  6.13319E-13  6.13331E-13  
591500    1.68624E-14  1.68863E-14  1.69095E-14  
591510    2.85245E-14  2.85645E-14  2.86035E-14  
591520    2.17577E-15  2.17953E-15  2.18321E-15  
591530    9.54264E-16  9.54352E-16  9.54469E-16  
591540    1.01534E-16  1.01637E-16  1.01743E-16  
591550    8.67367E-18  8.66460E-18  8.65641E-18  
591560    1.07385E-18  1.07146E-18  1.06924E-18  
591570    1.07000E-19  1.06607E-19  1.06235E-19  
591580    1.54021E-21  1.53342E-21  1.52699E-21  
591590    5.59533E-23  5.56878E-23  5.54352E-23  
591600    3.82302E-16  4.37246E-16  4.91932E-16  
591610    1.03720E-17  1.18622E-17  1.33450E-17  
591620    1.10991E-20  1.26975E-20  1.42890E-20  
591630    4.22442E-22  4.83120E-22  5.43500E-22  
591640    5.55032E-24  6.94272E-24  8.32829E-24  
601400    3.97718E-23  5.30276E-23  6.80745E-23  
601410    1.40510E-20  1.64114E-20  1.88366E-20  
601420    1.93720E-10  2.58783E-10  3.33039E-10  
601430    6.11892E-07  7.01715E-07  7.91070E-07  
601440    2.46728E-07  3.08409E-07  3.73975E-07  
601450    4.35281E-07  4.96751E-07  5.58036E-07  
601460    3.37736E-07  3.85720E-07  4.33633E-07  
601470    8.65470E-09  8.64174E-09  8.62918E-09  
601480    1.90510E-07  2.17671E-07  2.44812E-07  
601490    2.83833E-11  2.83945E-11  2.84055E-11  
601500    7.85961E-08  9.00006E-08  1.01440E-07  
601510    1.40107E-12  1.40819E-12  1.41509E-12  
601520    8.31104E-13  8.37178E-13  8.43066E-13  
601530    2.24362E-14  2.25730E-14  2.27058E-14  
601540    8.26056E-15  8.34131E-15  8.41967E-15  
601550    9.68172E-16  9.77369E-16  9.86312E-16  
601560    1.86322E-16  1.88169E-16  1.89968E-16  
601570    1.21927E-17  1.22697E-17  1.23457E-17  
601580    1.41860E-18  1.42126E-18  1.42403E-18  
601590    8.95978E-20  8.94809E-20  8.93798E-20  
601600    5.56244E-21  5.54563E-21  5.52997E-21  
601610    2.08324E-22  2.07494E-22  2.06712E-22  
601620    2.94694E-16  3.37125E-16  3.79372E-16  
601630    1.03456E-17  1.18324E-17  1.33120E-17  
601640    2.57183E-19  2.94124E-19  3.30883E-19  
601650    1.21898E-21  1.39407E-21  1.56830E-21  
601660    5.21777E-23  5.99600E-23  6.77042E-23  
601670    0.00000E+00  0.00000E+00  0.00000E+00  
611430    0.00000E+00  0.00000E+00  0.00000E+00  
611440    3.07394E-21  3.78281E-21  4.51850E-21  
611450    9.56324E-17  1.26129E-16  1.59715E-16  
611460    2.68241E-15  3.04560E-15  3.38299E-15  
611470    2.07093E-07  2.32031E-07  2.55701E-07  
611480    3.36785E-11  3.76424E-11  4.13651E-11  
611481    1.51935E-10  1.71972E-10  1.90926E-10  
611490    8.73357E-10  8.73995E-10  8.74609E-10  
611500    2.97820E-14  3.00506E-14  3.03118E-14  
611510    1.92387E-10  1.93400E-10  1.94382E-10  
611520    3.01990E-13  3.04273E-13  3.06487E-13  
611521    2.91604E-15  3.07778E-15  3.23435E-15  
611530    2.39702E-13  2.41722E-13  2.43681E-13  
611540    3.64946E-14  3.69616E-14  3.74145E-14  
611541    5.24943E-15  5.47154E-15  5.68660E-15  
611550    7.62274E-15  7.78035E-15  7.93316E-15  
611560    2.18460E-15  2.24451E-15  2.30261E-15  
611570    3.13555E-16  3.22818E-16  3.31811E-16  
611580    3.82280E-17  3.91443E-17  4.00366E-17  
611590    2.68581E-18  2.73697E-18  2.78694E-18  
611600    4.50367E-19  4.55325E-19  4.60208E-19  
611610    3.82634E-20  3.84842E-20  3.87047E-20  
611620    6.33257E-22  6.34077E-22  6.34903E-22  
611630    5.21402E-23  5.19608E-23  5.17901E-23  
611640    5.02649E-16  5.74949E-16  6.46918E-16  
611650    2.34732E-17  2.68461E-17  3.02028E-17  
611660    9.62327E-19  1.10056E-18  1.23812E-18  
611670    7.86627E-20  8.99615E-20  1.01205E-19  
611680    1.58902E-22  1.81726E-22  2.04438E-22  
611690    4.18219E-24  5.23138E-24  6.27543E-24  
621440    0.00000E+00  0.00000E+00  0.00000E+00  
621450    9.71321E-19  1.58042E-18  2.30650E-18  
621460    2.80596E-15  4.19833E-15  5.95850E-15  
621470    3.53031E-08  4.57463E-08  5.73382E-08  
621480    1.62766E-09  2.14384E-09  2.72430E-09  
621490    2.34921E-08  2.36918E-08  2.38571E-08  
621500    1.00964E-07  1.18709E-07  1.36488E-07  
621510    3.98241E-08  4.42881E-08  4.85057E-08  
621520    4.30803E-08  5.07786E-08  5.87815E-08  
621530    1.34017E-10  1.36251E-10  1.38489E-10  
621540    1.00355E-08  1.15791E-08  1.31467E-08  
621550    2.60350E-13  2.66417E-13  2.72299E-13  
621560    3.56227E-12  3.68755E-12  3.80895E-12  
621570    2.47456E-14  2.58173E-14  2.68563E-14  
621580    8.16769E-15  8.52777E-15  8.87695E-15  
621590    9.98809E-17  1.04791E-16  1.09555E-16  
621600    2.59932E-17  2.72807E-17  2.85305E-17  
621610    2.60289E-18  2.72756E-18  2.84872E-18  
621620    1.92715E-19  2.01434E-19  2.09880E-19  
621630    2.58078E-20  2.61815E-20  2.65444E-20  
621640    3.40577E-21  3.40700E-21  3.40836E-21  
621650    2.71985E-22  2.70986E-22  2.70034E-22  
621660    1.16145E-15  1.32853E-15  1.49486E-15  
621670    8.74336E-17  9.99942E-17  1.12494E-16  
621680    4.21569E-18  4.82122E-18  5.42378E-18  
621690    1.78796E-19  2.04478E-19  2.30034E-19  
621700    0.00000E+00  0.00000E+00  0.00000E+00  
621710    6.06207E-24  7.58286E-24  9.09619E-24  
621720    0.00000E+00  0.00000E+00  0.00000E+00  
631470    0.00000E+00  0.00000E+00  0.00000E+00  
631490    9.76542E-21  1.40085E-20  1.84385E-20  
631510    1.78289E-10  2.24070E-10  2.72957E-10  
631520    1.65973E-11  2.35565E-11  3.19085E-11  
631521    3.31336E-14  4.14431E-14  5.02507E-14  
631530    2.03891E-08  2.34939E-08  2.66413E-08  
631540    2.30444E-10  2.98256E-10  3.73914E-10  
631541    8.34080E-16  9.55864E-16  1.07827E-15  
631550    3.77552E-09  4.23981E-09  4.68853E-09  
631560    2.00936E-10  2.13890E-10  2.26329E-10  
631570    2.87408E-12  3.00248E-12  3.12692E-12  
631580    7.61788E-14  7.98060E-14  8.33227E-14  
631590    1.22758E-14  1.30000E-14  1.37023E-14  
631600    1.66786E-16  1.77892E-16  1.88659E-16  
631610    4.03065E-17  4.34671E-17  4.65313E-17  
631620    4.05928E-18  4.41499E-18  4.75938E-18  
631630    8.39831E-19  8.95861E-19  9.50119E-19  
631640    7.48086E-20  7.70841E-20  7.92898E-20  
631650    1.75717E-20  1.77377E-20  1.78992E-20  
631660    8.20802E-22  8.20100E-22  8.19463E-22  
631670    9.79085E-23  9.74592E-23  9.70296E-23  
631680    1.79054E-15  2.04781E-15  2.30383E-15  
631690    1.56268E-16  1.78715E-16  2.01053E-16  
631700    7.68930E-18  8.79376E-18  9.89280E-18  
631710    2.03807E-19  2.33081E-19  2.62212E-19  
631720    4.47035E-20  5.11245E-20  5.75140E-20  
641490    0.00000E+00  0.00000E+00  0.00000E+00  
641500    3.32142E-22  6.30398E-22  1.04836E-21  
641510    9.46197E-20  1.50320E-19  2.22741E-19  
641520    7.18492E-12  1.03820E-11  1.43138E-11  
641530    5.58548E-14  8.85361E-14  1.31925E-13  
641540    7.92063E-12  1.17558E-11  1.66347E-11  
641550    2.18631E-10  2.65461E-10  3.13166E-10  
641560    3.19119E-09  3.87358E-09  4.60526E-09  
641570    1.86953E-10  1.97062E-10  2.06907E-10  
641580    1.63072E-09  1.94463E-09  2.27312E-09  
641590    7.62118E-13  8.07873E-13  8.52256E-13  
641600    9.46720E-11  1.13826E-10  1.34246E-10  
641610    4.26800E-16  4.63124E-16  4.98329E-16  
641620    3.75391E-16  4.13342E-16  4.50084E-16  
641630    2.02515E-17  2.21674E-17  2.40223E-17  
641640    4.72702E-18  5.10949E-18  5.47981E-18  
641650    3.83297E-19  4.04844E-19  4.25713E-19  
641660    7.84230E-20  8.08448E-20  8.31922E-20  
641670    1.97678E-20  1.97844E-20  1.98015E-20  
641680    6.85426E-22  6.82718E-22  6.80143E-22  
641690    5.22086E-22  5.19554E-22  5.17135E-22  
641700    2.30739E-15  2.63886E-15  2.96873E-15  
641710    2.26507E-16  2.59043E-16  2.91420E-16  
641720    5.38465E-17  6.15807E-17  6.92770E-17  
651530    0.00000E+00  0.00000E+00  0.00000E+00  
651550    5.88407E-22  6.63880E-22  7.36950E-22  
651560    3.71685E-20  4.19375E-20  4.65541E-20  
651561    7.15130E-22  8.05435E-22  8.92856E-22  
651570    3.31539E-17  4.27508E-17  5.34485E-17  
651580    1.98984E-16  2.34958E-16  2.70806E-16  
651581    3.37170E-23  3.78906E-23  4.19310E-23  
651590    2.41613E-10  2.88001E-10  3.37040E-10  
651600    1.50234E-13  1.84195E-13  2.19956E-13  
651610    1.14728E-12  1.24695E-12  1.34353E-12  
651620    3.44602E-16  3.79513E-16  4.13310E-16  
651621    1.29852E-13  1.67075E-13  2.08553E-13  
651630    3.82489E-16  4.19602E-16  4.55533E-16  
651640    2.29970E-17  2.50161E-17  2.69711E-17  
651650    7.22471E-18  7.76947E-18  8.29696E-18  
651660    7.32952E-19  7.76521E-19  8.18719E-19  
651670    2.56860E-19  2.61554E-19  2.66109E-19  
651680    5.27255E-20  5.28061E-20  5.28879E-20  
651690    5.98196E-21  5.96471E-21  5.94841E-21  
651700    2.95386E-21  2.94000E-21  2.92677E-21  
651710    1.45527E-22  1.44806E-22  1.44116E-22  
651720    5.03807E-15  5.76173E-15  6.48186E-15  
661540    0.00000E+00  0.00000E+00  0.00000E+00  
661550    0.00000E+00  0.00000E+00  0.00000E+00  
661560    0.00000E+00  0.00000E+00  0.00000E+00  
661570    0.00000E+00  0.00000E+00  0.00000E+00  
661580    1.01048E-19  1.36062E-19  1.76377E-19  
661590    5.53525E-19  6.65310E-19  7.78102E-19  
661600    2.55941E-13  3.61225E-13  4.88424E-13  
661610    3.44355E-11  4.21540E-11  5.04817E-11  
661620    1.31190E-11  1.63998E-11  2.00073E-11  
661630    5.72559E-12  7.11168E-12  8.62871E-12  
661640    2.24666E-12  2.74394E-12  3.27885E-12  
661650    5.90879E-16  6.49148E-16  7.07533E-16  
661651    5.47800E-19  6.63470E-19  7.86733E-19  
661660    9.79987E-15  1.04637E-14  1.11066E-14  
661670    5.79517E-18  5.96712E-18  6.13380E-18  
661680    4.23651E-18  4.29098E-18  4.34400E-18  
661690    1.74803E-19  1.75550E-19  1.76284E-19  
661700    7.08784E-20  7.07236E-20  7.05785E-20  
661710    7.24972E-21  7.22267E-21  7.19690E-21  
661720    4.80933E-21  4.78542E-21  4.76254E-21  
671590    0.00000E+00  0.00000E+00  0.00000E+00  
671591    0.00000E+00  0.00000E+00  0.00000E+00  
671610    7.66242E-24  8.62702E-24  9.56092E-24  
671611    0.00000E+00  0.00000E+00  0.00000E+00  
671620    1.36121E-23  1.53250E-23  1.69833E-23  
671621    5.79985E-23  6.52972E-23  7.23630E-23  
671630    4.41194E-18  5.70211E-18  7.14260E-18  
671631    0.00000E+00  0.00000E+00  0.00000E+00  
671640    3.43750E-21  3.87126E-21  4.29150E-21  
671641    3.10169E-21  3.49197E-21  3.86979E-21  
671650    1.26558E-12  1.55575E-12  1.87316E-12  
671660    3.24401E-15  3.46905E-15  3.68777E-15  
671661    5.75528E-16  7.34514E-16  9.09440E-16  
671670    1.74970E-16  1.80289E-16  1.85450E-16  
671680    1.47252E-18  1.49307E-18  1.51305E-18  
671690    1.30513E-18  1.31360E-18  1.32188E-18  
671700    4.01900E-19  4.01344E-19  4.00833E-19  
671701    2.76579E-21  2.84332E-21  2.91856E-21  
671710    7.51566E-20  7.50323E-20  7.49162E-20  
671720    5.91702E-20  5.88955E-20  5.86329E-20  
681610    0.00000E+00  0.00000E+00  0.00000E+00  
681620    0.00000E+00  0.00000E+00  0.00000E+00  
681630    0.00000E+00  0.00000E+00  0.00000E+00  
681640    1.13126E-17  1.46231E-17  1.83202E-17  
681650    3.49390E-22  4.05107E-22  4.61943E-22  
681660    6.67808E-13  8.04864E-13  9.50969E-13  
681670    3.58363E-13  4.16046E-13  4.74860E-13  
681671    4.30322E-21  4.44425E-21  4.58216E-21  
681680    2.25711E-13  2.63493E-13  3.02477E-13  
681690    3.73460E-15  3.76029E-15  3.78491E-15  
681700    6.71532E-14  7.69819E-14  8.68067E-14  
681710    3.86842E-17  3.86484E-17  3.86161E-17  
681720    4.28097E-16  4.26230E-16  4.24446E-16  
691650    0.00000E+00  0.00000E+00  0.00000E+00  
691660    0.00000E+00  0.00000E+00  0.00000E+00  
691670    0.00000E+00  0.00000E+00  1.07402E-24  
691680    6.32954E-21  7.58138E-21  8.82435E-21  
691690    1.16426E-13  1.34389E-13  1.52438E-13  
691700    4.19590E-16  5.12345E-16  6.07335E-16  
691710    3.07644E-14  3.42102E-14  3.74280E-14  
691720    5.55993E-16  5.53986E-16  5.52056E-16  
701670    0.00000E+00  0.00000E+00  0.00000E+00  
701680    0.00000E+00  0.00000E+00  0.00000E+00  
701690    4.42164E-24  6.50297E-24  8.99748E-24  
701691    0.00000E+00  0.00000E+00  0.00000E+00  
701700    3.91001E-16  5.56238E-16  7.54786E-16  
701710    7.49041E-15  9.60439E-15  1.19341E-14  
701720    6.51117E-14  7.46737E-14  8.42037E-14  
701730    7.38427E-18  9.69401E-18  1.23059E-17  
701740    6.66013E-21  1.00088E-20  1.43037E-20  
701750    0.00000E+00  0.00000E+00  0.00000E+00  
701760    0.00000E+00  0.00000E+00  0.00000E+00  
711710    0.00000E+00  0.00000E+00  0.00000E+00  
711711    0.00000E+00  0.00000E+00  0.00000E+00  
711720    0.00000E+00  0.00000E+00  0.00000E+00  
711721    0.00000E+00  0.00000E+00  0.00000E+00  
711750    3.88775E-24  7.62727E-24  1.30771E-23  
711760    0.00000E+00  0.00000E+00  0.00000E+00  
721740    0.00000E+00  0.00000E+00  0.00000E+00  
721750    0.00000E+00  0.00000E+00  0.00000E+00  
721760    0.00000E+00  0.00000E+00  0.00000E+00  
721770    0.00000E+00  0.00000E+00  0.00000E+00  
721780    0.00000E+00  0.00000E+00  0.00000E+00  
721790    0.00000E+00  0.00000E+00  0.00000E+00  
721800    0.00000E+00  0.00000E+00  0.00000E+00  
721810    0.00000E+00  0.00000E+00  0.00000E+00  
721820    0.00000E+00  0.00000E+00  0.00000E+00  
731800    0.00000E+00  0.00000E+00  0.00000E+00  
731810    0.00000E+00  0.00000E+00  0.00000E+00  
731820    0.00000E+00  0.00000E+00  0.00000E+00  
741800    0.00000E+00  0.00000E+00  0.00000E+00  
741810    0.00000E+00  0.00000E+00  0.00000E+00  
741820    0.00000E+00  0.00000E+00  0.00000E+00  
741830    0.00000E+00  0.00000E+00  0.00000E+00  
741840    0.00000E+00  0.00000E+00  0.00000E+00  
741850    0.00000E+00  0.00000E+00  0.00000E+00  
741860    0.00000E+00  0.00000E+00  0.00000E+00  
751850    0.00000E+00  0.00000E+00  0.00000E+00  
751860    0.00000E+00  0.00000E+00  0.00000E+00  
751861    0.00000E+00  0.00000E+00  0.00000E+00  
751870    0.00000E+00  0.00000E+00  0.00000E+00  
761840    0.00000E+00  0.00000E+00  0.00000E+00  
761850    0.00000E+00  0.00000E+00  0.00000E+00  
761860    0.00000E+00  0.00000E+00  0.00000E+00  
761870    0.00000E+00  0.00000E+00  0.00000E+00  
761880    0.00000E+00  0.00000E+00  0.00000E+00  
761890    0.00000E+00  0.00000E+00  0.00000E+00  
761900    0.00000E+00  0.00000E+00  0.00000E+00  
761910    0.00000E+00  0.00000E+00  0.00000E+00  
761920    0.00000E+00  0.00000E+00  0.00000E+00  
771910    0.00000E+00  0.00000E+00  0.00000E+00  
771911    0.00000E+00  0.00000E+00  0.00000E+00  
771920    0.00000E+00  0.00000E+00  0.00000E+00  
771930    0.00000E+00  0.00000E+00  0.00000E+00  
771940    0.00000E+00  0.00000E+00  0.00000E+00  
771941    0.00000E+00  0.00000E+00  0.00000E+00  
781900    0.00000E+00  0.00000E+00  0.00000E+00  
781910    0.00000E+00  0.00000E+00  0.00000E+00  
781920    0.00000E+00  0.00000E+00  0.00000E+00  
781930    0.00000E+00  0.00000E+00  0.00000E+00  
781940    0.00000E+00  0.00000E+00  0.00000E+00  
781950    0.00000E+00  0.00000E+00  0.00000E+00  
781960    0.00000E+00  0.00000E+00  0.00000E+00  
781970    0.00000E+00  0.00000E+00  0.00000E+00  
781980    0.00000E+00  0.00000E+00  0.00000E+00  
791970    0.00000E+00  0.00000E+00  0.00000E+00  
791971    0.00000E+00  0.00000E+00  0.00000E+00  
801960    0.00000E+00  0.00000E+00  0.00000E+00  
801970    0.00000E+00  0.00000E+00  0.00000E+00  
801971    0.00000E+00  0.00000E+00  0.00000E+00  
801980    0.00000E+00  0.00000E+00  0.00000E+00  
801990    0.00000E+00  0.00000E+00  0.00000E+00  
802000    0.00000E+00  0.00000E+00  0.00000E+00  
802010    0.00000E+00  0.00000E+00  0.00000E+00  
802020    0.00000E+00  0.00000E+00  0.00000E+00  
802030    0.00000E+00  0.00000E+00  0.00000E+00  
802040    0.00000E+00  0.00000E+00  0.00000E+00  
802060    0.00000E+00  0.00000E+00  0.00000E+00  
812030    0.00000E+00  0.00000E+00  0.00000E+00  
812040    0.00000E+00  0.00000E+00  0.00000E+00  
812050    0.00000E+00  0.00000E+00  0.00000E+00  
812060    0.00000E+00  0.00000E+00  0.00000E+00  
812070    1.85892E-24  2.49034E-24  3.21475E-24  
812080    2.24925E-23  3.31258E-23  4.65088E-23  
812090    0.00000E+00  0.00000E+00  0.00000E+00  
812100    0.00000E+00  0.00000E+00  0.00000E+00  
822040    0.00000E+00  0.00000E+00  0.00000E+00  
822050    0.00000E+00  0.00000E+00  0.00000E+00  
822060    3.35554E-23  6.39769E-23  1.11409E-22  
822070    5.48100E-20  8.48073E-20  1.24190E-19  
822080    2.39723E-18  4.05320E-18  6.42858E-18  
822090    0.00000E+00  0.00000E+00  0.00000E+00  
822100    1.12195E-20  1.64689E-20  2.30965E-20  
822110    1.41079E-23  1.88999E-23  2.43975E-23  
822120    1.30918E-20  1.92800E-20  2.70681E-20  
822140    1.57449E-24  2.06073E-24  2.61177E-24  
832080    0.00000E+00  0.00000E+00  0.00000E+00  
832090    1.25383E-22  1.98027E-22  2.95152E-22  
832100    6.63177E-24  9.78910E-24  1.37884E-23  
832101    0.00000E+00  0.00000E+00  0.00000E+00  
832110    0.00000E+00  1.12037E-24  1.44627E-24  
832120    1.24124E-21  1.82803E-21  2.56656E-21  
832130    0.00000E+00  0.00000E+00  0.00000E+00  
832140    1.16925E-24  1.53036E-24  1.93959E-24  
832150    0.00000E+00  0.00000E+00  0.00000E+00  
842080    0.00000E+00  0.00000E+00  0.00000E+00  
842090    0.00000E+00  0.00000E+00  0.00000E+00  
842100    7.12860E-23  1.15177E-22  1.74640E-22  
842110    0.00000E+00  0.00000E+00  0.00000E+00  
842120    0.00000E+00  0.00000E+00  0.00000E+00  
842130    0.00000E+00  0.00000E+00  0.00000E+00  
842140    0.00000E+00  0.00000E+00  0.00000E+00  
842150    0.00000E+00  0.00000E+00  0.00000E+00  
842160    0.00000E+00  0.00000E+00  0.00000E+00  
842180    0.00000E+00  0.00000E+00  0.00000E+00  
852150    0.00000E+00  0.00000E+00  0.00000E+00  
852170    0.00000E+00  0.00000E+00  0.00000E+00  
852180    0.00000E+00  0.00000E+00  0.00000E+00  
852190    0.00000E+00  0.00000E+00  0.00000E+00  
862170    0.00000E+00  0.00000E+00  0.00000E+00  
862180    0.00000E+00  0.00000E+00  0.00000E+00  
862190    0.00000E+00  0.00000E+00  0.00000E+00  
862200    1.90799E-23  2.80837E-23  3.94121E-23  
862220    3.23573E-22  4.23493E-22  5.36728E-22  
872210    0.00000E+00  0.00000E+00  0.00000E+00  
872220    0.00000E+00  0.00000E+00  0.00000E+00  
872230    0.00000E+00  0.00000E+00  0.00000E+00  
882220    0.00000E+00  0.00000E+00  0.00000E+00  
882230    6.43339E-21  8.61839E-21  1.11251E-20  
882240    1.08517E-19  1.59727E-19  2.24157E-19  
882250    2.16035E-23  2.92430E-23  3.81523E-23  
882260    5.06480E-17  6.60906E-17  8.35679E-17  
882280    1.60059E-22  2.07004E-22  2.59404E-22  
892250    1.35400E-23  1.84897E-23  2.42842E-23  
892260    0.00000E+00  0.00000E+00  0.00000E+00  
892270    5.42932E-18  7.09943E-18  8.99398E-18  
892280    2.13351E-22  2.77622E-22  3.50048E-22  
902260    0.00000E+00  0.00000E+00  0.00000E+00  
902270    1.11683E-20  1.48176E-20  1.89857E-20  
902280    2.13936E-17  3.13570E-17  4.38622E-17  
902290    3.10393E-18  4.07263E-18  5.16959E-18  
902300    8.70132E-12  9.93328E-12  1.11626E-11  
902310    1.52224E-15  1.54497E-15  1.56745E-15  
902320    5.34669E-12  6.08324E-12  6.81382E-12  
902330    2.06738E-19  2.34023E-19  2.60849E-19  
902340    6.66739E-13  6.66718E-13  6.66695E-13  
912290    1.26016E-24  1.44378E-24  1.62800E-24  
912300    4.24726E-21  4.90864E-21  5.56411E-21  
912310    4.25745E-13  4.89971E-13  5.54935E-13  
912320    4.57704E-17  5.24360E-17  5.91233E-17  
912330    1.20769E-15  1.40759E-15  1.60763E-15  
912340    1.23607E-17  1.23608E-17  1.23610E-17  
912341    2.22669E-17  2.22662E-17  2.22655E-17  
922300    3.64914E-22  4.28670E-22  4.90042E-22  
922310    2.67734E-24  3.42845E-24  4.26675E-24  
922320    5.59844E-15  7.29345E-15  9.21285E-15  
922330    3.51685E-13  4.03945E-13  4.55887E-13  
922340    2.43655E-06  2.43379E-06  2.43104E-06  
922350    3.15625E-04  3.13973E-04  3.12338E-04  
922351    5.67874E-13  5.67036E-13  5.66269E-13  
922360    1.94446E-06  2.21012E-06  2.47304E-06  
922370    6.60504E-10  6.67067E-10  6.73552E-10  
922380    4.51484E-02  4.51469E-02  4.51454E-02  
922390    5.12556E-10  5.09942E-10  5.07440E-10  
922400    5.11384E-15  5.06199E-15  5.01261E-15  
922410    4.48535E-22  4.41738E-22  4.35297E-22  
932340    0.00000E+00  0.00000E+00  0.00000E+00  
932350    2.36669E-18  3.05908E-18  3.80860E-18  
932360    1.30311E-15  1.71786E-15  2.18553E-15  
932361    9.71500E-23  1.25048E-22  1.55031E-22  
932370    2.80677E-08  3.24928E-08  3.69531E-08  
932380    2.73707E-12  3.15550E-12  3.57376E-12  
932390    7.41495E-08  7.37713E-08  7.34094E-08  
932400    3.11897E-14  3.08734E-14  3.05722E-14  
932401    6.71139E-15  6.64335E-15  6.57854E-15  
932410    1.24693E-21  1.22803E-21  1.21013E-21  
942360    9.60842E-21  1.43885E-20  2.03903E-20  
942370    3.99767E-16  4.70752E-16  5.33987E-16  
942380    1.97019E-10  2.60158E-10  3.32298E-10  
942390    9.49522E-06  1.07443E-05  1.19650E-05  
942400    2.21662E-07  2.85324E-07  3.56037E-07  
942410    4.98665E-09  7.30152E-09  1.01925E-08  
942420    3.97483E-11  6.65406E-11  1.04589E-10  
942430    1.89260E-16  3.15327E-16  4.93344E-16  
942440    3.21195E-19  6.27588E-19  1.13348E-18  
942450    0.00000E+00  0.00000E+00  0.00000E+00  
942460    0.00000E+00  0.00000E+00  0.00000E+00  
952400    2.49837E-20  4.18632E-20  6.57789E-20  
952410    7.70425E-11  1.29322E-10  2.03672E-10  
952420    1.12178E-14  1.87545E-14  2.94174E-14  
952421    8.87804E-14  1.67617E-13  2.92682E-13  
952430    6.18245E-14  1.18258E-13  2.09316E-13  
952440    8.41360E-20  1.60249E-19  2.82437E-19  
952441    5.43340E-20  1.03407E-19  1.82143E-19  
952450    1.35020E-24  2.55975E-24  4.49158E-24  
952461    0.00000E+00  0.00000E+00  0.00000E+00  
962400    0.00000E+00  0.00000E+00  0.00000E+00  
962410    1.74728E-21  3.37378E-21  5.95674E-21  
962420    6.75955E-13  1.24624E-12  2.12634E-12  
962430    2.02485E-16  4.28738E-16  8.25168E-16  
962440    1.72548E-16  3.77790E-16  7.51162E-16  
962450    8.91783E-20  2.24111E-19  5.01245E-19  
962460    1.45437E-22  4.19304E-22  1.05838E-21  
962470    0.00000E+00  0.00000E+00  0.00000E+00  
962480    0.00000E+00  0.00000E+00  0.00000E+00  
962490    0.00000E+00  0.00000E+00  0.00000E+00  
962500    0.00000E+00  0.00000E+00  0.00000E+00  
972450    0.00000E+00  0.00000E+00  0.00000E+00  
972460    0.00000E+00  0.00000E+00  0.00000E+00  
972470    0.00000E+00  0.00000E+00  0.00000E+00  
972480    0.00000E+00  0.00000E+00  0.00000E+00  
972490    0.00000E+00  0.00000E+00  0.00000E+00  
972500    0.00000E+00  0.00000E+00  0.00000E+00  
972510    0.00000E+00  0.00000E+00  0.00000E+00  
982460    0.00000E+00  0.00000E+00  0.00000E+00  
982470    0.00000E+00  0.00000E+00  0.00000E+00  
982480    0.00000E+00  0.00000E+00  0.00000E+00  
982490    0.00000E+00  0.00000E+00  0.00000E+00  
982500    0.00000E+00  0.00000E+00  0.00000E+00  
982510    0.00000E+00  0.00000E+00  0.00000E+00  
982520    0.00000E+00  0.00000E+00  0.00000E+00  
982530    0.00000E+00  0.00000E+00  0.00000E+00  
982540    0.00000E+00  0.00000E+00  0.00000E+00  
992510    0.00000E+00  0.00000E+00  0.00000E+00  
992520    0.00000E+00  0.00000E+00  0.00000E+00  
992530    0.00000E+00  0.00000E+00  0.00000E+00  
992540    0.00000E+00  0.00000E+00  0.00000E+00  
992541    0.00000E+00  0.00000E+00  0.00000E+00  
992550    0.00000E+00  0.00000E+00  0.00000E+00  
1002540   0.00000E+00  0.00000E+00  0.00000E+00  
1002550   0.00000E+00  0.00000E+00  0.00000E+00  
