10010|0: 0 0.0,
10020|1: 1 0.0,
10030|2: 2 -1.7828318129580114e-09,
20030|3: 3 0.0, 2 1.7828318129580114e-09,
20040|4: 4 0.0,
30060|5: 5 0.0,
30070|6: 6 0.0, 7 1.5074282830926496e-07,
40070|7: 7 -1.5074282830926496e-07,
40090|8: 8 0.0,
40100|9: 9 -1.4546024942498642e-14,
50100|10: 10 0.0, 9 1.4546024942498642e-14,
50110|11: 11 0.0,
60120|12: 12 0.0,
60130|13: 13 0.0,
60140|14: 14 -3.853429438619205e-12,
70140|15: 15 0.0, 14 3.853429438619205e-12,
70150|16: 16 0.0,
80160|17: 17 0.0,
80170|18: 18 0.0,
80180|19: 19 0.0,
90190|20: 20 0.0,
100200|21: 21 0.0,
100210|22: 22 0.0,
100220|23: 23 0.0, 24 8.439120722711942e-09,
110220|24: 24 -8.439120722711942e-09,
110230|25: 25 0.0,
120240|26: 26 0.0,
120250|27: 27 0.0,
120260|28: 28 0.0, 29 0.10923961113281619,
130261|29: 29 -0.10923961113281619,
130270|30: 30 0.0,
140280|31: 31 0.0,
140290|32: 32 0.0,
140300|33: 33 0.0,
140310|34: 34 -7.344216789149664e-05,
140320|35: 35 -1.4355896381134294e-10,
150310|36: 36 0.0, 34 7.344216789149664e-05,
150320|37: 37 -5.62473367761576e-07, 35 1.4355896381134294e-10,
160320|38: 38 0.0, 37 5.62473367761576e-07,
160330|39: 39 0.0,
160340|40: 40 0.0,
160350|41: 41 -9.167570627679197e-08,
160360|42: 42 0.0, 44 1.38646365562942e-15,
170350|43: 43 0.0, 41 9.167570627679197e-08,
170360|44: 44 -7.297177134891685e-14,
170370|45: 45 0.0, 47 2.2895337363993093e-07,
180360|46: 46 0.0, 44 7.158530769328742e-14,
180370|47: 47 -2.2895337363993093e-07,
180380|48: 48 0.0,
180390|49: 49 -8.16524911161334e-11,
180400|50: 50 0.0, 53 1.911333915859274e-18,
180410|51: 51 -0.0001053959767296088,
190390|52: 52 0.0, 49 8.16524911161334e-11,
190400|53: 53 -1.7599759814542116e-17,
190410|54: 54 0.0, 51 0.0001053959767296088, 56 2.1533799972659598e-13,
200400|55: 55 0.0, 53 1.568842589868284e-17,
200410|56: 56 -2.1533799972659598e-13,
200420|57: 57 0.0,
200430|58: 58 0.0,
200440|59: 59 0.0,
200450|60: 60 -4.9336074633257074e-08,
200460|61: 61 0.0,
200470|62: 62 -1.7686386684696622e-06,
200480|63: 63 -9.549796928180182e-28,
210450|64: 64 0.0, 60 4.933513724783904e-08, 65 2.1797081149683812,
210451|65: 65 -2.1797081149683812, 60 9.373854180318845e-13,
210470|66: 66 -2.3953581407948457e-06, 62 1.7686386684696622e-06,
210480|67: 67 -4.408996645039471e-06, 63 2.3874492320450454e-28,
220460|68: 68 0.0,
220470|69: 69 0.0, 66 2.3953581407948457e-06,
220480|70: 70 0.0, 67 4.408996645039471e-06,
220490|71: 71 0.0, 74 2.4310717612231527e-08,
220500|72: 72 0.0, 75 1.3021827676961258e-25,
220660|73: 73 0.0,
230490|74: 74 -2.4310717612231527e-08,
230500|75: 75 -1.5688949008387058e-25,
230510|76: 76 0.0, 82 2.8961137666133746e-07,
230660|77: 77 0.0,
230670|78: 78 0.0,
230680|79: 79 0.0,
230690|80: 80 0.0,
240500|81: 81 0.0, 75 2.6671213314258e-26,
240510|82: 82 -2.8961137666133746e-07,
240520|83: 83 0.0,
240530|84: 84 0.0,
240540|85: 85 0.0, 91 2.5709158029900312e-08,
240660|86: 86 -69.31471805599453,
240670|87: 87 -13.862943611198904,
240680|88: 88 0.0,
240690|89: 89 0.0,
240710|90: 90 0.0,
250540|91: 91 -2.5709158029900312e-08,
250550|92: 92 0.0, 103 8.004563602096512e-09,
250660|93: 93 -10.830424696249144, 86 69.31471805599453,
250670|94: 94 -14.747812352339261, 87 13.862943611198904,
250680|95: 95 -24.755256448569472,
250690|96: 96 -49.510512897138945,
250700|97: 97 0.0,
250710|98: 98 0.0,
250720|99: 99 0.0,
250730|100: 100 0.0,
250740|101: 101 0.0,
260540|102: 102 0.0,
260550|103: 103 -8.004563602096512e-09,
260560|104: 104 0.0,
260570|105: 105 0.0,
260580|106: 106 0.0, 118 1.132167944334556e-07,
260660|107: 107 -1.575334501272603, 93 9.652074489297238,
260670|108: 108 -1.66621918403833, 94 14.747812352339261,
260680|109: 109 -3.7066694147590655, 95 18.490196146565513,
260690|110: 110 -6.359148445504085, 96 49.510512897138945,
260700|111: 111 -7.373906176169631,
260710|112: 112 -24.755256448569472,
260720|113: 113 -4620981.203732969,
260730|114: 114 0.0,
260740|115: 115 0.0,
260750|116: 116 0.0,
260770|117: 117 0.0,
270580|118: 118 -1.132167944334556e-07, 119 2.1158338844931175e-05,
270581|119: 119 -2.1158338844931175e-05,
270590|120: 120 0.0, 136 2.890064045563861e-13,
270660|121: 121 -3.465735902799726, 107 1.575334501272603,
270670|122: 122 -1.630934542493989, 108 1.66621918403833,
270680|123: 123 -3.4831516611052526, 109 3.7066694147590655,
270690|124: 124 -3.150669002545206, 110 6.359148445504085,
270700|125: 125 -5.8247662231928174, 111 7.373906176169631,
270710|126: 126 -8.774014943796775, 112 24.755256448569472,
270720|127: 127 -11.571739241401424, 113 3345590.3915026695,
270730|128: 128 -16.906028794145005,
270740|129: 129 -23.104906018664845,
270750|130: 130 -20.38668178117486,
270760|131: 131 0.0,
270770|132: 132 0.0,
270780|133: 133 0.0,
270790|134: 134 0.0,
280580|135: 135 0.0,
280590|136: 136 -2.890064045563861e-13,
280600|137: 137 0.0,
280610|138: 138 0.0,
280620|139: 139 0.0,
280630|140: 140 -2.1704054025041888e-10,
280640|141: 141 0.0, 159 9.323096082643676e-06,
280660|142: 142 -3.526389807488529e-06, 121 3.465735902799726,
280670|143: 143 -0.033007008598092635, 122 1.630934542493989,
280680|144: 144 -0.02390162691586018, 123 3.4831516611052526,
280690|145: 145 -0.06080238425964432, 124 3.150669002545206,
280700|146: 146 -0.11552453009332421, 125 5.8247662231928174,
280710|147: 147 -0.27076061740622864, 126 8.54501315376368,
280720|148: 148 -0.4414950194649333, 127 10.900416361050763,
280730|149: 149 -0.8251752149523158, 128 16.00649281406614,
280740|150: 150 -1.019334089058743, 129 20.962203244305904,
280750|151: 151 -1.1552453009332422, 130 18.927240005824114,
280760|152: 152 -2.9123831115964087,
280770|153: 153 -11.363068533769596,
280780|154: 154 -6.301338005090412,
280790|155: 155 0.0,
280800|156: 156 0.0,
280810|157: 157 0.0,
290630|158: 158 0.0, 140 2.1704054025041888e-10,
290640|159: 159 -1.5159505825436871e-05,
290650|160: 160 0.0, 183 3.2888609603519963e-08,
290660|161: 161 -0.0022563384783852386, 142 3.526389807488529e-06,
290670|162: 162 -3.1140366082625535e-06, 143 0.033007008598092635,
290680|163: 163 -0.022287690693245828, 144 0.02390162691586018, 164 0.0025877494740904625,
290681|164: 164 -0.003080654135821979,
290690|165: 165 -0.004053492283976288, 145 0.06080238425964432,
290700|166: 166 -0.015576341136178546, 146 0.11552453009332421, 167 0.010082140808144659,
290701|167: 167 -0.02100446001696804,
290710|168: 168 -0.035546009259484375, 147 0.27076061740622864,
290720|169: 169 -0.10454708605730699, 148 0.4414950194649333,
290730|170: 170 -0.16503504299046315, 149 0.8204906952570314,
290740|171: 171 -0.39608410317711157, 150 1.00499919376431,
290750|172: 172 -0.5662967161437462, 151 1.0182447606955691,
290760|173: 173 -1.061481134088737, 152 2.2087804756658325,
290770|174: 174 -1.4779257581235508, 153 5.073041946901436,
290780|175: 175 -2.0690960613729708, 154 4.190515800145225,
290790|176: 176 -3.6869530880848154,
290800|177: 177 -4.077336356234972,
290810|178: 178 0.0,
290820|179: 179 0.0,
290830|180: 180 0.0,
290840|181: 181 0.0,
300640|182: 182 0.0, 159 5.836409742793195e-06,
300650|183: 183 -3.2888609603519963e-08,
300660|184: 184 0.0, 161 0.0022563384783852386, 208 2.0288818070481948e-05,
300670|185: 185 0.0, 162 3.1140366082625535e-06, 209 2.4596171922314787e-06,
300680|186: 186 0.0, 163 0.022287690693245828, 164 0.0004929046617315167, 210 0.00017061664465119512,
300690|187: 187 -0.00020483072711582307, 165 0.004053492283976288, 188 1.3988179142247264e-05,
300691|188: 188 -1.3992796765179774e-05,
300700|189: 189 0.0, 166 0.015576341136178546, 167 0.010922319208823382, 212 2.2405419743738376e-06,
300710|190: 190 -0.004715286942584662, 168 0.035546009259484375,
300711|191: 191 -4.862143522446305e-05,
300720|192: 192 -4.140664161051047e-06, 169 0.10454708605730699,
300730|193: 193 -0.029495624704678522, 170 0.1649871828279959,
300740|194: 194 -0.007250493520501521, 171 0.3957870400997287,
300750|195: 195 -0.06795560593724954, 172 0.5464763310787151,
300760|196: 196 -0.12160476851928864, 173 1.0296367000660747,
300770|197: 197 -0.333243836807666, 174 1.2192887504519294,
300780|198: 198 -0.47152869425846616, 175 1.3023097519887616,
300790|199: 199 -0.6966303322210505, 176 1.6591288896381668,
300800|200: 200 -1.2836058899258245, 177 1.7175371667004196,
300810|201: 201 -2.166084939249829,
300820|202: 202 -13.32975347230664,
300830|203: 203 -16.119701873487102,
300840|204: 204 0.0,
300850|205: 205 0.0,
300860|206: 206 0.0,
300870|207: 207 0.0,
310660|208: 208 -2.0288818070481948e-05,
310670|209: 209 -2.4596171922314787e-06,
310680|210: 210 -0.00017061664465119512, 234 2.9608894475459108e-08,
310690|211: 211 0.0, 187 0.00020483072711582307, 188 4.617622932509326e-09, 235 4.930624417128648e-06,
310700|212: 212 -0.0005464736522863018,
310710|213: 213 0.0, 190 0.004715286942584662, 191 4.862143522446305e-05, 237 7.018842355237448e-07,
310720|214: 214 -1.3655381807721538e-05, 192 3.994660202068226e-06, 215 17.468426929434106,
310721|215: 215 -17.468426929434106, 192 1.4600188865074045e-07,
310730|216: 216 -3.9617465738451376e-05, 193 0.029495624704678522,
310740|217: 217 -0.0014227158878488205, 194 0.007250493520501521, 218 0.05472214583367989,
310741|218: 218 -0.07296286111157319,
310750|219: 219 -0.005501168099682105, 195 0.06795560593724954,
310760|220: 220 -0.021262183452759056, 196 0.12160476851928864,
310770|221: 221 -0.0525111500424201, 197 0.333243836807666,
310780|222: 222 -0.1361782280078478, 198 0.47152869425846616,
310790|223: 223 -0.2434658168457834, 199 0.6875741379021769,
310800|224: 224 -0.4135723034367215, 200 1.2707698310265663,
310810|225: 225 -0.5695539692357808, 201 2.003628568806092,
310820|226: 226 -1.1571739241401424, 202 8.782041480159783,
310830|227: 227 -2.249747421486353, 203 14.807477542475885,
310840|228: 228 -8.154672712469944,
310850|229: 229 0.0,
310860|230: 230 -23.90162691586018,
310870|231: 231 0.0,
310880|232: 232 0.0,
310890|233: 233 0.0,
320680|234: 234 -2.9608894475459108e-08,
320690|235: 235 -4.930624417128648e-06,
320700|236: 236 0.0, 212 0.000544233110311928,
320710|237: 237 -7.018842355237448e-07, 238 33.961155343456404, 265 2.9485587058020475e-06,
320711|238: 238 -33.961155343456404,
320720|239: 239 0.0, 214 1.3655381807721538e-05, 266 7.4054185957259116e-06,
320730|240: 240 0.0, 216 5.851103514911884e-07, 241 1.389072506132155,
320731|241: 241 -1.389072506132155, 216 3.9032355386960184e-05, 267 9.990705868040354e-08,
320740|242: 242 0.0, 217 0.0014227158878488205, 218 0.018240715277893296, 268 2.9796665157950663e-07,
320750|243: 243 -0.00013955608853989394, 219 0.005298939659169691, 244 0.014527028016892604,
320751|244: 244 -0.014531387433122541, 219 0.00020223064097965373,
320760|245: 245 0.0, 220 0.021262183452759056,
320770|246: 246 -1.7039016237953423e-05, 221 0.0525111500424201, 247 0.002489564542653868,
320771|247: 247 -0.01310297127712562,
320780|248: 248 -0.00013127787510605024, 222 0.1361782280078478,
320790|249: 249 -0.03651987252686751, 223 0.2311578894067785, 250 0.0007109201851896876,
320791|250: 250 -0.017773004629742187, 223 0.012091194168848771,
320800|251: 251 -0.02349651459525238, 224 0.41001558162716567,
320810|252: 252 -0.0912035763894665, 225 0.26554257752282884,
320811|253: 253 -0.0912035763894665, 225 0.23623446937389406,
320820|254: 254 -0.15234003968350446, 226 1.030636955535418,
320830|255: 255 -0.37467415165402446, 227 0.5775776555181915,
320840|256: 256 -0.7265693716561271, 228 6.851556013017246,
320850|257: 257 -1.2956022066541033,
320860|258: 258 -7.296286111157318, 230 5.677305638070437,
320870|259: 259 -4.951051289713894,
320880|260: 260 -10.50223000848402,
320890|261: 261 -17.773004629742186,
320900|262: 262 0.0,
320910|263: 263 0.0,
320920|264: 264 0.0,
330710|265: 265 -2.9485587058020475e-06,
330720|266: 266 -7.4054185957259116e-06,
330730|267: 267 -9.990705868040354e-08, 292 2.6928794893548767e-05, 293 7.953196292856995e-05,
330740|268: 268 -4.5146462360531307e-07,
330741|269: 269 0.0,
330750|270: 270 0.0, 243 0.00013955608853989394, 244 4.359416229936762e-06, 295 6.697138914964833e-08,
330760|271: 271 -7.337686108569881e-06,
330770|272: 272 -4.958559966234192e-06, 246 1.7039016237953423e-05, 247 0.010613406734471753,
330780|273: 273 -0.00012736993395074335, 248 0.00013127787510605024,
330790|274: 274 -0.001282181244099048, 249 0.03651987252686751, 250 0.0170620844445525,
330800|275: 275 -0.04560178819473325, 251 0.02349651459525238,
330810|276: 276 -0.020815230647445806, 252 0.0912035763894665, 253 0.0912035763894665,
330820|277: 277 -0.03629042830156781, 254 0.15234003968350446,
330821|278: 278 -0.050966704452937155,
330830|279: 279 -0.05172740153432427, 255 0.37467415165402446,
330840|280: 280 -0.16503504299046315, 256 0.6524592957472022,
330841|281: 281 0.0,
330850|282: 282 -0.3429723802869596, 257 1.2773290331314537,
330860|283: 283 -0.7334890799576141, 258 6.917134603391028,
330870|284: 284 -1.2377628224284736, 259 4.746874885577383,
330880|285: 285 -6.188814112142368, 260 9.994174129593597,
330890|286: 286 -11.748257297626193, 261 13.611455595688053,
330900|287: 287 -16.119701873487102,
330910|288: 288 0.0,
330920|289: 289 0.0,
330930|290: 290 0.0,
330940|291: 291 0.0,
340730|292: 292 -2.6928794893548767e-05, 293 0.0002107306754968678,
340731|293: 293 -0.00029026263842543774,
340740|294: 294 0.0, 268 1.5349797202580647e-07,
340750|295: 295 -6.697138914964833e-08, 323 0.00011946693908306538,
340760|296: 296 0.0, 271 7.337686108569881e-06,
340770|297: 297 0.0, 272 4.942052920106598e-06, 298 0.03992783298156367, 324 3.3757715899281415e-06,
340771|298: 298 -0.03992783298156367, 272 1.6505360217205106e-08,
340780|299: 299 0.0, 273 0.00012736993395074335, 326 0.0017910779859430111,
340790|300: 300 -7.445597777750933e-14, 274 3.037000138397887e-05, 301 0.0029454039886855094,
340791|301: 301 -0.002947054339115414, 274 0.001251811499151318,
340800|302: 302 0.0, 275 0.04560178819473325, 329 5.4233800892228e-05,
340810|303: 303 -0.0006261492145979632, 276 0.020068172019508976, 304 0.0002015810275540793,
340811|304: 304 -0.0002016838863361107, 276 0.0007470523833676357,
340820|305: 305 0.0, 277 0.03629042830156781, 278 0.050966704452937155,
340830|306: 306 -0.0005180472201494359, 279 0.05172740153432427,
340831|307: 307 -0.009887976898144727,
340840|308: 308 -0.0035436972421265095, 280 0.1647379799130803,
340850|309: 309 -0.021865841658042437, 282 0.1392467863965056,
340851|310: 310 0.0,
340860|311: 311 -0.04847183080838778, 283 0.47309605563818136,
340870|312: 312 -0.12602676010180824, 284 0.7467175555146496,
340880|313: 313 -0.4530373729149969, 285 3.6532569703976403,
340890|314: 314 -1.6906028794145007, 286 0.00011748257297626193,
340900|315: 315 -4.305261991055561, 287 9.40471766404858,
340910|316: 316 -2.567211779851649,
340920|317: 317 -7.453195489891885,
340930|318: 318 -11.179793234837827,
340940|319: 319 -11.748257297626193,
340950|320: 320 0.0,
340960|321: 321 0.0,
340970|322: 322 0.0,
350750|323: 323 -0.00011946693908306538,
350770|324: 324 -3.3757715899281415e-06, 325 0.0026991712638627153, 354 0.00015527490603941426,
350771|325: 325 -0.0026991712638627153,
350780|326: 326 -0.0017910779859430111,
350790|327: 327 0.0, 300 7.445597777750933e-14, 301 1.6503504299046316e-06, 328 0.14262287665842494, 356 5.4948882274221945e-06,
350791|328: 328 -0.14262287665842494,
350800|329: 329 -0.0006534192878581686, 330 4.3556358667316754e-05,
350801|330: 330 -4.3556358667316754e-05,
350810|331: 331 0.0, 303 0.0006261492145979632, 304 1.0285878203141646e-07, 359 9.591489057368523e-14, 360 1.3227999629006592e-06,
350820|332: 332 -5.457207263393657e-06, 333 0.001839346515025847,
350821|333: 333 -0.0018845763473625482,
350830|334: 334 -8.022536812036404e-05, 306 0.0005180472201494359, 307 0.009887976898144727,
350840|335: 335 -0.0003637422232157564, 308 0.0035436972421265095,
350841|336: 336 -0.001925408834888737,
350850|337: 337 -0.003983604485976697, 309 0.021865841658042437,
350860|338: 338 -0.012602676010180823, 311 0.04847183080838778,
350861|339: 339 0.0,
350870|340: 340 -0.012455474942676466, 312 0.12577470658160464,
350880|341: 341 -0.04255047148925386, 313 0.4500020225164664,
350890|342: 342 -0.15753345012726028, 314 1.5587358548201697,
350900|343: 343 -0.3610141565416382, 315 4.269704832271433,
350910|344: 344 -1.281233235785481, 316 2.535103662121044,
350920|345: 345 -2.020837261107712, 317 7.308007241748791,
350930|346: 346 -6.795560593724955, 318 7.57900542976126,
350940|347: 347 -9.902102579427789, 319 8.384613750742838,
350950|348: 348 -10.50223000848402,
350960|349: 349 -16.503504299046316,
350970|350: 350 0.0,
350980|351: 351 0.0,
350990|352: 352 0.0,
351000|353: 353 0.0,
360770|354: 354 -0.00015527490603941426,
360780|355: 355 0.0,
360790|356: 356 -5.4948882274221945e-06, 357 0.013862943611198907, 384 0.0005044739305385337,
360791|357: 357 -0.013862943611198907,
360800|358: 358 0.0, 329 0.0005991854869659407,
360810|359: 359 -9.591489057368523e-14, 360 0.052910675716063456, 385 1.8225266436456666e-06,
360811|360: 360 -0.05291199851602636, 385 4.0290527487779024e-05,
360820|361: 361 0.0, 332 5.457207263393657e-06, 333 4.522983233670116e-05,
360830|362: 362 0.0, 334 1.927815595932348e-08, 363 0.00010521359753490366, 386 2.395239117191778e-08,
360831|363: 363 -0.00010521359753490366, 334 8.020611403201515e-05, 386 6.911638828863432e-08,
360840|364: 364 0.0, 335 0.0003637422232157564, 336 0.001925408834888737, 387 2.3490714316580232e-07,
360850|365: 365 -2.042067620096824e-09, 337 6.478137615095305e-06, 366 9.19726541665602e-06,
360851|366: 366 -4.297787577876645e-05, 337 0.003977127145082499,
360860|367: 367 0.0, 338 0.012602676010180823, 389 2.2391256485051533e-11,
360870|368: 368 -0.00015140829632152584, 340 0.012131632594166877,
360880|369: 369 -6.77960857355189e-05, 341 0.03975065046526095,
360890|370: 370 -0.0036674453997880704, 342 0.13579383400969836,
360900|371: 371 -0.02144638553712702, 343 0.2700385890931454,
360910|372: 372 -0.08088065117385593, 344 1.281233235785481,
360920|373: 373 -0.37671042421736156, 345 1.7468521452467285,
360930|374: 374 -0.5389946971694753, 346 4.986514408069435,
360940|375: 375 -3.2695621724525723, 347 1.2960862066213032,
360950|376: 376 -6.080238425964432, 348 0.017538724114168312,
360960|377: 377 -8.664339756999317, 349 6.97632833028426,
360970|378: 378 -11.00233619936421,
360980|379: 379 -15.068416968694462,
360990|380: 380 -25.672117798516492,
361000|381: 381 -99.02102579427789,
361010|382: 382 0.0,
361020|383: 383 0.0,
370790|384: 384 -0.0005044739305385337,
370810|385: 385 -4.211305413142469e-05,
370830|386: 386 -9.306887252942464e-08, 412 5.940786284753894e-06,
370840|387: 387 -2.4444031546909713e-07,
370850|388: 388 0.0, 365 2.042067620096824e-09, 366 3.378061036211043e-05, 414 1.2372811665457828e-07, 415 2.2889674748640317e-05,
370860|389: 389 -4.3060108625099103e-07, 390 0.011359344158635615,
370861|390: 390 -0.011359344158635615,
370870|391: 391 -4.566427615157223e-19, 368 0.00015140829632152584, 418 2.0519454723503412e-07,
370880|392: 392 -0.0006500001693204535, 369 6.77960857355189e-05,
370890|393: 393 -0.0007625381524311829, 370 0.0036674453997880704,
370900|394: 394 -0.004387007471898388, 371 0.01865706863416828, 395 6.985204145177743e-05,
370901|395: 395 -0.0026866169789145165, 371 0.0027893169029587403,
370910|396: 396 -0.01186895857123194, 372 0.08088065117385593,
370920|397: 397 -0.1543070304007002, 373 0.3765853563565214,
370930|398: 398 -0.1186895857123194, 374 0.5284843005746706,
370940|399: 399 -0.2565311549074557, 375 3.2332700323383485,
370950|400: 400 -1.8351791913157143, 376 5.85862589581488,
370960|401: 401 -3.414518130837169, 377 8.343759185990342,
370970|402: 402 -4.099037141099617, 378 10.191023928023093,
370980|403: 403 -6.080238425964432, 379 13.236549517810277,
370990|404: 404 -12.836058899258246, 380 22.84818484067968,
371000|405: 405 -13.59112118744991, 381 85.39276201421141,
371010|406: 406 -21.66084939249829,
371020|407: 407 -18.733707582701225,
371030|408: 408 0.0,
371040|409: 409 0.0,
371050|410: 410 0.0,
371060|411: 411 0.0,
380830|412: 412 -5.940786284753894e-06,
380840|413: 413 0.0, 387 9.533172303294788e-09,
380850|414: 414 -1.2372811665457828e-07, 415 0.00014792879352479486, 441 7.184361324211705e-05,
380851|415: 415 -0.00017081846827343518,
380860|416: 416 0.0, 389 4.3057869499450594e-07,
380870|417: 417 0.0, 391 4.566427615157223e-19, 418 6.8192987864443e-05, 443 2.2609512870421216e-07,
380871|418: 418 -6.839818241167804e-05, 442 2.412793026176362e-06,
380880|419: 419 0.0, 392 0.0006500001693204535, 444 7.523993844877393e-08,
380890|420: 420 -1.5876787031899045e-07, 393 0.0007625381524311829,
380900|421: 421 -7.629217115314799e-10, 394 0.004387007471898388, 395 0.002616764937462739,
380910|422: 422 -1.999386121379789e-05, 396 0.01186895857123194,
380920|423: 423 -7.10482964903593e-05, 397 0.15429051954844733,
380930|424: 424 -0.001556305133952906, 398 0.11703980047091815,
380940|425: 425 -0.009205141840105515, 399 0.22959538364217286,
380950|426: 426 -0.029001974082006082, 400 1.675518601671247,
380960|427: 427 -0.6478011033270517, 401 2.9603872194358254,
380970|428: 428 -1.6157276936129261, 402 3.053782670119215,
380980|429: 429 -1.061481134088737, 403 5.238064601584099,
380990|430: 430 -2.567211779851649, 404 9.282010911231623,
381000|431: 431 -3.431421685940323, 405 9.187597922716138,
381010|432: 432 -5.874128648813096, 406 14.670026859563391,
381020|433: 433 -10.045611312462974, 407 14.410529883841262,
381030|434: 434 -10.19334089058743,
381040|435: 435 -16.119701873487102,
381050|436: 436 -12.466675909351535,
381060|437: 437 0.0,
381070|438: 438 0.0,
381080|439: 439 0.0,
381090|440: 440 0.0,
390850|441: 441 -7.184361324211705e-05,
390870|442: 442 -2.412793026176362e-06, 443 1.4174868483029047e-05, 475 3.2090147248145614e-07,
390871|443: 443 -1.440096361173326e-05, 475 0.00011428676727089574,
390880|444: 444 -7.523993844877393e-08, 476 9.619348695487294e-08,
390890|445: 445 0.0, 420 1.5875262860343984e-07, 446 0.04425379432803073, 477 3.0156798751777297e-09, 478 0.00017296751321350874,
390891|446: 446 -0.04425379432803073, 420 1.5305222698750678e-11, 477 2.452549971737653e-06,
390900|447: 447 -3.0084513045136514e-06, 421 7.629217115314799e-10, 448 6.035655728933257e-05,
390901|448: 448 -6.0357643726919654e-05,
390910|449: 449 -1.3711405161355604e-07, 422 8.230213048464122e-06, 450 0.00023239696256955185,
390911|450: 450 -0.00023239696256955185, 422 1.1763648165333767e-05,
390920|451: 451 -5.439008008160274e-05, 423 7.10482964903593e-05,
390930|452: 452 -1.891364277886775e-05, 424 0.001025844754265594, 453 0.8453014397072504,
390931|453: 453 -0.8453014397072504, 424 0.0005304603796873121,
390940|454: 454 -0.0006177782357931777, 425 0.009205141840105515,
390950|455: 455 -0.001121597379546837, 426 0.029001974082006082,
390960|456: 456 -0.12980284280148788, 427 0.6478004555259483,
390961|457: 457 -0.07220283130832764,
390970|458: 458 -0.18483924814931874, 428 1.3751619973108975,
390971|459: 459 -0.5924334876580729, 428 0.24024255076330597,
390980|460: 460 -1.264867117810119, 429 1.058827431253515,
390981|461: 461 -0.34657359027997264,
390990|462: 462 -0.47152869425846616, 430 2.564644568071797,
391000|463: 463 -0.9430573885169323, 431 3.404656596789988,
391010|464: 464 -1.5403270679109895, 432 5.734911799836226,
391020|465: 465 -1.925408834888737, 433 9.49310269027751,
391030|466: 466 -3.0136833937388925, 434 9.952614952115319,
391040|467: 467 -3.850817669777474, 435 14.766839774052825,
391050|468: 468 -7.876672506363015, 436 10.139646184111976,
391060|469: 469 -10.50223000848402,
391070|470: 470 -23.104906018664845,
391080|471: 471 -14.440566261665527,
391090|472: 472 0.0,
391100|473: 473 0.0,
391110|474: 474 0.0,
400870|475: 475 -0.0001146076687433772,
400880|476: 476 -9.619348695487294e-08,
400890|477: 477 -2.45556540605629e-06, 478 0.002603397064852442, 505 9.368328032624669e-05,
400891|478: 478 -0.002776364578065951, 505 1.164445530341331e-06,
400900|479: 479 0.0, 447 3.0084513045136514e-06, 480 0.8565832681165908, 506 1.94694440082965e-07,
400901|480: 480 -0.8565832681165908, 448 1.0864375870845538e-09, 506 1.2993041262049825e-05,
400910|481: 481 0.0, 449 1.3711405161355604e-07, 507 3.23006999589894e-11, 508 4.48186755016605e-09,
400920|482: 482 0.0, 451 5.439008008160274e-05, 509 6.32982220501297e-16,
400930|483: 483 -1.4355896381134295e-14, 452 1.891364277886775e-05,
400940|484: 484 0.0, 454 0.0006177782357931777,
400950|485: 485 -1.2528960164558079e-07, 455 0.001121597379546837,
400960|486: 486 0.0, 456 0.12980284280148788, 457 0.07220283130832764,
400970|487: 487 -1.1495664427062732e-05, 458 0.1847375865628366, 459 0.5921076492398609,
400980|488: 488 -0.022578084057327207, 460 1.2606804076501674, 461 0.3347900882104536,
400990|489: 489 -0.3300700859809263, 462 0.46351270645607223,
401000|490: 490 -0.09762636345914723, 463 0.9343812605425765,
401010|491: 491 -0.3013683393738893, 464 1.5104447227935163,
401020|492: 492 -0.23901626915860183, 465 1.831063801979189,
401030|493: 493 -0.5331901388922656, 466 2.772588722239781,
401040|494: 494 -0.5776226504666211, 467 3.656501559342833,
401050|495: 495 -1.1552453009332422, 468 7.0938100259555945,
401060|496: 496 -2.567211779851649, 469 7.955859320626984,
401070|497: 497 -4.620981203732969, 470 14.951184684678022,
401080|498: 498 -8.664339756999317, 471 6.864467578145325,
401090|499: 499 -5.924334876580729,
401100|500: 500 -7.072930413876993,
401110|501: 501 0.0,
401120|502: 502 0.0,
401130|503: 503 0.0,
401140|504: 504 0.0,
410890|505: 505 -9.484772585658802e-05,
410900|506: 506 -1.3187731745813266e-05,
410910|507: 507 -3.23006999589894e-11, 508 1.2733776627824717e-07, 543 0.0007455456468949794,
410911|508: 508 -1.3181963382841322e-07, 543 2.5521300321456134e-07,
410920|509: 509 -6.32982220501297e-16,
410930|510: 510 0.0, 483 3.588974095283574e-16, 511 1.3617180733323877e-09, 545 6.589373498153642e-13, 546 3.372978980826984e-08,
410931|511: 511 -1.3617180733323877e-09, 483 1.3996998971605937e-14, 545 4.8322072319793385e-12,
410940|512: 512 -1.0819959766412567e-12, 513 0.0018353330263908287,
410941|513: 513 -0.0018445558054179182,
410950|514: 514 -2.2927447574438687e-07, 485 1.2393622336860523e-07, 515 2.097860041707026e-06,
410951|515: 515 -2.2223093662150703e-06, 485 1.3534033348958927e-09,
410960|516: 516 -8.245862247917504e-06,
410970|517: 517 -0.00016022819707811958, 487 5.694572800240784e-07, 518 0.011808299498465848,
410971|518: 518 -0.011808299498465848, 487 1.0926203698339324e-05,
410980|519: 519 -0.24235915404193892, 488 0.022578084057327207,
410981|520: 520 -0.00022519401577646045,
410990|521: 521 -0.046209812037329684, 489 0.2108698954101185, 522 9.241962407465938e-05,
410991|522: 522 -0.0046209812037329686, 489 0.1192001905708078,
411000|523: 523 -0.46209812037329684, 490 0.09762636345914723,
411001|524: 524 -0.23182179951837634,
411010|525: 525 -0.09762636345914723, 491 0.3013683393738893,
411020|526: 526 -0.161197018734871, 492 0.23901626915860183,
411021|527: 527 -0.5331901388922656,
411030|528: 528 -0.46209812037329684, 493 0.5331901388922656,
411040|529: 529 -0.14145860827753984, 494 0.5775758630319333,
411041|530: 530 -0.7373906176169631,
411050|531: 531 -0.23496514595252382, 495 1.1544400949584919,
411060|532: 532 -0.7453195489891884, 496 2.5537416196427674,
411070|533: 533 -2.3104906018664844, 497 4.550363368977521,
411080|534: 534 -3.5914361687043797, 498 8.528292294134914,
411090|535: 535 -3.648143055578659, 499 5.593916947509192,
411100|536: 536 -4.077336356234972, 500 6.581064687035159,
411110|537: 537 -8.664339756999317,
411120|538: 538 -10.045611312462974,
411130|539: 539 -23.104906018664845,
411140|540: 540 0.0,
411150|541: 541 0.0,
411160|542: 542 0.0,
420910|543: 543 -0.0007458007107380518,
420920|544: 544 0.0,
420930|545: 545 -5.4911445817947025e-12, 546 2.8074428383749934e-05,
420931|546: 546 -2.8108158173558204e-05,
420940|547: 547 0.0, 512 1.0819959766412567e-12, 513 9.222779027089591e-06,
420950|548: 548 0.0, 514 2.2927447574438687e-07, 515 1.2444932450804395e-07, 572 9.627044174443684e-06, 573 1.2641413743818677e-07,
420960|549: 549 0.0, 516 8.245862247917504e-06,
420970|550: 550 0.0, 517 0.00016022819707811958, 574 5.217242452862441e-15, 575 3.473493960376201e-09,
420980|551: 551 0.0, 519 0.24235915404193892, 520 0.00022519401577646045,
420990|552: 552 -2.918342415857361e-06, 521 0.046209812037329684, 522 0.004528561579658309,
421000|553: 553 0.0, 523 0.46209812037329684, 524 0.23182179951837634, 579 8.070277652056284e-07,
421010|554: 554 -0.0007907223141226846, 525 0.09762636345914723,
421020|555: 555 -0.0010223409742772054, 526 0.161197018734871, 527 0.5331901388922656,
421030|556: 556 -0.010268847119406597, 528 0.46209812037329684,
421040|557: 557 -0.011552453009332421, 529 0.1413737331125733, 530 0.7370219223081547,
421050|558: 558 -0.01947042642022318, 531 0.23097073847133093,
421060|559: 559 -0.07939830246963864, 532 0.7117801692846749,
421070|560: 560 -0.19804205158855578, 533 2.1718611657544953,
421080|561: 561 -0.6359148445504085, 534 3.368767126244708,
421090|562: 562 -1.3078248689810288, 535 2.5172187083492745,
421100|563: 563 -2.3104906018664844, 536 3.2794424046833504,
421110|564: 564 -3.465735902799726, 537 0.4456069937024748,
421120|565: 565 -2.415146970592144, 538 2.372873848116879,
421130|566: 566 -6.931471805599452, 539 2.4373365359089547,
421140|567: 567 -8.664339756999317,
421150|568: 568 -7.534208484347231,
421160|569: 569 0.0,
421170|570: 570 0.0,
421180|571: 571 0.0,
430950|572: 572 -9.627044174443684e-06, 573 5.102859480442828e-09,
430951|573: 573 -1.3151699691862958e-07,
430970|574: 574 -5.217242452862441e-15, 575 8.468625122683703e-08, 603 2.8337924571415006e-06,
430971|575: 575 -8.815974518721323e-08, 603 1.025637391729601e-09,
430980|576: 576 -5.229641778152927e-15,
430990|577: 577 -1.0404787596162984e-13, 552 3.5351632688729726e-07, 578 3.2053196855095226e-05,
430991|578: 578 -3.2054382867261314e-05, 552 2.564826088970064e-06,
431000|579: 579 -0.04483487584475713,
431010|580: 580 -0.0008135530288262268, 554 0.0007907223141226846,
431020|581: 581 -0.13127787510605024, 555 0.0010223409742772054,
431021|582: 582 -0.002655736323984465,
431030|583: 583 -0.012788693368264673, 556 0.010268847119406597,
431040|584: 584 -0.000631281585209422, 557 0.011552453009332421,
431050|585: 585 -0.001520059606491108, 558 0.01947042642022318,
431060|586: 586 -0.01947042642022318, 559 0.07939830246963864,
431070|587: 587 -0.032695621724525725, 560 0.19804205158855578,
431080|588: 588 -0.13407102138490237, 561 0.6359148445504085,
431090|589: 589 -0.805985093674355, 562 1.3078248689810288,
431100|590: 590 -0.7534208484347231, 563 2.3104906018664844,
431110|591: 591 -2.3901626915860184, 564 3.4637881592223527,
431120|592: 592 -2.475525644856947, 565 2.4083048592244567,
431130|593: 593 -4.332169878499658, 566 6.594068552518288,
431140|594: 594 -4.620981203732969, 567 8.36455360140714,
431150|595: 595 -9.495166856985552, 568 7.139280344014718,
431160|596: 596 -7.701635339554948,
431170|597: 597 -17.328679513998633,
431180|598: 598 -10.50223000848402,
431190|599: 599 0.0,
431200|600: 600 0.0,
431210|601: 601 0.0,
440960|602: 602 0.0,
440970|603: 603 -2.8348186614969625e-06,
440980|604: 604 0.0, 576 5.229641778152927e-15,
440990|605: 605 0.0, 577 1.0404787596162984e-13, 578 1.1860121660886685e-09, 631 4.982942119277269e-07,
441000|606: 606 0.0, 579 0.04483406881699192,
441010|607: 607 0.0, 580 0.0008135530288262268, 632 6.655916848088585e-09, 633 1.7154180095782911e-06,
441020|608: 608 0.0, 581 0.13127787510605024, 582 0.002655736323984465, 634 3.0186134591990115e-08, 635 5.856074686921961e-09,
441030|609: 609 -2.0441151437652843e-07, 583 0.012788693368264673,
441040|610: 610 0.0, 584 0.000631281585209422, 638 7.373906176169631e-05,
441050|611: 611 -4.336506384884542e-05, 585 0.001520059606491108,
441060|612: 612 -2.1577573444984056e-08, 586 0.01947042642022318,
441070|613: 613 -0.003080654135821979, 587 0.032695621724525725,
441080|614: 614 -0.002539000661391741, 588 0.13407102138490237,
441090|615: 615 -0.02009122262492595, 589 0.8053403055994155,
441091|616: 616 0.0,
441100|617: 617 -0.05975406728965046, 590 0.7531194800953492,
441110|618: 618 -0.3269562172452572, 591 2.369846308707537,
441120|619: 619 -0.39608410317711157, 592 2.438392760184093,
441130|620: 620 -0.8664339756999315, 593 4.241194311051165,
441140|621: 621 -1.332975347230664, 594 4.012582818449486,
441150|622: 622 -0.9366853791350612, 595 7.6121803175767475,
441160|623: 623 -3.3977802968624773, 596 6.190112387813894,
441170|624: 624 -4.881318172957362, 597 12.315319243803689,
441180|625: 625 -5.635342931381669, 598 7.915215690494151,
441190|626: 626 -4.278686299752748,
441200|627: 627 -4.651994500402318,
441210|628: 628 0.0,
441220|629: 629 0.0,
441230|630: 630 0.0,
450990|631: 631 -4.982942119277269e-07,
451010|632: 632 -6.655916848088585e-09, 633 1.3309277660521223e-07, 666 6.361805389987744e-08,
451011|633: 633 -1.8485107861835032e-06, 666 2.2668472438723536e-05,
451020|634: 634 -3.8700172553833476e-08, 635 1.3676520312857128e-11,
451021|635: 635 -5.8697512072348185e-09,
451030|636: 636 0.0, 609 2.3999955902948204e-09, 637 0.0002058747016668286, 668 3.5520948211553444e-10,
451031|637: 637 -0.0002058747016668286, 609 2.020115187862336e-07, 668 4.718096033297668e-07,
451040|638: 638 -0.016386458169265847, 639 0.002658395119912509,
451041|639: 639 -0.0026618555321042446,
451050|640: 640 -5.445160732151406e-06, 611 3.107371351659252e-05, 641 0.01732867951399863,
451051|641: 641 -0.01732867951399863, 611 1.2291350332252897e-05,
451060|642: 642 -0.02305112007183057, 612 2.1577573444984056e-08,
451061|643: 643 -8.818666419337726e-05,
451070|644: 644 -0.0005323711064208489, 613 0.003080654135821979,
451080|645: 645 -0.04125876074761579, 614 0.002539000661391741,
451081|646: 646 -0.001925408834888737,
451090|647: 647 -0.008664339756999316, 615 0.02009122262492595,
451091|648: 648 0.0,
451100|649: 649 -0.21660849392498288,
451101|650: 650 -0.02432095370385773, 617 0.05975406728965046,
451110|651: 651 -0.06301338005090412, 618 0.3269562172452572,
451120|652: 652 -0.3300700859809263, 619 0.39608410317711157,
451130|653: 653 -0.24755256448569476, 620 0.8664339756999315,
451140|654: 654 -0.37467415165402446, 621 1.332975347230664,
451150|655: 655 -0.700148667232268, 622 0.9363313120617481,
451160|656: 656 -1.019334089058743, 623 3.3906517537996597,
451170|657: 657 -1.575334501272603, 624 4.85523728995925,
451180|658: 658 -2.6058164682704708, 625 5.529404119614625,
451190|659: 659 -4.053492283976288, 626 4.168326144023226,
451200|660: 660 -5.096670445293715, 627 4.44446902573937,
451210|661: 661 -4.590378679204936,
451220|662: 662 -6.418029449629123,
451230|663: 663 -14.17478896850604,
451240|664: 664 0.0,
451250|665: 665 0.0,
461010|666: 666 -2.2732099585463247e-05,
461020|667: 667 0.0, 634 8.514037961843364e-09,
461030|668: 668 -4.7216467116248095e-07,
461040|669: 669 0.0, 638 0.01631271910750415, 639 3.460412191735518e-06,
461050|670: 670 0.0, 640 5.445160732151406e-06, 700 1.9429711350931622e-07, 701 5.432688828731705e-06,
461060|671: 671 0.0, 642 0.02305112007183057, 643 8.818666419337726e-05, 702 0.00048215580172505934, 703 9.689054120816913e-07,
461070|672: 672 -3.379161778046183e-15, 644 0.0005323711064208489, 673 0.032542121153049074,
461071|673: 673 -0.032542121153049074,
461080|674: 674 0.0, 645 0.04125876074761579, 646 0.001925408834888737, 706 0.00013822204482198742, 707 4.578456221522117e-11,
461090|675: 675 -1.4052853878513132e-05, 647 0.008664339756999316, 676 0.002463209596872585,
461091|676: 676 -0.002463209596872585,
461100|677: 677 0.0, 649 0.21660849392498288, 650 0.02432095370385773, 710 8.453014397072502e-05,
461110|678: 678 -0.000493694573048394, 651 0.06301338005090412, 679 2.555542635397778e-05,
461111|679: 679 -3.50074333616134e-05,
461120|680: 680 -9.15553416494882e-06, 652 0.3300700859809263,
461130|681: 681 -0.007453195489891885, 653 0.24755256448569476,
461140|682: 682 -0.004773740912947282, 654 0.37467415165402446,
461150|683: 683 -0.027725887222397813, 655 0.7000023361608164,
461160|684: 684 -0.058741286488130956, 656 1.0181822415381068,
461170|685: 685 -0.161197018734871, 657 1.567955634468642,
461180|686: 686 -0.364814305557866, 658 2.5250361577540863,
461190|687: 687 -0.7534208484347231, 659 3.794068777801806,
461200|688: 688 -1.3862943611198906, 660 4.982448963944238,
461210|689: 689 -2.432095370385773, 661 4.104670711158262,
461220|690: 690 -3.9608410317711162, 662 5.927063032791395,
461230|691: 691 -2.840767133442399, 663 12.281320658093001,
461240|692: 692 -18.240715277893297,
461250|693: 693 -1.7385181353397172,
461260|694: 694 -2.7736982015203893,
461270|695: 695 0.0,
461280|696: 696 0.0,
461290|697: 697 0.0,
461300|698: 698 0.0,
461310|699: 699 0.0,
471050|700: 700 -1.9429711350931622e-07, 701 0.0015924169666805936,
471051|701: 701 -0.0015978496555093251,
471060|702: 702 -0.00048215580172505934,
471061|703: 703 -9.689054120816913e-07,
471070|704: 704 0.0, 672 3.379161778046183e-15, 705 0.015646663218057456, 744 1.8898628256292526e-08,
471071|705: 705 -0.015646663218057456, 744 2.9602775754647354e-05,
471080|706: 706 -0.004849896309543418, 707 4.362822467386902e-12,
471081|707: 707 -5.014738468260807e-11,
471090|708: 708 0.0, 675 6.810012989527464e-09, 709 0.017503716680806698,
471091|709: 709 -0.017503716680806698, 675 1.4046038244382054e-05, 746 1.7387361860277066e-08,
471100|710: 710 -0.028176714656908342, 711 4.368446453599169e-10,
471101|711: 711 -3.2120929805876246e-08,
471110|712: 712 -1.0768505787968328e-06, 678 3.4708703263594293e-06, 679 2.762517083661645e-06, 713 0.010621838739136198,
471111|713: 713 -0.010696715749381872, 678 0.0004902239001998638, 679 6.689500426203981e-06,
471120|714: 714 -6.151465926162098e-05, 680 9.15553416494882e-06,
471130|715: 715 -3.5854913126419684e-05, 681 0.0003162070358955061, 716 0.006457266310893231,
471131|716: 716 -0.010089478610770673, 681 0.0071369862180377325,
471140|717: 717 -0.15068416968694465, 682 0.004773740912947282,
471150|718: 718 -0.0005776226504666211, 683 0.027725887222397813, 719 0.008086717106532694,
471151|719: 719 -0.03850817669777474,
471160|720: 720 -0.0029246716479322584, 684 0.058741286488130956, 721 0.0024260151319598086,
471161|721: 721 -0.03465735902799726,
471170|722: 722 -0.009521252480219029, 685 0.161197018734871, 723 0.007788170568089272,
471171|723: 723 -0.12980284280148788,
471180|724: 724 -0.18434765440424078, 686 0.3125542914723961, 725 0.14209517201478877,
471181|725: 725 -0.34657359027997264, 686 0.052260014085469854,
471190|726: 726 -0.3300700859809263, 687 0.7534208484347231,
471200|727: 727 -0.5635342931381669, 688 1.3862943611198906, 728 0.8014514275224368,
471201|728: 728 -2.166084939249829,
471210|729: 729 -0.8886502314871093, 689 2.431925123709846,
471220|730: 730 -1.310297127712562, 690 3.958131816505385,
471221|731: 731 -3.465735902799726,
471230|732: 732 -2.3104906018664844, 691 2.815140573131615,
471240|733: 733 -4.029925468371776, 692 18.217221236615373,
471250|734: 734 -4.175585425059911, 693 1.5925521526965944,
471260|735: 735 -6.4780110332705165, 694 2.747201062601265,
471270|736: 736 -6.359148445504085,
471280|737: 737 -11.95081345793009,
471290|738: 738 -15.068416968694462,
471300|739: 739 -13.862943611198904,
471310|740: 740 0.0,
471320|741: 741 0.0,
471330|742: 742 0.0,
481060|743: 743 0.0,
481070|744: 744 -2.9621674382903646e-05,
481080|745: 745 0.0, 706 0.0047116742647214304,
481090|746: 746 -1.7387361860277066e-08, 780 4.6206115548085834e-05,
481100|747: 747 0.0, 710 0.02809218451293762, 711 3.168408516051633e-08,
481110|748: 748 0.0, 712 1.0768505787968328e-06, 713 7.48770102456731e-05, 749 0.0002379986198873593, 781 2.860248273816748e-06,
481111|749: 749 -0.0002379986198873593, 781 1.4301956466907085e-10,
481120|750: 750 0.0, 714 6.151465926162098e-05, 782 0.0004321558907966704,
481130|751: 751 -2.7319051901480954e-24, 715 3.5232328414892534e-05, 716 0.003632212299877442, 752 2.1808739910013066e-12,
481131|752: 752 -1.5577671364295048e-09, 715 6.225954680010893e-07,
481140|753: 753 0.0, 717 0.15068416968694465, 786 4.8202168328229844e-05, 787 5.266263183188524e-09,
481150|754: 754 -3.6015877944046708e-06, 718 0.0005443573620262484, 719 0.030421459591242046,
481151|755: 755 -1.8003916398525324e-07, 718 3.326505739131252e-05,
481160|756: 756 0.0, 720 0.0029246716479322584, 721 0.032231343896037455, 790 1.1306656136793435e-05,
481170|757: 757 -7.7325656019628e-05, 722 0.008076059651256504, 723 0.09481941903237329,
481171|758: 758 -5.73038343716886e-05, 722 0.0014451928289625255, 723 0.027195253201025327,
481180|759: 759 -0.00022967103398275192, 724 0.18434765440424078, 725 0.20447841826518384,
481190|760: 760 -0.004294592196777852, 726 0.24041545901652916,
481191|761: 761 -0.00525111500424201, 726 0.08965462696439715,
481200|762: 762 -0.013644629538581601, 727 0.5635342931381669, 728 1.3646335117273924,
481210|763: 763 -0.05134423559703299, 729 0.7913874636508451,
481211|764: 764 -0.08351170850119823, 729 0.09726276783626411,
481220|765: 765 -0.1322799962900659, 730 1.3078599750550166, 731 3.4638262823172834,
481230|766: 766 -0.3300700859809263, 732 2.297782903556219,
481240|767: 767 -0.5545177444479562, 733 3.9775364372829425,
481250|768: 768 -1.019334089058743, 734 4.043699559409394,
481260|769: 769 -1.3459168554562044, 735 6.264923338342117,
481270|770: 770 -1.8733707582701224, 736 6.037432766497588,
481280|771: 771 -2.475525644856947, 737 11.22178993536944,
481290|772: 772 -2.567211779851649, 738 13.71964296582662,
481300|773: 773 -4.278686299752748, 739 2.769261615773093,
481310|774: 774 -10.19334089058743,
481320|775: 775 -7.145847222267477,
481330|776: 776 0.0,
481340|777: 777 0.0,
481350|778: 778 0.0,
481360|779: 779 0.0,
491090|780: 780 -4.6206115548085834e-05,
491110|781: 781 -2.860391293381417e-06, 829 0.0003272649577714567,
491120|782: 782 -0.0007717069478511971, 783 0.0005618897378079972,
491121|783: 783 -0.0005618897378079972,
491130|784: 784 0.0, 751 2.7319051901480954e-24, 752 1.5555862624385035e-09, 785 0.00011613306736632375, 832 4.8045248496756326e-05,
491131|785: 785 -0.00011613306736632375, 831 6.970660860959769e-08,
491140|786: 786 -0.00964043366564597, 787 1.5677260399184298e-07,
491141|787: 787 -1.620388671750315e-07,
491150|788: 788 -4.98061479611081e-23, 754 2.5211114560832696e-12, 755 1.8002007983387079e-07, 789 4.077437345395229e-05,
491151|789: 789 -4.292039310942347e-05, 754 3.6015841928168762e-06, 755 1.9048143549639793e-11,
491160|790: 790 -0.04915937450779754,
491161|791: 791 -0.00021279154557620963,
491170|792: 792 -0.0002674178937345468, 757 6.450560353116581e-06, 758 5.6734406169537134e-05, 793 4.682620798102901e-05,
491171|793: 793 -9.941870059666456e-05, 757 7.087507246881462e-05, 758 5.694453933017811e-07,
491180|794: 794 -0.13862943611198905, 759 0.00022967103398275192,
491181|795: 795 -0.0025960568560297577,
491190|796: 796 -0.004813522087221842, 760 0.0004176813005781219, 761 0.005241594732739319, 797 2.823932957836814e-05,
491191|797: 797 -0.0006418029449629123, 760 0.003876913043495828, 761 9.518696168189491e-06,
491200|798: 798 -0.22504778589608612, 762 0.013644629538581601,
491201|799: 799 -0.015003185726405742,
491210|800: 800 -0.030006371452811483, 763 0.016719839568289017, 764 0.08351170850119823, 801 3.572923611133739e-05,
491211|801: 801 -0.0029774363426114487, 763 0.034624396028743974,
491220|802: 802 -0.46209812037329684, 765 0.1322799962900659,
491221|803: 803 -0.06729584277281021,
491230|804: 804 -0.11234152035007217, 766 0.10224085948302182,
491231|805: 805 -0.014623358239661294, 766 0.22782922649790446,
491240|806: 806 -0.22216255787177733, 767 0.5545177444479562,
491241|807: 807 -0.18733707582701223,
491250|808: 808 -0.2937064324406548, 768 0.46743603321966776,
491251|809: 809 -0.056815342668847975, 768 0.5518980558390751,
491260|810: 810 -0.4530373729149969, 769 1.3459168554562044,
491261|811: 811 -0.4226507198536252,
491270|812: 812 -0.6359148445504085, 770 1.8723310374992825,
491271|813: 813 -0.1888684415694674,
491280|814: 814 -0.8251752149523158, 771 2.45116399698591,
491281|815: 815 -0.9627044174443685,
491290|816: 816 -1.1363068533769596, 772 2.5606833602954864,
491291|817: 817 -0.5635342931381669,
491300|818: 818 -2.3901626915860184, 773 4.128932279261402,
491301|819: 819 -1.2836058899258245,
491310|820: 820 -2.475525644856947, 774 3.243623004793826,
491311|821: 821 -1.9804205158855581,
491320|822: 822 -3.348537104154325, 775 2.8665851966014874e-16,
491330|823: 823 -4.200892003393608,
491340|824: 824 0.0,
491350|825: 825 -7.534208484347231,
491360|826: 826 0.0,
491370|827: 827 0.0,
491380|828: 828 0.0,
501110|829: 829 -0.0003272649577714567,
501120|830: 830 0.0, 782 0.00033955105705452674,
501130|831: 831 -6.970660860959769e-08, 832 0.0004917890042757867,
501131|832: 832 -0.000539834252772543,
501140|833: 833 0.0, 786 0.009592231497317739,
501150|834: 834 0.0, 788 4.98061479611081e-23, 789 2.1460196554711736e-06, 871 0.00035988950184836203,
501160|835: 835 0.0, 790 0.049148067851660746, 791 0.00021279154557620963,
501170|836: 836 0.0, 792 0.0002664795243454323, 793 5.2592492615635553e-05, 837 5.898924126497355e-07, 872 6.876460124602632e-05,
501171|837: 837 -5.898924126497355e-07, 792 9.382356801676575e-07,
501180|838: 838 0.0, 794 0.13862943611198905, 795 0.0025960568560297577, 873 0.0032090147248145617, 874 3.850817669777474e-05,
501190|839: 839 0.0, 796 0.004456305799607022, 797 0.0006135636153845441, 840 2.7380671713434824e-08, 875 5.041657069622249e-06,
501191|840: 840 -2.7380671713434824e-08, 796 0.000357218213023655,
501200|841: 841 0.0, 798 0.22504778589608612, 799 0.015003185726405742, 876 0.000727026621103362, 877 1.3928015298674312e-06,
501210|842: 842 -7.1232291338836e-06, 800 0.026600078171859776, 801 0.0029417071065001112, 843 3.8825608289026664e-10,
501211|843: 843 -5.003300037245704e-10, 800 0.0034062932809517067,
501220|844: 844 0.0, 802 0.46209812037329684, 803 0.06729584277281021, 879 7.09829650010822e-08,
501230|845: 845 -6.209382692310648e-08, 804 0.003632383314087023,
501231|846: 846 -0.00028837875709766407, 804 0.10870918197259329, 805 0.014623358239661294,
501240|847: 847 0.0, 806 0.22216255787177733, 807 0.18733707582701223,
501250|848: 848 -8.322133622444402e-07, 808 0.05489520075532058,
501251|849: 849 -0.0012134929631651703, 808 0.23881123168533422, 809 0.056815342668847975,
501260|850: 850 -9.549783771018431e-14, 810 0.4530373729149969, 811 0.4226507198536252,
501270|851: 851 -9.168613499470175e-05, 812 0.10986955135235228, 813 0.0006970813101978374,
501271|852: 852 -0.0027972041184824263, 812 0.5260452931980563, 813 0.18686813590480517,
501280|853: 853 -0.00019557225341683464, 814 0.8248616483706339, 815 0.15685728155188072, 854 0.10663802777845312,
501281|854: 854 -0.10663802777845312, 815 0.8054225832443948,
501290|855: 855 -0.005180472201494359, 816 1.0127846168806172, 817 0.5494459358097128,
501291|856: 856 -0.0016742685520771624, 816 0.12068146936289999,
501300|857: 857 -0.0031054981207882856, 818 1.684070389888443,
501301|858: 858 -0.006795560593724954, 818 0.6838637886658252, 819 1.2624263927420485,
501310|859: 859 -0.012377628224284737, 820 2.426015131959808, 821 1.940812105567847,
501311|860: 860 -0.01186895857123194,
501320|861: 861 -0.017459626714356302, 822 3.1758999252125446,
501330|862: 862 -0.4747583428492776, 823 0.004326918763495416,
501340|863: 863 -0.6601401719618526,
501350|864: 864 0.0, 825 1.4376701287746544e-16,
501360|865: 865 -2.772588722239781,
501370|866: 866 0.0,
501380|867: 867 0.0,
501390|868: 868 0.0,
501400|869: 869 0.0,
501410|870: 870 0.0,
511150|871: 871 -0.00035988950184836203,
511170|872: 872 -6.876460124602632e-05,
511180|873: 873 -0.0032090147248145617, 909 1.3370894686727339e-06,
511181|874: 874 -3.850817669777474e-05,
511190|875: 875 -5.041657069622249e-06, 910 1.1996316728278734e-05,
511200|876: 876 -0.000727026621103362,
511201|877: 877 -1.3928015298674312e-06,
511210|878: 878 0.0, 842 7.1232291338836e-06, 843 1.1207392083430377e-10, 912 4.184938510526208e-07, 913 5.56984109169965e-09,
511220|879: 879 -2.945351244858183e-06, 880 0.0027564908158750705,
511221|880: 880 -0.0027564908158750705,
511230|881: 881 0.0, 845 6.209382692310648e-08, 846 0.00028837875709766407,
511240|882: 882 -1.3326473109695023e-07, 883 0.005589896617418913,
511241|883: 883 -0.007453195489891885,
511250|884: 884 -7.962312607304075e-09, 848 8.322133622444402e-07, 849 0.0012134929631651703,
511260|885: 885 -6.495981224320975e-07, 886 8.445657552514564e-05,
511261|886: 886 -0.0006032612537510403, 850 3.151906133624633e-14,
511270|887: 887 -2.083775795334131e-06, 851 9.168613499470175e-05, 852 0.0027972041184824263,
511280|888: 888 -2.1369687401650797e-05, 889 3.998926041691992e-05,
511281|889: 889 -0.0011108127893588867, 853 0.00019557225341683464,
511290|890: 890 -4.375929170201675e-05, 855 0.005180472201494359, 856 0.0015793659877397727, 891 9.790214414688492e-05,
511291|891: 891 -0.0006526809609792328, 856 9.4902731764245e-05,
511300|892: 892 -0.00029246716479322586, 858 0.005859288641803311,
511301|893: 893 -0.0018337226998940352, 857 0.0031054981207882856, 858 0.000936271951921643,
511310|894: 894 -0.00050162627048773, 859 0.012377628224284737, 860 0.01186895857123194,
511320|895: 895 -0.004140664161051047, 861 0.017459626714356302,
511321|896: 896 -0.0028176714656908343,
511330|897: 897 -0.0046209812037329686, 862 0.4746187638964799,
511340|898: 898 -0.8886502314871093, 863 0.5479163427283377,
511341|899: 899 -0.06883288784110678,
511350|900: 900 -0.41283334160806745,
511360|901: 901 -0.7509720266088248, 865 0.00016635532333438688,
511370|902: 902 -1.5403270679109895,
511380|903: 903 -4.125876074761579,
511390|904: 904 0.0,
511400|905: 905 0.0,
511410|906: 906 0.0,
511420|907: 907 0.0,
511430|908: 908 0.0,
521180|909: 909 -1.3370894686727339e-06,
521190|910: 910 -1.1996316728278734e-05,
521200|911: 911 0.0,
521210|912: 912 -4.184938510526208e-07, 913 4.3288414098648154e-08, 945 9.056224029719194e-05,
521211|913: 913 -4.88582551903478e-08, 945 2.589493240582437e-07,
521220|914: 914 0.0, 879 2.8743682798571005e-06,
521230|915: 915 0.0, 916 6.730303047509397e-08, 946 1.4560630796441182e-05,
521231|916: 916 -6.730303047509397e-08,
521240|917: 917 0.0, 882 1.3326473109695023e-07, 883 0.0018632988724729713,
521250|918: 918 0.0, 884 6.12367926696324e-09, 919 1.3976544968704536e-07, 947 1.3505954229017514e-07,
521251|919: 919 -1.3976544968704536e-07, 884 1.838633340340835e-09,
521260|920: 920 0.0, 885 6.495981224320975e-07, 886 0.0005188046782258946, 948 3.269825575393557e-07,
521270|921: 921 -2.0592607859772586e-05, 887 1.7403591253840896e-06, 922 7.183482503254615e-08,
521271|922: 922 -7.360125515629728e-08, 887 3.434166699500415e-07,
521280|923: 923 0.0, 888 2.1369687401650797e-05, 889 0.0010708235289419667, 950 3.189752931748448e-05,
521290|924: 924 -0.00016598352024902905, 890 3.712603946936654e-05, 925 1.504225652256826e-07,
521291|925: 925 -2.387659765487025e-07, 890 6.633252232650209e-06, 891 0.0005547788168323479,
521300|926: 926 0.0, 892 0.00029246716479322586, 893 0.0018337226998940352,
521310|927: 927 -0.00046209812037329687, 894 0.00047036090830077077, 928 1.4997921450712268e-06,
521311|928: 928 -5.790703262823269e-06, 894 3.126531202433219e-05,
521320|929: 929 -2.5039092446516774e-06, 895 0.004140664161051047, 896 0.0028176714656908343,
521330|930: 930 -0.0009241962407465937, 897 0.0038220736263631866, 931 3.440712538880595e-05,
521331|931: 931 -0.00020852803265943, 897 0.0007989075773697818,
521340|932: 932 -0.0002763744739074742, 898 0.8624723729679621, 899 0.0687723148998066,
521350|933: 933 -0.03648143055578659, 900 0.3220100064542926,
521360|934: 934 -0.03960841031771116, 901 0.39283346711907624,
521370|935: 935 -0.2783723616706607, 902 0.00020024251882842862,
521380|936: 936 -0.49510512897138953, 903 3.2942232343718874,
521390|937: 937 -1.9975423070891796,
521400|938: 938 -2.280089409736662,
521410|939: 939 -3.2542121153049077,
521420|940: 940 -3.465735902799726,
521430|941: 941 0.0,
521440|942: 942 0.0,
521450|943: 943 0.0,
521460|944: 944 0.0,
531210|945: 945 -9.082117145701589e-05,
531230|946: 946 -1.4560630796441182e-05, 976 9.256773244657389e-05,
531250|947: 947 -1.3505954229017514e-07, 978 1.1392951685732172e-05,
531260|948: 948 -6.204602609854946e-07,
531270|949: 949 0.0, 921 2.0592607859772586e-05, 922 1.7664301237511348e-09, 981 2.2039936296803306e-07,
531280|950: 950 -0.0004622830335867315,
531290|951: 951 -1.399014198210016e-15, 924 0.00016598352024902905, 925 8.834341132301993e-08,
531300|952: 952 -1.5577741382594957e-05, 953 0.0010977444036017233,
531301|953: 953 -0.0013068385757163373,
531310|954: 954 -9.9966855052871e-07, 927 0.00046209812037329687, 928 4.290911117752043e-06,
531320|955: 955 -8.389580979907351e-05, 929 2.5039092446516774e-06, 956 0.00011938367685683588,
531321|956: 956 -0.00013881822890329755,
531330|957: 957 -9.256773244657388e-06, 930 0.0009241962407465937, 931 0.00015329312736860016, 958 0.07701635339554948,
531331|958: 958 -0.07701635339554948, 931 2.0827779902023868e-05,
531340|959: 959 -0.0002200467239872842, 932 0.0002763744739074742, 960 0.0032064620994652774,
531341|960: 960 -0.0032819468776512564,
531350|961: 961 -2.9306070546251702e-05, 933 0.03648143055578659,
531360|962: 962 -0.008311117272901023, 934 0.039089540142549145,
531361|963: 963 -0.014779257581235508,
531370|964: 964 -0.02829172165550797, 935 0.27004902805670794,
531380|965: 965 -0.11125957954413246, 936 0.463913505846192,
531390|966: 966 -0.30401192129822163, 937 1.9568244047014738,
531400|967: 967 -0.805985093674355, 938 2.227006648188583,
531410|968: 968 -1.61197018734871, 939 3.1233049245425373,
531420|969: 969 -3.1222845971168707, 940 3.0041345379058306,
531430|970: 970 -2.341713447837653,
531440|971: 971 -3.5729236111337386,
531450|972: 972 -5.45785181543264,
531460|973: 973 0.0,
531470|974: 974 0.0,
531480|975: 975 0.0,
541230|976: 976 -9.256773244657389e-05,
541240|977: 977 0.0,
541250|978: 978 -1.1392951685732172e-05, 979 0.012181848515992008,
541251|979: 979 -0.012181848515992008,
541260|980: 980 0.0, 948 2.9347770344613896e-07,
541270|981: 981 -2.2039936296803306e-07, 982 0.010016577753756434, 1013 3.080654135821979e-05,
541271|982: 982 -0.010016577753756434,
541280|983: 983 0.0, 950 0.00043038550426924705,
541290|984: 984 0.0, 951 1.399014198210016e-15, 985 9.034388301842797e-07, 1014 6.005642030220639e-06,
541291|985: 985 -9.034388301842797e-07,
541300|986: 986 0.0, 952 1.5577741382594957e-05, 953 0.00020909417211461396,
541310|987: 987 0.0, 954 9.888241460925744e-07, 988 6.775764732056787e-07, 1015 8.280042294027753e-07,
541311|988: 988 -6.775764732056787e-07, 954 1.0844104535570286e-08,
541320|989: 989 0.0, 955 8.389580979907351e-05, 956 1.943455204646166e-05, 1016 1.214894347785698e-06,
541330|990: 990 -1.530143115398504e-06, 957 8.993334734887683e-06, 991 3.6632588182814627e-06,
541331|991: 991 -3.6632588182814627e-06, 957 2.6343850976970464e-07,
541340|992: 992 0.0, 959 0.0002200467239872842, 993 2.3901626915860184, 1018 3.1906585902091604e-14,
541341|993: 993 -2.3901626915860184, 960 7.54847781859789e-05,
541350|994: 994 -2.1065742176025568e-05, 961 2.4467960665841552e-05, 995 0.0007532894473711199,
541351|995: 995 -0.0007555561157182748, 961 4.8381098804101475e-06,
541360|996: 996 0.0, 962 0.008311117272901023, 963 0.014779257581235508,
541370|997: 997 -0.0030257865398984865, 964 0.0262716927293047,
541380|998: 998 -0.0008204867194128141, 965 0.1050735469214787,
541390|999: 999 -0.017468426929434105, 966 0.27361072916839946,
541400|1000: 1000 -0.050966704452937155, 967 0.7272943510236467,
541410|1001: 1001 -0.4006631101502574, 968 1.2702325076307834,
541420|1002: 1002 -0.5635342931381669, 969 1.4865821423792844,
541430|1003: 1003 -2.3104906018664844, 970 0.17644810829456717,
541431|1004: 1004 0.0,
541440|1005: 1005 -0.6027366787477786, 971 2.2691637854310374,
541450|1006: 1006 -3.6869530880848154, 972 2.3492777354348258,
541460|1007: 1007 -1.8784476437938897,
541470|1008: 1008 -6.931471805599452,
541480|1009: 1009 0.0,
541490|1010: 1010 0.0,
541500|1011: 1011 0.0,
541510|1012: 1012 0.0,
551270|1013: 1013 -3.080654135821979e-05,
551290|1014: 1014 -6.005642030220639e-06,
551310|1015: 1015 -8.280042294027753e-07, 1044 6.976118966988177e-07,
551320|1016: 1016 -1.2380458043266055e-06,
551330|1017: 1017 0.0, 990 1.530143115398504e-06, 1046 2.088660890852057e-09,
551340|1018: 1018 -1.0635528634030535e-08, 1019 6.611980889040992e-05,
551341|1019: 1019 -6.611980889040992e-05,
551350|1020: 1020 -9.549783771018431e-15, 994 2.1065742176025568e-05, 995 2.2666683471548244e-06, 1021 0.00021797081149683815,
551351|1021: 1021 -0.00021797081149683815,
551360|1022: 1022 -6.096174038802706e-07, 1023 0.018240715277893296,
551361|1023: 1023 -0.03648143055578659,
551370|1024: 1024 -7.302027810920221e-10, 997 0.0030257865398984865,
551380|1025: 1025 -0.00034577830018953673, 998 0.0008204867194128141, 1026 0.003215631250020365,
551381|1026: 1026 -0.003969915123481932,
551390|1027: 1027 -0.0012462193106075965, 999 0.017468426929434105,
551400|1028: 1028 -0.010881431405964604, 1000 0.050966704452937155,
551410|1029: 1029 -0.027904475867952708, 1001 0.4004868183817913,
551420|1030: 1030 -0.4116075894061433, 1002 0.5623508711225768,
551430|1031: 1031 -0.387016851233917, 1003 2.2983628366972875,
551440|1032: 1032 -0.6973311675653373, 1005 0.5982408658609989,
551450|1033: 1033 -1.1808299498465848, 1006 3.5779409461294116,
551460|1034: 1034 -2.159337011090172, 1007 1.8337950648532653,
551470|1035: 1035 -3.0136833937388925, 1008 6.376954061151496,
551480|1036: 1036 -4.747583428492776,
551490|1037: 1037 -13.862943611198904,
551500|1038: 1038 -13.862943611198904,
551510|1039: 1039 -13.862943611198904,
551520|1040: 1040 0.0,
551530|1041: 1041 0.0,
551540|1042: 1042 0.0,
561300|1043: 1043 0.0,
561310|1044: 1044 -6.976118966988177e-07,
561320|1045: 1045 0.0, 1016 2.3151456540907524e-08,
561330|1046: 1046 -2.088660890852057e-09, 1073 4.921801725175707e-05,
561340|1047: 1047 0.0, 1018 1.0635496727444634e-08,
561350|1048: 1048 0.0, 1020 9.549783771018431e-15, 1049 6.708741584978177e-06, 1074 9.873891460967882e-06,
561351|1049: 1049 -6.708741584978177e-06,
561360|1050: 1050 0.0, 1022 5.421059341049539e-07, 1023 0.018240715277893296, 1051 2.2475589512319885,
561361|1051: 1051 -2.2475589512319885, 1022 6.751146977531669e-08,
561370|1052: 1052 0.0, 1024 3.8704763513173174e-11, 1053 0.004526823279518974, 1075 3.660743720807122e-13,
561371|1053: 1053 -0.004526823279518974, 1024 6.914976524774584e-10,
561380|1054: 1054 0.0, 1025 0.00034577830018953673, 1026 0.0007542838734615671, 1076 1.4126172782064697e-19,
561390|1055: 1055 -0.0001390856370013535, 1027 0.0012462193106075965,
561400|1056: 1056 -6.290872281204408e-07, 1028 0.010881431405964604,
561410|1057: 1057 -0.0006323181723772535, 1029 0.027894709301398927,
561420|1058: 1058 -0.0010898540574841907, 1030 0.4112371425756777,
561430|1059: 1059 -0.04780325383172036, 1031 0.38066977487368076,
561440|1060: 1060 -0.06027366787477785, 1032 0.6762020331881076,
561450|1061: 1061 -0.1608230117308458, 1033 1.007247947219137,
561460|1062: 1062 -0.31222845971168706, 1034 1.8527111555153677,
561470|1063: 1063 -0.7753324167337196, 1035 2.154783626523308,
561480|1064: 1064 -1.1325934322874924, 1036 3.709666739355685,
561490|1065: 1065 -2.014962734185888, 1037 4.319000082069018,
561500|1066: 1066 -2.3104906018664844, 1038 2.1994946333528183,
561510|1067: 1067 -2.676243940385889, 1039 1.9517638310206937,
561520|1068: 1068 -3.040119212982216,
561530|1069: 1069 -4.387007471898388,
561540|1070: 1070 0.0,
561550|1071: 1071 0.0,
561560|1072: 1072 0.0,
571330|1073: 1073 -4.921801725175707e-05,
571350|1074: 1074 -9.873891460967882e-06, 1099 1.0878016016320548e-05,
571370|1075: 1075 -3.660743720807122e-13, 1101 2.1393431498763742e-05, 1102 4.421723777796809e-08,
571380|1076: 1076 -2.1533799972659598e-19,
571390|1077: 1077 0.0, 1055 0.0001390856370013535, 1104 5.8285866413274694e-08,
571400|1078: 1078 -4.779435419335333e-06, 1056 6.290872281204408e-07,
571410|1079: 1079 -4.911757231859023e-05, 1057 0.0006323181723772535,
571420|1080: 1080 -0.00012681068067324283, 1058 0.0010898540574841907,
571430|1081: 1081 -0.0008135530288262268, 1059 0.04780325383172036,
571440|1082: 1082 -0.016988901484312386, 1060 0.06027366787477785,
571450|1083: 1083 -0.02794948308709457, 1061 0.1608230117308458,
571460|1084: 1084 -0.11054978956298969, 1062 0.31222845971168706,
571461|1085: 1085 -0.06931471805599453,
571470|1086: 1086 -0.17072590654185846, 1063 0.7748672172836792,
571480|1087: 1087 -0.5501168099682106, 1064 1.1280630585583424,
571490|1088: 1088 -0.6601401719618526, 1065 2.0062983944288884,
571500|1089: 1089 -0.805985093674355, 1066 2.2873856958478194,
571510|1090: 1090 -0.8909346793829631, 1067 2.586825277849716,
571520|1091: 1091 -1.536911708558637, 1068 2.8876693949280097,
571530|1092: 1092 -2.026746141988144, 1069 4.239410992513839,
571540|1093: 1093 -3.040119212982216,
571550|1094: 1094 -3.7671042421736156,
571560|1095: 1095 0.0,
571570|1096: 1096 0.0,
571580|1097: 1097 0.0,
571590|1098: 1098 0.0,
581350|1099: 1099 -1.0878016016320548e-05,
581360|1100: 1100 0.0,
581370|1101: 1101 -2.1393431498763742e-05, 1102 5.552901468293941e-06,
581371|1102: 1102 -5.59711870607191e-06,
581380|1103: 1103 0.0, 1076 7.407627190594901e-20,
581390|1104: 1104 -5.8285866413274694e-08, 1105 0.012648671178101192, 1128 4.3652904032648866e-05,
581391|1105: 1105 -0.012648671178101192, 1128 7.164616548871694e-09,
581400|1106: 1106 0.0, 1078 4.779435419335333e-06, 1129 0.0034078032475906845, 1161 9.591489057368522e-24,
581410|1107: 1107 -2.467866445068503e-07, 1079 4.911757231859023e-05,
581420|1108: 1108 0.0, 1080 0.00012681068067324283, 1131 1.6515013018920128e-09,
581430|1109: 1109 -5.827704561627252e-06, 1081 0.0008135530288262268,
581440|1110: 1110 -2.8158171470817806e-08, 1082 0.016988901484312386,
581450|1111: 1111 -0.0038380242555921666, 1083 0.02794948308709457,
581460|1112: 1112 -0.0008544713764299128, 1084 0.11054978956298969, 1085 0.06931471805599453,
581470|1113: 1113 -0.012289843626949385, 1086 0.1706559089201763,
581480|1114: 1114 -0.012377628224284737, 1087 0.5492916347532583,
581490|1115: 1115 -0.1307824868981029, 1088 0.6507001675027981,
581500|1116: 1116 -0.17328679513998632, 1089 0.7842234961451474,
581510|1117: 1117 -0.39383362531815075, 1090 0.8416847012413523,
581520|1118: 1118 -0.49510512897138953, 1091 1.416514656045279,
581530|1119: 1119 -0.7080155061899339, 1092 0.9392954995044053,
581540|1120: 1120 -0.8943834587870262, 1093 2.4448030686960385,
581550|1121: 1121 -1.471650064883111, 1094 1.7061591823228521,
581560|1122: 1122 -1.8784476437938897,
581570|1123: 1123 -2.854807168698292,
581580|1124: 1124 0.0,
581590|1125: 1125 0.0,
581600|1126: 1126 0.0,
581610|1127: 1127 0.0,
591390|1128: 1128 -4.366006428319131e-05,
591400|1129: 1129 -0.0034078032475906845, 1157 2.380574721672523e-06,
591410|1130: 1130 0.0, 1107 2.467866445068503e-07, 1158 7.7325656019628e-05, 1187 3.474608563954109e-18,
591420|1131: 1131 -1.0070129889585444e-05, 1132 0.000791263904748796,
591421|1132: 1132 -0.000791263904748796,
591430|1133: 1133 -5.911955141455459e-07, 1109 5.827704561627252e-06,
591440|1134: 1134 -0.000668544734336367, 1110 2.7889317249614436e-08, 1135 0.0016033842072535958,
591441|1135: 1135 -0.0016045073624072809, 1110 2.6884858956907424e-10,
591450|1136: 1136 -3.217594978089467e-05, 1111 0.0038380242555921666,
591460|1137: 1137 -0.0004783624434506179, 1112 0.0008544713764299128,
591470|1138: 1138 -0.0008621233589054045, 1113 0.012289843626949385,
591480|1139: 1139 -0.005044739305385336, 1114 0.012377628224284737,
591481|1140: 1140 -0.005747489059369364,
591490|1141: 1141 -0.0051117048713860275, 1115 0.1307824868981029,
591500|1142: 1142 -0.11197854290144511, 1116 0.17328679513998632,
591510|1143: 1143 -0.036674453997880704, 1117 0.39383362531815075,
591520|1144: 1144 -0.19094963651789126, 1118 0.49510512897138953,
591530|1145: 1145 -0.1619502758317629, 1119 0.7079560328874139,
591540|1146: 1146 -0.3013683393738893, 1120 0.8942555619524196,
591550|1147: 1147 -0.8135530288262269, 1121 1.4699606106086252,
591560|1148: 1148 -0.9456305328239363, 1122 1.8666528710385077,
591570|1149: 1149 -1.1591089975918818, 1123 2.8040115847456435,
591580|1150: 1150 -5.1650311517134515,
591590|1151: 1151 -6.570115455544506,
591600|1152: 1152 0.0,
591610|1153: 1153 0.0,
591620|1154: 1154 0.0,
591630|1155: 1155 0.0,
591640|1156: 1156 0.0,
601400|1157: 1157 -2.380574721672523e-06,
601410|1158: 1158 -7.7325656019628e-05,
601420|1159: 1159 0.0, 1131 1.0068478388283552e-05, 1217 2.1324784122714387e-16,
601430|1160: 1160 0.0, 1133 5.911955141455459e-07, 1185 3.02737238190053e-08, 1218 2.0721207391085653e-19,
601440|1161: 1161 -9.591489057368522e-24, 1134 0.000668544734336367, 1135 1.1231551536850965e-06, 1186 2.2100652374755932e-08, 1219 3.1377898016774117e-24,
601450|1162: 1162 0.0, 1136 3.217594978089467e-05, 1187 1.2409316299836104e-09,
601460|1163: 1163 0.0, 1137 0.0004783624434506179, 1188 2.621435180957195e-09,
601470|1164: 1164 -7.306499828812754e-07, 1138 0.0008621233589054045,
601480|1165: 1165 0.0, 1139 0.005044739305385336, 1140 0.005747489059369364,
601490|1166: 1166 -0.0001114241223893945, 1141 0.0051117048713860275,
601500|1167: 1167 0.0, 1142 0.11197854290144511,
601510|1168: 1168 -0.0009286537788852429, 1143 0.036674453997880704,
601520|1169: 1169 -0.001013373070994072, 1144 0.19094963651789126,
601530|1170: 1170 -0.021935037359491937, 1145 0.16194833242845294,
601540|1171: 1171 -0.026762439403858893, 1146 0.300930451176779,
601550|1172: 1172 -0.07788170568089273, 1147 0.8119308040867474,
601560|1173: 1173 -0.1262563170418844, 1148 0.9366659553727653,
601570|1174: 1174 -0.36366588696744245, 1149 1.096182129221616,
601580|1175: 1175 -0.5207717359578853, 1150 4.349885935350035,
601590|1176: 1176 -0.8966975168951427, 1151 4.914643464210957,
601600|1177: 1177 -1.1782206026856115,
601610|1178: 1178 -1.4192202714167594,
601620|1179: 1179 0.0,
601630|1180: 1180 0.0,
601640|1181: 1181 0.0,
601650|1182: 1182 0.0,
601660|1183: 1183 0.0,
601670|1184: 1184 0.0,
611430|1185: 1185 -3.02737238190053e-08, 1244 7.323477587751074e-12,
611440|1186: 1186 -2.2100652374755932e-08,
611450|1187: 1187 -1.2409316299836104e-09, 1216 2.3595696505989422e-08,
611460|1188: 1188 -3.97187148629878e-09,
611470|1189: 1189 -8.372535947875969e-09, 1164 7.306499828812754e-07,
611480|1190: 1190 -1.4945119730914418e-06, 1191 8.160478767391282e-09,
611481|1191: 1191 -1.9429711350931622e-07,
611490|1192: 1192 -3.627371580423393e-06, 1166 0.0001114241223893945,
611500|1193: 1193 -7.184361324211705e-05,
611510|1194: 1194 -6.77960857355189e-06, 1168 0.0009286537788852429,
611520|1195: 1195 -0.0028039934488670927, 1169 0.001013373070994072,
611521|1196: 1196 -0.001536230453368673,
611530|1197: 1197 -0.0022004672398728423, 1170 0.021935037359491937,
611540|1198: 1198 -0.00667771850250429, 1171 0.026762439403858893,
611541|1199: 1199 -0.004310616794527023,
611550|1200: 1200 -0.016702341700239647, 1172 0.07788170568089273,
611560|1201: 1201 -0.025960568560297576, 1173 0.1262563170418844,
611570|1202: 1202 -0.06563893755302512, 1174 0.36366588696744245,
611580|1203: 1203 -0.14440566261665527, 1175 0.5207717359578853,
611590|1204: 1204 -0.47152869425846616, 1176 0.8963881562518138,
611600|1205: 1205 -0.44404047441380223, 1177 1.1774783237059194,
611610|1206: 1206 -0.6508424230609815, 1178 1.4086669494785045,
611620|1207: 1207 -2.5873355004103966,
611630|1208: 1208 -3.465735902799726,
611640|1209: 1209 0.0,
611650|1210: 1210 0.0,
611660|1211: 1211 0.0,
611670|1212: 1212 0.0,
611680|1213: 1213 0.0,
611690|1214: 1214 0.0,
621440|1215: 1215 0.0,
621450|1216: 1216 -2.3595696505989422e-08, 1270 3.7519191556290936e-10,
621460|1217: 1217 -2.1324784122714387e-16, 1188 1.3504363053415854e-09, 1271 1.2270676134618535e-14,
621470|1218: 1218 -2.0721207391085653e-19, 1189 8.372535947875969e-09, 1244 3.3287802142018834e-07, 1272 5.175830201313809e-16,
621480|1219: 1219 -3.1377898016774117e-24, 1190 1.4945119730914418e-06, 1191 1.8613663474192494e-07, 1273 2.0337512853041918e-22,
621490|1220: 1220 0.0, 1192 3.627371580423393e-06, 1245 8.617117950629864e-08,
621500|1221: 1221 0.0, 1193 7.184361324211705e-05,
621510|1222: 1222 -2.440504406621923e-10, 1194 6.77960857355189e-06,
621520|1223: 1223 0.0, 1195 0.0028039934488670927, 1196 0.001536230453368673, 1247 1.1698618129512765e-09, 1248 5.5829262972509e-06,
621530|1224: 1224 -4.140664161051047e-06, 1197 0.0022004672398728423,
621540|1225: 1225 0.0, 1198 0.00667771850250429, 1199 0.004310616794527023, 1250 4.596686862426736e-13,
621550|1226: 1226 -0.0005180472201494359, 1200 0.016702341700239647,
621560|1227: 1227 -2.0483072711582307e-05, 1201 0.025960568560297576,
621570|1228: 1228 -0.0014380646899583927, 1202 0.06563893755302512,
621580|1229: 1229 -0.0021797081149683814, 1203 0.14440566261665527,
621590|1230: 1230 -0.06096281271415526, 1204 0.47152775120107765,
621600|1231: 1231 -0.07220283130832764, 1205 0.4431972415528904,
621610|1232: 1232 -0.14440566261665527, 1206 0.6489354547614128,
621620|1233: 1233 -0.28881132523331055, 1207 2.5707041078137585,
621630|1234: 1234 -0.39653728864985427, 1208 3.465735902799726,
621640|1235: 1235 -0.5653729042087645,
621650|1236: 1236 -0.9072607075391954,
621660|1237: 1237 0.0,
621670|1238: 1238 0.0,
621680|1239: 1239 0.0,
621690|1240: 1240 0.0,
621700|1241: 1241 0.0,
621710|1242: 1242 0.0,
621720|1243: 1243 0.0,
631470|1244: 1244 -3.328853448977761e-07,
631490|1245: 1245 -8.617117950629864e-08, 1270 8.641223093814633e-07,
631510|1246: 1246 0.0, 1222 2.440504406621923e-10, 1272 6.469787751642261e-08,
631520|1247: 1247 -1.6225545255912296e-09,
631521|1248: 1248 -2.0677504804632962e-05,
631530|1249: 1249 0.0, 1224 4.140664161051047e-06, 1274 3.337155308753456e-08,
631540|1250: 1250 -2.5537149235704088e-09, 1251 0.00025114028281157435,
631541|1251: 1251 -0.00025114028281157435,
631550|1252: 1252 -4.621196859586416e-09, 1226 0.0005180472201494359,
631560|1253: 1253 -5.281443292238349e-07, 1227 2.0483072711582307e-05,
631570|1254: 1254 -1.2683852667251232e-05, 1228 0.0014380646899583927,
631580|1255: 1255 -0.00025168742939722053, 1229 0.0021797081149683814,
631590|1256: 1256 -0.0006382570723388078, 1230 0.06096281271415526,
631600|1257: 1257 -0.018240715277893296, 1231 0.07220283130832764,
631610|1258: 1258 -0.02665950694461328, 1232 0.14440566261665527,
631620|1259: 1259 -0.06539124344905145, 1233 0.28881132523331055,
631630|1260: 1260 -0.09001911435843445, 1234 0.39653728864985427,
631640|1261: 1261 -0.24372263732768823, 1235 0.5653729042087645,
631650|1262: 1262 -0.3013683393738893, 1236 0.9062509263717042,
631660|1263: 1263 -1.732867951399863,
631670|1264: 1264 -3.465735902799726,
631680|1265: 1265 0.0,
631690|1266: 1266 0.0,
631700|1267: 1267 0.0,
631710|1268: 1268 0.0,
631720|1269: 1269 0.0,
641490|1270: 1270 -8.644975012970263e-07,
641500|1271: 1271 -1.2270676134618535e-14, 1316 7.321502908543376e-15,
641510|1272: 1272 -6.469787751642261e-08,
641520|1273: 1273 -2.0337512853041918e-22, 1247 4.5269271263995307e-10, 1248 1.5094578507382062e-05,
641530|1274: 1274 -3.337155308753456e-08, 1294 3.428434535058292e-06,
641540|1275: 1275 0.0, 1250 2.553255254884166e-09,
641550|1276: 1276 0.0, 1252 4.621196859586416e-09, 1295 1.5079956413602264e-06,
641560|1277: 1277 0.0, 1253 5.281443292238349e-07, 1296 1.4995395910348418e-06,
641570|1278: 1278 0.0, 1254 1.2683852667251232e-05, 1298 3.0935922259759496e-10,
641580|1279: 1279 0.0, 1255 0.00025168742939722053, 1299 1.0176885459697069e-10,
641590|1280: 1280 -1.0419442799332956e-05, 1256 0.0006382570723388078,
641600|1281: 1281 0.0, 1257 0.018240715277893296,
641610|1282: 1282 -0.0031564079260471096, 1258 0.02665950694461328,
641620|1283: 1283 -0.0013752920249205263, 1259 0.06539124344905145,
641630|1284: 1284 -0.01019334089058743, 1260 0.09001911435843445,
641640|1285: 1285 -0.015403270679109895, 1261 0.24372263732768823,
641650|1286: 1286 -0.06729584277281021, 1262 0.3005383709672536,
641660|1287: 1287 -0.14440566261665527, 1263 1.732867951399863,
641670|1288: 1288 -0.23104906018664842, 1264 3.465735902799726,
641680|1289: 1289 -2.3104906018664844,
641690|1290: 1290 -0.6931471805599453,
641700|1291: 1291 0.0,
641710|1292: 1292 0.0,
641720|1293: 1293 0.0,
651530|1294: 1294 -3.428434535058292e-06,
651550|1295: 1295 -1.5079956413602264e-06, 1317 1.9448574089785222e-05,
651560|1296: 1296 -1.4995395910348418e-06, 1297 7.891019815117774e-06,
651561|1297: 1297 -7.891019815117774e-06,
651570|1298: 1298 -3.0935922259759496e-10, 1319 2.3653671190279322e-05,
651580|1299: 1299 -1.2202500551195526e-10, 1300 0.06478011033270517,
651581|1300: 1300 -0.06478011033270517,
651590|1301: 1301 0.0, 1280 1.0419442799332956e-05, 1321 5.555755603147956e-08,
651600|1302: 1302 -1.1096178163259204e-07,
651610|1303: 1303 -1.1616771199205354e-06, 1282 0.0031564079260471096,
651620|1304: 1304 -0.001520059606491108, 1283 0.0013752920249205263,
651621|1305: 1305 0.0,
651630|1306: 1306 -0.0005924334876580728, 1284 0.01019334089058743,
651640|1307: 1307 -0.003850817669777474, 1285 0.015403270679109895,
651650|1308: 1308 -0.005475096212953754, 1286 0.06729584277281021,
651660|1309: 1309 -0.027615425520316542, 1287 0.14440566261665527,
651670|1310: 1310 -0.03572923611133739, 1288 0.23104906018664842,
651680|1311: 1311 -0.08453014397072504, 1289 2.3104906018664844,
651690|1312: 1312 -0.34657359027997264, 1290 0.6931471805599453,
651700|1313: 1313 -0.23104906018664842,
651710|1314: 1314 -1.3862943611198906,
651720|1315: 1315 0.0,
661540|1316: 1316 -7.321502908543376e-15,
661550|1317: 1317 -1.9448574089785222e-05,
661560|1318: 1318 0.0,
661570|1319: 1319 -2.3653671190279322e-05,
661580|1320: 1320 0.0, 1299 2.0256150914984575e-11,
661590|1321: 1321 -5.555755603147956e-08, 1336 0.00034954472040340156,
661600|1322: 1322 0.0, 1302 1.1096178163259204e-07,
661610|1323: 1323 0.0, 1303 1.1616771199205354e-06, 1338 7.763745301970713e-05,
661620|1324: 1324 0.0, 1304 0.001520059606491108, 1340 0.0007701635339554948, 1341 6.552137527681075e-05,
661630|1325: 1325 0.0, 1306 0.0005924334876580728, 1342 4.8062459648583765e-12,
661640|1326: 1326 0.0, 1307 0.003850817669777474, 1344 0.0002390162691586018,
661650|1327: 1327 -8.24939517947188e-05, 1308 0.005475096212953754, 1328 0.008984628529771976,
661651|1328: 1328 -0.009190495631927144,
661660|1329: 1329 -2.359569650598942e-06, 1309 0.027615425520316542,
661670|1330: 1330 -0.0018632988724729713, 1310 0.03572923611133739,
661680|1331: 1331 -0.0013278681619922324, 1311 0.08453014397072504,
661690|1332: 1332 -0.017773004629742187, 1312 0.34657359027997264,
661700|1333: 1333 -0.023104906018664842, 1313 0.23104906018664842,
661710|1334: 1334 -0.11552453009332421, 1314 1.3862943611198906,
661720|1335: 1335 -0.23104906018664842,
671590|1336: 1336 -0.00034954472040340156, 1337 0.08351170850119823,
671591|1337: 1337 -0.08351170850119823,
671610|1338: 1338 -7.763745301970713e-05, 1339 0.10253656517158954, 1356 5.998158364139367e-05,
671611|1339: 1339 -0.10253656517158954,
671620|1340: 1340 -0.0007701635339554948, 1341 0.00010690329650427017,
671621|1341: 1341 -0.00017242467178108092,
671630|1342: 1342 -4.8062459648583765e-12, 1343 0.6359148445504085, 1358 0.00015403070436591066,
671631|1343: 1343 -0.6359148445504085, 1358 2.0794415416798357e-09,
671640|1344: 1344 -0.0003983604485976697, 1345 0.0003080654135821979,
671641|1345: 1345 -0.0003080654135821979,
671650|1346: 1346 0.0, 1327 8.24939517947188e-05, 1328 0.00020586710215516802, 1360 1.8585027363790896e-05,
671660|1347: 1347 -7.184361324211705e-06, 1329 2.359569650598942e-06,
671661|1348: 1348 -1.8303766938214672e-11,
671670|1349: 1349 -6.21099624157657e-05, 1330 0.0018632988724729713,
671680|1350: 1350 -0.0038636966586396058, 1331 0.0013278681619922324,
671690|1351: 1351 -0.0024475536036721235, 1332 0.017773004629742187,
671700|1352: 1352 -0.004185671380192907, 1333 0.023104906018664842,
671701|1353: 1353 -0.0161197018734871,
671710|1354: 1354 -0.013078248689810288, 1334 0.11552453009332421,
671720|1355: 1355 -0.027725887222397813, 1335 0.23104906018664842,
681610|1356: 1356 -5.998158364139367e-05,
681620|1357: 1357 0.0,
681630|1358: 1358 -0.00015403270679109895,
681640|1359: 1359 0.0, 1344 0.0001593441794390679,
681650|1360: 1360 -1.8585027363790896e-05, 1369 6.405219011605911e-06,
681660|1361: 1361 0.0, 1347 7.184361324211705e-06, 1348 1.8303766938214672e-11, 1370 2.500530954400957e-05,
681670|1362: 1362 0.0, 1349 5.470260407813666e-05, 1363 0.30548575608635753, 1371 8.673012769769085e-07,
681671|1363: 1363 -0.30548575608635753, 1349 7.40735833762905e-06,
681680|1364: 1364 0.0, 1350 0.0038636966586396058, 1372 8.616256238834801e-08,
681690|1365: 1365 -8.541881212467085e-07, 1351 0.0024475536036721235,
681700|1366: 1366 0.0, 1352 0.004185671380192907, 1353 0.0161197018734871, 1374 8.172286981671572e-11,
681710|1367: 1367 -2.561746720181928e-05, 1354 0.013078248689810288,
681720|1368: 1368 -3.905494594094801e-06, 1355 0.027725887222397813,
691650|1369: 1369 -6.405219011605911e-06,
691660|1370: 1370 -2.500530954400957e-05,
691670|1371: 1371 -8.673012769769085e-07, 1377 0.0006601401719618527,
691680|1372: 1372 -8.617117950629864e-08,
691690|1373: 1373 0.0, 1365 8.541881212467085e-07, 1379 2.505628987405635e-07,
691700|1374: 1374 -6.238387008909597e-08,
691710|1375: 1375 -1.1439846784153735e-08, 1367 2.561746720181928e-05,
691720|1376: 1376 -3.0273723819005295e-06, 1368 3.905494594094801e-06,
701670|1377: 1377 -0.0006601401719618527,
701680|1378: 1378 0.0, 1372 8.617117950629864e-12,
701690|1379: 1379 -2.505628987405635e-07, 1380 0.015068416968694463,
701691|1380: 1380 -0.015068416968694463,
701700|1381: 1381 0.0, 1374 6.230214721927926e-08, 1394 1.0982254362815063e-23,
701710|1382: 1382 0.0, 1375 1.1439846784153735e-08, 1388 9.736088364121848e-07,
701720|1383: 1383 0.0, 1376 3.0273723819005295e-06, 1390 1.197393554035284e-06,
701730|1384: 1384 0.0,
701740|1385: 1385 0.0,
701750|1386: 1386 -1.916974148634744e-06,
701760|1387: 1387 0.0,
711710|1388: 1388 -9.736088364121848e-07, 1389 0.008774014943796775,
711711|1389: 1389 -0.008774014943796775,
711720|1390: 1390 -1.197393554035284e-06, 1391 0.0031222845971168706,
711721|1391: 1391 -0.0031222845971168706,
711750|1392: 1392 0.0, 1386 1.916974148634744e-06, 1395 1.146076687433772e-07,
711760|1393: 1393 -5.841603787049608e-19,
721740|1394: 1394 -1.0982254362815063e-23,
721750|1395: 1395 -1.146076687433772e-07,
721760|1396: 1396 0.0, 1393 5.841603787049608e-19, 1406 1.2202500551195525e-26,
721770|1397: 1397 0.0,
721780|1398: 1398 0.0,
721790|1399: 1399 0.0,
721800|1400: 1400 0.0, 1403 2.0307230782490968e-05,
721810|1401: 1401 -1.892552028832615e-07,
721820|1402: 1402 -2.467919165429214e-15, 1412 1.293185038358107e-28,
731800|1403: 1403 -2.3613059049408103e-05,
731810|1404: 1404 0.0, 1401 1.892552028832615e-07, 1407 6.619242153231522e-08,
731820|1405: 1405 -6.991923980333416e-08, 1402 2.467919165429214e-15,
741800|1406: 1406 -1.2202500551195525e-26, 1403 3.3058282669171347e-06,
741810|1407: 1407 -6.619242153231522e-08,
741820|1408: 1408 0.0, 1405 6.991923980333416e-08, 1419 1.0982254362815063e-23,
741830|1409: 1409 0.0,
741840|1410: 1410 0.0,
741850|1411: 1411 -1.0682472452778167e-07,
741860|1412: 1412 -1.293185038358107e-28, 1414 1.6117142880034587e-07,
751850|1413: 1413 0.0, 1411 1.0682472452778167e-07, 1418 8.571086337645731e-08,
751860|1414: 1414 -2.1575827148640677e-06, 1415 1.0982254362815064e-13,
751861|1415: 1415 -1.0982254362815064e-13,
751870|1416: 1416 -5.072649955797146e-19,
761840|1417: 1417 0.0,
761850|1418: 1418 -8.571086337645731e-08,
761860|1419: 1419 -1.0982254362815063e-23, 1414 1.996411286063722e-06, 1432 3.379161778046183e-20,
761870|1420: 1420 0.0, 1416 5.072649955797146e-19,
761880|1421: 1421 0.0,
761890|1422: 1422 0.0,
761900|1423: 1423 0.0,
761910|1424: 1424 -5.209439488335328e-07,
761920|1425: 1425 0.0, 1428 5.292070844656681e-09,
771910|1426: 1426 0.0, 1427 0.1414874832741264, 1433 2.8344440905850744e-06,
771911|1427: 1427 -0.1414874832741264, 1424 5.209439488335328e-07, 1433 2.8699299004013845e-08,
771920|1428: 1428 -1.0866675245701603e-07,
771930|1429: 1429 0.0, 1435 4.3929017451260253e-10,
771940|1430: 1430 -9.986560346933283e-06, 1431 21.762862811929207,
771941|1431: 1431 -21.762862811929207,
781900|1432: 1432 -3.379161778046183e-20,
781910|1433: 1433 -2.863144248532363e-06,
781920|1434: 1434 0.0, 1428 1.0337468161235935e-07,
781930|1435: 1435 -4.3929017451260253e-10,
781940|1436: 1436 0.0, 1430 9.986560346933283e-06,
781950|1437: 1437 0.0,
781960|1438: 1438 0.0,
781970|1439: 1439 -9.679555764465914e-06,
781980|1440: 1440 0.0,
791970|1441: 1441 0.0, 1439 9.679555764465914e-06, 1442 0.08966975168951426, 1444 3.0018846817722745e-06,
791971|1442: 1442 -0.08966975168951426, 1445 6.957359655480309e-07,
801960|1443: 1443 0.0,
801970|1444: 1444 -3.0018846817722745e-06, 1445 7.3942171222197715e-06,
801971|1445: 1445 -8.089953087767803e-06,
801980|1446: 1446 0.0,
801990|1447: 1447 0.0,
802000|1448: 1448 0.0, 1462 1.575334501272603e-25,
802010|1449: 1449 0.0,
802020|1450: 1450 0.0,
802030|1451: 1451 -1.7217967979887952e-07,
802040|1452: 1452 0.0, 1455 1.6953893947454727e-10,
802060|1453: 1453 -0.0013885159866986083, 1468 1.8798445900660684e-17,
812030|1454: 1454 0.0, 1451 1.7217967979887952e-07,
812040|1455: 1455 -5.806128064196824e-09,
812050|1456: 1456 0.0, 1463 1.269625898092385e-15, 1473 1.1560275462395309e-27,
812060|1457: 1457 -0.002749274871330895, 1453 0.0013885159866986083, 1474 2.1128778333932847e-12, 1475 7.225167645209578e-15,
812070|1458: 1458 -0.002421897905520424, 1476 0.005383443102348909,
812080|1459: 1459 -0.0037839675759359388, 1477 6.857062942285835e-05,
812090|1460: 1460 -0.00525111500424201, 1478 5.5747744287193075e-06,
812100|1461: 1461 -0.008886502314871094, 1479 1.2191030813868385e-07,
822040|1462: 1462 -1.575334501272603e-25, 1455 5.636589124722277e-09, 1481 7.578894444881223e-09,
822050|1463: 1463 -1.269625898092385e-15, 1482 2.1430437732790831e-10,
822060|1464: 1464 0.0, 1457 0.002749274871330895, 1483 5.7976294199414945e-08,
822070|1465: 1465 0.0, 1458 0.002421897905520424, 1484 1.3433084894572582,
822080|1466: 1466 0.0, 1459 0.0037839675759359388, 1472 5.96861485688652e-14, 1485 2318217.9951837636,
822090|1467: 1467 -5.918871303070203e-05, 1460 0.00525111500424201, 1486 165035.04299046317,
822100|1468: 1468 -9.89391889508457e-10, 1461 0.00888574696217433, 1487 4218.789899938803,
822110|1469: 1469 -0.0003200125487349701, 1488 389.1891040233488,
822120|1470: 1470 -1.8095947696322715e-05, 1489 4.780325383172037,
822140|1471: 1471 -0.00043106167945270227, 1490 0.0037282577529795208,
832080|1472: 1472 -5.96861485688652e-14, 1481 3.031679045114294e-13,
832090|1473: 1473 -1.1560275462395309e-27, 1467 5.918871303070203e-05, 1482 1.0336223986876606e-12,
832100|1474: 1474 -1.6006650252979428e-06, 1468 9.89391889508457e-10,
832101|1475: 1475 -7.225167645209578e-15,
832110|1476: 1476 -0.005398342527725431, 1469 0.0003200125487349701, 1491 6931.471805599453,
832120|1477: 1477 -0.0001907919572144083, 1470 1.8095947696322715e-05,
832130|1478: 1478 -0.00025339883766905944, 1492 21.458162856263346,
832140|1479: 1479 -0.0005805252768508755, 1471 0.00043106167945270227, 1493 0.46163602225292355,
832150|1480: 1480 -0.0015003185726405741, 1494 0.012006299377556194,
842080|1481: 1481 -7.579197612785734e-09,
842090|1482: 1482 -2.1533799972659598e-10,
842100|1483: 1483 -5.7976294199414945e-08, 1474 1.6006634246329175e-06,
842110|1484: 1484 -1.3433084894572582, 1476 1.4899425376522188e-05,
842120|1485: 1485 -2318217.9951837636, 1477 0.00012222132779154995,
842130|1486: 1486 -165035.04299046317, 1478 0.0002478240632403401, 1495 1283.6058899258246,
842140|1487: 1487 -4218.789899938803, 1479 0.0005804033665427368, 1496 19.804205158855577,
842150|1488: 1488 -389.1898824031136, 1480 0.0015003185726405741, 1497 0.175037166808067,
842160|1489: 1489 -4.780325383172037, 1498 0.012466675909351533,
842180|1490: 1490 -0.003729003553690259, 1499 2.098220616194779e-06,
852150|1491: 1491 -6931.471805599453, 1488 0.0008951367295271613,
852170|1492: 1492 -21.459665032815643, 1500 0.002357643471292331,
852180|1493: 1493 -0.46209812037329684, 1490 7.458007107380518e-07,
852190|1494: 1494 -0.012377628224284737, 1502 3.150669002545206e-08,
862170|1495: 1495 -1283.6058899258246, 1492 0.0015021765522970948,
862180|1496: 1496 -19.804205158855577, 1493 0.00046209812037329687, 1503 0.01916359360132555,
862190|1497: 1497 -0.175037166808067, 1494 0.0003713288467285421, 1504 7.018842355237448e-07,
862200|1498: 1498 -0.012466675909351533, 1505 2.191949948643826e-06,
862220|1499: 1499 -2.098220616194779e-06, 1507 1.3727807078319924e-11,
872210|1500: 1500 -0.002357643471292331, 1509 8.022536812036404e-07,
872220|1501: 1501 -0.0008135530288262268, 1510 3.933419478832966e-10,
872230|1502: 1502 -0.000525111500424201, 1511 1.3922021406384258e-11,
882220|1503: 1503 -0.01916359360132555, 1501 0.0008135530288262268, 1513 0.00037790163589572853,
882230|1504: 1504 -7.018842355237448e-07, 1502 0.0005250799937341756, 1514 4.2947252427890904e-07,
882240|1505: 1505 -2.191949948643826e-06, 1515 1.1487719708773483e-08,
882250|1506: 1506 -5.384252893984164e-07, 1516 2.9924370903970733e-12,
882260|1507: 1507 -1.3727807078319924e-11, 1510 1.1142721813620654e-06, 1517 2.9138400316122147e-13,
882280|1508: 1508 -3.819918771272073e-09, 1519 1.5633112168232171e-18,
892250|1509: 1509 -8.022536812036404e-07, 1506 5.384252893984164e-07, 1522 2.567211779851649e-08,
892260|1510: 1510 -6.555699131388277e-06, 1523 1.4754090688802582e-11,
892270|1511: 1511 -1.00884213089741e-09, 1524 6.704653381696655e-13,
892280|1512: 1512 -3.130746072989816e-05, 1508 3.819918771272073e-09,
902260|1513: 1513 -0.00037790163589572853, 1510 5.441033608078328e-06, 1529 3.856988851940579e-07,
902270|1514: 1514 -4.2947252427890904e-07, 1511 9.949201094910258e-10, 1530 7.640511249558481e-11,
902280|1515: 1515 -1.1487719708773483e-08, 1512 3.130746072989816e-05, 1531 3.18788025939119e-10,
902290|1516: 1516 -2.9924370903970733e-12, 1522 5.322685756892419e-06, 1532 1.3796801743639895e-13,
902300|1517: 1517 -2.9138400316122147e-13, 1523 4.2509486092578e-07, 1533 8.946847655274166e-14,
902310|1518: 1518 -7.544705465864957e-06, 1534 3.120850692744529e-17,
902320|1519: 1519 -1.5633112168232171e-18, 1525 1.8233038209173646e-08, 1536 9.378526254432142e-16,
902330|1520: 1520 -0.0005180472201494359,
902340|1521: 1521 -3.328853448977761e-07, 1538 4.915972315831639e-18,
912290|1522: 1522 -5.3483578746909356e-06,
912300|1523: 1523 -4.610653340250807e-07,
912310|1524: 1524 -6.704653381696655e-13, 1518 7.544705465864957e-06, 1530 1.9100514072771244e-06, 1543 5.264660152594986e-13,
912320|1525: 1525 -6.077679403057881e-06, 1544 2.871179276226859e-16,
912330|1526: 1526 -2.974063693062615e-07, 1520 0.0005180472201494359, 1546 1.024463941589792e-14,
912340|1527: 1527 -2.873744529684682e-05, 1528 1.5948166363185398e-05,
912341|1528: 1528 -0.009967603976990872, 1521 3.328853448977761e-07,
922300|1529: 1529 -3.856988851940579e-07, 1523 3.595571900861189e-08,
922310|1530: 1530 -1.91012781238962e-06,
922320|1531: 1531 -3.18788025939119e-10, 1525 6.0594463648487075e-06, 1552 7.685274244607538e-09,
922330|1532: 1532 -1.3796801743639895e-13, 1526 2.974063693062615e-07, 1553 7.382695098906423e-12,
922340|1533: 1533 -8.946847655274166e-14, 1527 2.873744529684682e-05, 1528 0.009951655810627687, 1542 1.8233038209173645e-06, 1554 2.504506361323693e-10,
922350|1534: 1534 -3.120850692744529e-17, 1535 0.0004443251157435547, 1543 2.024816642858084e-08, 1555 4.214979562829004e-16,
922351|1535: 1535 -0.0004443251157435547, 1555 9.10590275421232e-13,
922360|1536: 1536 -9.378526254432142e-16, 1544 1.2389138576918897e-13, 1545 4.278686299752749e-06, 1556 3.3477446428620532e-12,
922370|1537: 1537 -1.1885239721535413e-06, 1557 3.7657843798576937e-14,
922380|1538: 1538 -4.915972315831639e-18, 1558 5.880677663352584e-14,
922390|1539: 1539 -0.0004926419193745169,
922400|1540: 1540 -1.3655381807721538e-05, 1560 2.7049401660763226e-16,
922410|1541: 1541 -0.0023104906018664843,
932340|1542: 1542 -1.8233038209173645e-06,
932350|1543: 1543 -2.02486928945961e-08,
932360|1544: 1544 -1.4355896381134295e-13, 1563 7.201332256473622e-12,
932361|1545: 1545 -8.557372599505497e-06,
932370|1546: 1546 -1.024463941589792e-14, 1537 1.1885239721535413e-06, 1553 1.7577107204076835e-07, 1564 5.0773317845261816e-11,
932380|1547: 1547 -3.7895739442014626e-06, 1566 7.150151156211427e-13,
932390|1548: 1548 -3.405158139498056e-06, 1539 0.0004926419193745169, 1567 2.9802527326508955e-12,
932400|1549: 1549 -0.00018663090483574186, 1550 1.9200752924098206e-06,
932401|1550: 1550 -0.0016000627436748506, 1540 1.3655381807721538e-05,
932410|1551: 1551 -0.0008311117272901022, 1541 0.0023104906018664843,
942360|1552: 1552 -7.685274244607538e-09, 1544 1.93804601145313e-14, 1545 4.278686299752749e-06, 1572 2.971309930383853e-07,
942370|1553: 1553 -1.7577845473586724e-07, 1573 2.4458953695232936e-09,
942380|1554: 1554 -2.504506361323693e-10, 1547 3.7895739442014626e-06, 1574 4.923619694274366e-08,
942390|1555: 1555 -9.110120740114993e-13, 1548 3.405158139498056e-06, 1575 7.52605342477858e-10,
942400|1556: 1556 -3.3477446428620532e-12, 1549 0.00018663090483574186, 1550 0.0015981426683824409, 1563 3.790167291478479e-06, 1576 1.2128377685225135e-09,
942410|1557: 1557 -1.5370548489215077e-09, 1551 0.0008311117272901022, 1577 2.584055996719152e-12,
942420|1558: 1558 -5.880707066887919e-14, 1565 2.0792492411719817e-06, 1578 4.613193638048512e-12,
942430|1559: 1559 -3.885005720114482e-05, 1579 1.4079800701605027e-15,
942440|1560: 1560 -2.708325573042626e-16, 1569 1.6040136678342325e-07, 1580 5.782117393106592e-14,
942450|1561: 1561 -1.833722699894035e-05,
942460|1562: 1562 -7.400864217745759e-07, 1582 4.76338888934326e-13,
952400|1563: 1563 -3.790174871828222e-06,
952410|1564: 1564 -5.0773317845261816e-11, 1557 1.5370179596051335e-09, 1573 2.4214364158280604e-07, 1583 1.948794367296292e-09,
952420|1565: 1565 -1.2018781740878508e-05, 1566 1.5506169852732934e-10,
952421|1566: 1566 -1.5577671364295047e-10,
952430|1567: 1567 -2.9802527326508955e-12, 1559 3.885005720114482e-05, 1575 2.1889033127928874e-12, 1585 1.5916306285030718e-11,
952440|1568: 1568 -1.9063453810779574e-05, 1586 2.4421725455209754e-09,
952441|1569: 1569 -0.0004443251157435547,
952450|1570: 1570 -9.392238218969448e-05, 1561 1.833722699894035e-05, 1587 3.6352119929539957e-13,
952461|1571: 1571 -0.00046209812037329687, 1562 7.400864217745759e-07,
962400|1572: 1572 -2.971309930383853e-07,
962410|1573: 1573 -2.4458953695232937e-07,
962420|1574: 1574 -4.923619694274366e-08, 1565 9.939532499706526e-06, 1590 5.3932912719077515e-06,
962430|1575: 1575 -7.547942457906509e-10, 1591 2.1668588173989003e-08,
962440|1576: 1576 -1.212838981361495e-09, 1568 1.9063453810779574e-05, 1569 0.00044416471437677126, 1592 2.405488503289012e-08,
962450|1577: 1577 -2.584055996719152e-12, 1570 9.392238218969448e-05, 1583 1.6220465117129474e-06, 1593 6.257704736608784e-11,
962460|1578: 1578 -4.614397995925448e-12, 1571 0.00046209812037329687, 1584 4.45696489557578e-06, 1594 1.6779524271958536e-09,
962470|1579: 1579 -1.4079800701605027e-15, 1595 2.4459385242087508e-11,
962480|1580: 1580 -6.311666186122249e-14, 1596 8.04756631260364e-09,
962490|1581: 1581 -0.00018008500404259424, 1597 1.3964025135079934e-09,
962500|1582: 1582 -2.6463271607462556e-12, 1598 4.110721341704604e-10,
972450|1583: 1583 -1.6239953060802436e-06,
972460|1584: 1584 -4.45696489557578e-06,
972470|1585: 1585 -1.5916306285030718e-11, 1591 6.188858333750887e-05, 1599 2.9172861134677833e-08,
972480|1586: 1586 -2.4421725455209754e-09, 1600 1.3266007298183957e-08,
972490|1587: 1587 -2.5070427537613763e-08, 1581 0.00018008500404259424, 1601 3.919163527063317e-07,
972500|1588: 1588 -5.994423520824212e-05, 1582 2.1170617285970046e-13, 1602 2.9098767051906774e-08, 1603 1.5677629189933735e-08,
972510|1589: 1589 -0.00020777793182252555, 1604 1.612503694953348e-08,
982460|1590: 1590 -5.393302058511868e-06,
982470|1591: 1591 -6.191025192568287e-05,
982480|1592: 1592 -2.4055582644786817e-08,
982490|1593: 1593 -6.257704736608784e-11, 1587 2.50700514812007e-08,
982500|1594: 1594 -1.6792454461894196e-09, 1588 5.994423520824212e-05, 1605 5.939101829810132e-05,
982510|1595: 1595 -2.4459385242087508e-11, 1589 0.00020777793182252555, 1599 5.805399365800889e-06, 1606 9.593467039804369e-06,
982520|1596: 1596 -8.304336393903124e-09, 1600 3.741694366154449e-09,
982530|1597: 1597 -4.50452423712256e-07,
982540|1598: 1598 -1.326039142485356e-07, 1603 3.919407297483434e-09,
992510|1599: 1599 -5.834572226935566e-06,
992520|1600: 1600 -1.7007701664338406e-08,
992530|1601: 1601 -3.919163527063317e-07, 1597 4.49056021198748e-07,
992540|1602: 1602 -2.9098767051906774e-08, 1603 7.593851638874153e-08,
992541|1603: 1603 -4.899259121854292e-06,
992550|1604: 1604 -2.0157127668433176e-07,
1002540|1605: 1605 -5.942619860767707e-05, 1603 4.801273939417206e-06,
1002550|1606: 1606 -9.593467039804369e-06, 1604 1.854379148410712e-07,
