TIME      22801863.71135209528502329.6391901234202795.56702814
SYS BU    1.33333E-01  1.66667E-01  2.00000E-01  
CELL BU   1.33333E-01  1.66667E-01  2.00000E-01  
FLUX      6.39082E+12  6.35402E+12  6.31887E+12  
POW DENS  9.08389E+00  9.08389E+00  9.08389E+00  
POW       6.00000E-02  6.00000E-02  6.00000E-02  

10010     0.00000E+00  0.00000E+00  0.00000E+00  
10020     0.00000E+00  0.00000E+00  0.00000E+00  
10030     0.00000E+00  0.00000E+00  0.00000E+00  
20030     0.00000E+00  0.00000E+00  0.00000E+00  
20040     0.00000E+00  0.00000E+00  0.00000E+00  
30060     0.00000E+00  0.00000E+00  0.00000E+00  
30070     0.00000E+00  0.00000E+00  0.00000E+00  
40070     0.00000E+00  0.00000E+00  0.00000E+00  
40090     0.00000E+00  0.00000E+00  0.00000E+00  
40100     0.00000E+00  0.00000E+00  0.00000E+00  
50100     0.00000E+00  0.00000E+00  0.00000E+00  
50110     0.00000E+00  0.00000E+00  0.00000E+00  
60120     0.00000E+00  0.00000E+00  0.00000E+00  
60130     0.00000E+00  0.00000E+00  0.00000E+00  
60140     0.00000E+00  0.00000E+00  0.00000E+00  
70140     0.00000E+00  0.00000E+00  0.00000E+00  
70150     0.00000E+00  0.00000E+00  0.00000E+00  
80160     0.00000E+00  0.00000E+00  0.00000E+00  
80170     0.00000E+00  0.00000E+00  0.00000E+00  
80180     0.00000E+00  0.00000E+00  0.00000E+00  
90190     0.00000E+00  0.00000E+00  0.00000E+00  
100200    0.00000E+00  0.00000E+00  0.00000E+00  
100210    0.00000E+00  0.00000E+00  0.00000E+00  
100220    0.00000E+00  0.00000E+00  0.00000E+00  
110220    0.00000E+00  0.00000E+00  0.00000E+00  
110230    0.00000E+00  0.00000E+00  0.00000E+00  
120240    0.00000E+00  0.00000E+00  0.00000E+00  
120250    0.00000E+00  0.00000E+00  0.00000E+00  
120260    0.00000E+00  0.00000E+00  0.00000E+00  
130261    0.00000E+00  0.00000E+00  0.00000E+00  
130270    0.00000E+00  0.00000E+00  0.00000E+00  
140280    0.00000E+00  0.00000E+00  0.00000E+00  
140290    0.00000E+00  0.00000E+00  0.00000E+00  
140300    0.00000E+00  0.00000E+00  0.00000E+00  
140310    0.00000E+00  0.00000E+00  0.00000E+00  
140320    0.00000E+00  0.00000E+00  0.00000E+00  
150310    0.00000E+00  0.00000E+00  0.00000E+00  
150320    0.00000E+00  0.00000E+00  0.00000E+00  
160320    0.00000E+00  0.00000E+00  0.00000E+00  
160330    0.00000E+00  0.00000E+00  0.00000E+00  
160340    0.00000E+00  0.00000E+00  0.00000E+00  
160350    0.00000E+00  0.00000E+00  0.00000E+00  
160360    0.00000E+00  0.00000E+00  0.00000E+00  
170350    0.00000E+00  0.00000E+00  0.00000E+00  
170360    0.00000E+00  0.00000E+00  0.00000E+00  
170370    0.00000E+00  0.00000E+00  0.00000E+00  
180360    0.00000E+00  0.00000E+00  0.00000E+00  
180370    0.00000E+00  0.00000E+00  0.00000E+00  
180380    0.00000E+00  0.00000E+00  0.00000E+00  
180390    0.00000E+00  0.00000E+00  0.00000E+00  
180400    0.00000E+00  0.00000E+00  0.00000E+00  
180410    0.00000E+00  0.00000E+00  0.00000E+00  
190390    0.00000E+00  0.00000E+00  0.00000E+00  
190400    0.00000E+00  0.00000E+00  0.00000E+00  
190410    0.00000E+00  0.00000E+00  0.00000E+00  
200400    0.00000E+00  0.00000E+00  0.00000E+00  
200410    0.00000E+00  0.00000E+00  0.00000E+00  
200420    0.00000E+00  0.00000E+00  0.00000E+00  
200430    0.00000E+00  0.00000E+00  0.00000E+00  
200440    0.00000E+00  0.00000E+00  0.00000E+00  
200450    0.00000E+00  0.00000E+00  0.00000E+00  
200460    0.00000E+00  0.00000E+00  0.00000E+00  
200470    0.00000E+00  0.00000E+00  0.00000E+00  
200480    0.00000E+00  0.00000E+00  0.00000E+00  
210450    0.00000E+00  0.00000E+00  0.00000E+00  
210451    0.00000E+00  0.00000E+00  0.00000E+00  
210470    0.00000E+00  0.00000E+00  0.00000E+00  
210480    0.00000E+00  0.00000E+00  0.00000E+00  
220460    0.00000E+00  0.00000E+00  0.00000E+00  
220470    0.00000E+00  0.00000E+00  0.00000E+00  
220480    0.00000E+00  0.00000E+00  0.00000E+00  
220490    0.00000E+00  0.00000E+00  0.00000E+00  
220500    0.00000E+00  0.00000E+00  0.00000E+00  
220660    0.00000E+00  0.00000E+00  0.00000E+00  
230490    0.00000E+00  0.00000E+00  0.00000E+00  
230500    0.00000E+00  0.00000E+00  0.00000E+00  
230510    0.00000E+00  0.00000E+00  0.00000E+00  
230660    5.37005E-21  6.71222E-21  8.04692E-21  
230670    1.04217E-22  1.30264E-22  1.56167E-22  
230680    1.60671E-24  3.20412E-24  4.79264E-24  
230690    0.00000E+00  0.00000E+00  0.00000E+00  
240500    0.00000E+00  0.00000E+00  0.00000E+00  
240510    0.00000E+00  0.00000E+00  0.00000E+00  
240520    0.00000E+00  0.00000E+00  0.00000E+00  
240530    0.00000E+00  0.00000E+00  0.00000E+00  
240540    0.00000E+00  0.00000E+00  0.00000E+00  
240660    0.00000E+00  0.00000E+00  0.00000E+00  
240670    0.00000E+00  0.00000E+00  0.00000E+00  
240680    1.69559E-19  2.11939E-19  2.54082E-19  
240690    2.60978E-20  3.26207E-20  3.91072E-20  
240710    1.09733E-24  2.18830E-24  3.27319E-24  
250540    0.00000E+00  0.00000E+00  0.00000E+00  
250550    0.00000E+00  0.00000E+00  0.00000E+00  
250660    3.31282E-24  3.29370E-24  3.27541E-24  
250670    3.12272E-24  3.10429E-24  3.08667E-24  
250680    0.00000E+00  0.00000E+00  0.00000E+00  
250690    0.00000E+00  0.00000E+00  0.00000E+00  
250700    1.68432E-18  2.10529E-18  2.52392E-18  
250710    8.40215E-20  1.05022E-19  1.25905E-19  
250720    7.73258E-22  9.66650E-22  1.15906E-21  
250730    1.51912E-22  1.89855E-22  2.27582E-22  
250740    1.58878E-24  3.16836E-24  4.73914E-24  
260540    0.00000E+00  0.00000E+00  0.00000E+00  
260550    0.00000E+00  0.00000E+00  0.00000E+00  
260560    0.00000E+00  0.00000E+00  0.00000E+00  
260570    0.00000E+00  0.00000E+00  0.00000E+00  
260580    0.00000E+00  0.00000E+00  0.00000E+00  
260660    3.13515E-22  3.12024E-22  3.10598E-22  
260670    8.74864E-22  8.69549E-22  8.64462E-22  
260680    2.22631E-22  2.21303E-22  2.20031E-22  
260690    4.29360E-23  4.26875E-23  4.24497E-23  
260700    9.04451E-24  8.99323E-24  8.94417E-24  
260710    0.00000E+00  0.00000E+00  0.00000E+00  
260720    0.00000E+00  0.00000E+00  0.00000E+00  
260730    3.95270E-18  4.93840E-18  5.91821E-18  
260740    1.67670E-19  2.09578E-19  2.51252E-19  
260750    3.26432E-21  4.07618E-21  4.88278E-21  
260770    1.18438E-22  1.48040E-22  1.77477E-22  
270580    0.00000E+00  0.00000E+00  0.00000E+00  
270581    0.00000E+00  0.00000E+00  0.00000E+00  
270590    0.00000E+00  0.00000E+00  0.00000E+00  
270660    2.27184E-22  2.26831E-22  2.26501E-22  
270670    2.42605E-21  2.41329E-21  2.40108E-21  
270680    1.19880E-21  1.19333E-21  1.18811E-21  
270690    1.20814E-21  1.20389E-21  1.19984E-21  
270700    3.90911E-22  3.89896E-22  3.88933E-22  
270710    1.28578E-22  1.28018E-22  1.27483E-22  
270720    3.16664E-23  3.15156E-23  3.13711E-23  
270730    1.11147E-23  1.10441E-23  1.09764E-23  
270740    1.10618E-24  1.09893E-24  1.09196E-24  
270750    0.00000E+00  0.00000E+00  0.00000E+00  
270760    5.58331E-18  6.96949E-18  8.34640E-18  
270770    2.31855E-18  2.89785E-18  3.47391E-18  
270780    2.49225E-20  3.11344E-20  3.73085E-20  
270790    5.26653E-21  6.58284E-21  7.89182E-21  
280580    0.00000E+00  0.00000E+00  0.00000E+00  
280590    0.00000E+00  0.00000E+00  0.00000E+00  
280600    0.00000E+00  0.00000E+00  0.00000E+00  
280610    0.00000E+00  0.00000E+00  0.00000E+00  
280620    0.00000E+00  0.00000E+00  0.00000E+00  
280630    2.77586E-22  4.37274E-22  6.32049E-22  
280640    4.55703E-21  7.15832E-21  1.03269E-20  
280660    2.33436E-16  2.33546E-16  2.33662E-16  
280670    1.37501E-19  1.36925E-19  1.36376E-19  
280680    2.76554E-19  2.76250E-19  2.75967E-19  
280690    1.64193E-19  1.64819E-19  1.65428E-19  
280700    1.32386E-19  1.33595E-19  1.34766E-19  
280710    6.70123E-20  6.71866E-20  6.73563E-20  
280720    5.68898E-20  5.68677E-20  5.68466E-20  
280730    3.12530E-20  3.10746E-20  3.09027E-20  
280740    1.46907E-20  1.45827E-20  1.44785E-20  
280750    4.35092E-21  4.31447E-21  4.27931E-21  
280760    5.39826E-22  5.34782E-22  5.29915E-22  
280770    2.24626E-23  2.22749E-23  2.20941E-23  
280780    6.18838E-24  6.14295E-24  6.09932E-24  
280790    1.28922E-16  1.61148E-16  1.93196E-16  
280800    2.12076E-18  2.65019E-18  3.17656E-18  
280810    6.17386E-20  7.71694E-20  9.25144E-20  
290630    0.00000E+00  0.00000E+00  0.00000E+00  
290640    0.00000E+00  0.00000E+00  0.00000E+00  
290650    4.61820E-24  1.00946E-23  1.78451E-23  
290660    3.64935E-19  3.65123E-19  3.65321E-19  
290670    1.45952E-15  1.45354E-15  1.44784E-15  
290680    2.99476E-19  2.99311E-19  2.99164E-19  
290681    1.68115E-20  1.77302E-20  1.86179E-20  
290690    2.62995E-18  2.64939E-18  2.66825E-18  
290700    1.11155E-18  1.12901E-18  1.14590E-18  
290701    1.20049E-19  1.27790E-19  1.35266E-19  
290710    8.93679E-19  9.08091E-19  9.22025E-19  
290720    6.52848E-19  6.62666E-19  6.72149E-19  
290730    1.05536E-18  1.05745E-18  1.05947E-18  
290740    5.50136E-19  5.49028E-19  5.47958E-19  
290750    5.11099E-19  5.07918E-19  5.04845E-19  
290760    2.16280E-19  2.14420E-19  2.12624E-19  
290770    9.06854E-20  8.98613E-20  8.90658E-20  
290780    1.98718E-20  1.96996E-20  1.95337E-20  
290790    1.35117E-21  1.34420E-21  1.33755E-21  
290800    1.48321E-22  1.47340E-22  1.46399E-22  
290810    1.18879E-15  1.48603E-15  1.78166E-15  
290820    1.02981E-16  1.28661E-16  1.54189E-16  
290830    1.48888E-18  1.86071E-18  2.23042E-18  
290840    9.35856E-20  1.16976E-19  1.40237E-19  
300640    0.00000E+00  0.00000E+00  0.00000E+00  
300650    2.36588E-23  3.50441E-23  4.78718E-23  
300660    1.82603E-14  2.29431E-14  2.76289E-14  
300670    1.01536E-13  1.27316E-13  1.52994E-13  
300680    1.50493E-13  1.88481E-13  2.26458E-13  
300690    5.21163E-17  5.25126E-17  5.28970E-17  
300691    8.34611E-19  9.68629E-19  1.09805E-18  
300700    4.07623E-13  5.16129E-13  6.26863E-13  
300710    6.81820E-18  6.93477E-18  7.04748E-18  
300711    3.38397E-17  3.71265E-17  4.03010E-17  
300720    2.19816E-14  2.25698E-14  2.31378E-14  
300730    1.07555E-17  1.08738E-17  1.09881E-17  
300740    1.27703E-16  1.28312E-16  1.28900E-16  
300750    3.46146E-17  3.45422E-17  3.44720E-17  
300760    4.17488E-17  4.14980E-17  4.12555E-17  
300770    2.53427E-17  2.51256E-17  2.49158E-17  
300780    2.04994E-17  2.03057E-17  2.01186E-17  
300790    6.78868E-18  6.72316E-18  6.65989E-18  
300800    6.17057E-19  6.11686E-19  6.06504E-19  
300810    2.61610E-20  2.60552E-20  2.59546E-20  
300820    3.22179E-21  3.19269E-21  3.16464E-21  
300830    1.06796E-22  1.06134E-22  1.05500E-22  
300840    7.44542E-14  9.25718E-14  1.10497E-13  
300850    1.98873E-17  2.48525E-17  2.97892E-17  
300860    1.48395E-17  1.84566E-17  2.20364E-17  
300870    6.66434E-20  8.33001E-20  9.98642E-20  
310660    0.00000E+00  0.00000E+00  0.00000E+00  
310670    0.00000E+00  0.00000E+00  0.00000E+00  
310680    1.69816E-24  2.09829E-24  2.48706E-24  
310690    2.36599E-13  2.97503E-13  3.58866E-13  
310700    3.79581E-21  4.69485E-21  5.57929E-21  
310710    7.30969E-13  9.25157E-13  1.12334E-12  
310720    6.69092E-15  6.87421E-15  7.05120E-15  
310721    1.94807E-22  2.01601E-22  2.08162E-22  
310730    8.15217E-15  8.25456E-15  8.35342E-15  
310740    6.83023E-16  6.87943E-16  6.92691E-16  
310741    3.59022E-19  3.79252E-19  3.98782E-19  
310750    5.30083E-16  5.31076E-16  5.32033E-16  
310760    3.73347E-16  3.72493E-16  3.71667E-16  
310770    3.70955E-16  3.69331E-16  3.67761E-16  
310780    2.75033E-16  2.73301E-16  2.71627E-16  
310790    2.12708E-16  2.11093E-16  2.09533E-16  
310800    8.06587E-17  8.00527E-17  7.94674E-17  
310810    4.11690E-17  4.08132E-17  4.04696E-17  
310820    1.54072E-17  1.52506E-17  1.50994E-17  
310830    5.10603E-19  5.06792E-19  5.03127E-19  
310840    3.46128E-18  3.42314E-18  3.38628E-18  
310850    3.99955E-13  4.99693E-13  5.98837E-13  
310860    3.52190E-21  3.48320E-21  3.44581E-21  
310870    2.78209E-15  3.46722E-15  4.14663E-15  
310880    3.20203E-17  3.98452E-17  4.75932E-17  
310890    6.12544E-19  7.65643E-19  9.17889E-19  
320680    0.00000E+00  0.00000E+00  0.00000E+00  
320690    0.00000E+00  0.00000E+00  0.00000E+00  
320700    2.39827E-17  3.71223E-17  5.30223E-17  
320710    3.19863E-20  4.00270E-20  4.78189E-20  
320711    0.00000E+00  0.00000E+00  0.00000E+00  
320720    1.92689E-12  2.45355E-12  2.99425E-12  
320730    7.12100E-12  8.96749E-12  1.08366E-11  
320731    2.29079E-19  2.31958E-19  2.34737E-19  
320740    2.18723E-11  2.74619E-11  3.30943E-11  
320750    2.10415E-14  2.10914E-14  2.11395E-14  
320751    8.60141E-18  8.70496E-18  8.80490E-18  
320760    1.89546E-10  2.36865E-10  2.84145E-10  
320770    1.25187E-12  1.24966E-12  1.24752E-12  
320771    2.05333E-17  2.10616E-17  2.15716E-17  
320780    4.31907E-13  4.31062E-13  4.30244E-13  
320790    2.26379E-15  2.25563E-15  2.24774E-15  
320791    1.95176E-15  1.95477E-15  1.95767E-15  
320800    1.28421E-14  1.27725E-14  1.27053E-14  
320810    3.80626E-15  3.78223E-15  3.75902E-15  
320811    1.06636E-16  1.05714E-16  1.04824E-16  
320820    2.36752E-15  2.34724E-15  2.32765E-15  
320830    3.78959E-16  3.75656E-16  3.72468E-16  
320840    1.18745E-16  1.17610E-16  1.16513E-16  
320850    7.83723E-18  7.77225E-18  7.70970E-18  
320860    2.18771E-16  2.16355E-16  2.14020E-16  
320870    1.13807E-18  1.12557E-18  1.11349E-18  
320880    1.32224E-20  1.30798E-20  1.29421E-20  
320890    3.77826E-23  3.75613E-23  3.73497E-23  
320900    2.58288E-17  3.22717E-17  3.86831E-17  
320910    3.68843E-18  4.60784E-18  5.52167E-18  
320920    3.50035E-19  4.37522E-19  5.24522E-19  
330710    0.00000E+00  0.00000E+00  0.00000E+00  
330720    2.58693E-23  3.19210E-23  3.77638E-23  
330730    1.01998E-19  1.39343E-19  1.76979E-19  
330740    5.46125E-19  6.80874E-19  8.11323E-19  
330741    7.04161E-18  1.07172E-17  1.51085E-17  
330750    6.63171E-11  8.30225E-11  9.97672E-11  
330760    2.82267E-16  3.35959E-16  3.88700E-16  
330770    4.34960E-12  4.34368E-12  4.33793E-12  
330780    4.48673E-13  4.47983E-13  4.47316E-13  
330790    9.64841E-14  9.64032E-14  9.63246E-14  
330800    7.46810E-15  7.44281E-15  7.41835E-15  
330810    2.52563E-14  2.51981E-14  2.51418E-14  
330820    1.92925E-14  1.91494E-14  1.90112E-14  
330821    1.60010E-15  1.61474E-15  1.62888E-15  
330830    1.80411E-14  1.79158E-14  1.77946E-14  
330840    2.19251E-15  2.17561E-15  2.15929E-15  
330841    6.54933E-09  8.15984E-09  9.75910E-09  
330850    1.11560E-15  1.10552E-15  1.09578E-15  
330860    2.18462E-15  2.16099E-15  2.13817E-15  
330870    1.14780E-16  1.13577E-16  1.12415E-16  
330880    5.14331E-17  5.08677E-17  5.03214E-17  
330890    8.25348E-20  8.18929E-20  8.12757E-20  
330900    1.43699E-21  1.42767E-21  1.41872E-21  
330910    7.78195E-14  9.71754E-14  1.16406E-13  
330920    6.23760E-15  7.79651E-15  9.34672E-15  
330930    1.05293E-17  1.31495E-17  1.57531E-17  
330940    9.14456E-19  1.14301E-18  1.37030E-18  
340730    0.00000E+00  0.00000E+00  0.00000E+00  
340731    0.00000E+00  0.00000E+00  0.00000E+00  
340740    9.24373E-19  1.45987E-18  2.11080E-18  
340750    7.81676E-20  1.10272E-19  1.43962E-19  
340760    2.85197E-14  4.14117E-14  5.65192E-14  
340770    4.85369E-10  6.07718E-10  7.29873E-10  
340771    1.79894E-18  1.79667E-18  1.79448E-18  
340780    1.30138E-09  1.62616E-09  1.95053E-09  
340790    2.81055E-09  3.51202E-09  4.21272E-09  
340791    4.09864E-14  4.09524E-14  4.09194E-14  
340800    7.82581E-09  9.76908E-09  1.17068E-08  
340810    8.76470E-13  8.75235E-13  8.74038E-13  
340811    1.93162E-13  1.94829E-13  1.96438E-13  
340820    2.02866E-08  2.53188E-08  3.03342E-08  
340830    2.53731E-12  2.52324E-12  2.50965E-12  
340831    9.13805E-15  9.14431E-15  9.15031E-15  
340840    5.72709E-13  5.69393E-13  5.66189E-13  
340850    6.19178E-14  6.15248E-14  6.11452E-14  
340851    2.75176E-08  3.42969E-08  4.10362E-08  
340860    6.86593E-14  6.80931E-14  6.75462E-14  
340870    1.66492E-14  1.65025E-14  1.63608E-14  
340880    2.12560E-15  2.10583E-15  2.08674E-15  
340890    1.06179E-16  1.05265E-16  1.04383E-16  
340900    1.16418E-17  1.15430E-17  1.14477E-17  
340910    1.88036E-18  1.86601E-18  1.85223E-18  
340920    5.85369E-20  5.81318E-20  5.77432E-20  
340930    1.41725E-21  1.40729E-21  1.39772E-21  
340940    9.70273E-23  9.69859E-23  9.69511E-23  
340950    2.63889E-17  3.29894E-17  3.95603E-17  
340960    1.01103E-17  1.26341E-17  1.51435E-17  
340970    1.41772E-19  1.77206E-19  2.12443E-19  
350750    0.00000E+00  0.00000E+00  0.00000E+00  
350770    1.12675E-21  1.39234E-21  1.64875E-21  
350771    1.09921E-24  1.35461E-24  1.60120E-24  
350780    2.27002E-22  2.78049E-22  3.27337E-22  
350790    1.54066E-12  1.92626E-12  2.31187E-12  
350791    1.74999E-22  2.11142E-22  2.46038E-22  
350800    9.11220E-19  9.83492E-19  1.05370E-18  
350801    9.65114E-18  1.03193E-17  1.09658E-17  
350810    1.24991E-08  1.56160E-08  1.87288E-08  
350820    7.49977E-14  8.65154E-14  9.77608E-14  
350821    1.06651E-16  1.26612E-16  1.46221E-16  
350830    1.81541E-11  1.80630E-11  1.79749E-11  
350840    5.71859E-12  5.68689E-12  5.65626E-12  
350841    2.52645E-14  2.57037E-14  2.61277E-14  
350850    4.95568E-13  4.92757E-13  4.90041E-13  
350860    3.13295E-13  3.11007E-13  3.08797E-13  
350861    1.41544E-08  1.76763E-08  2.11909E-08  
350870    4.41210E-13  4.38021E-13  4.34940E-13  
350880    1.10025E-13  1.09178E-13  1.08361E-13  
350890    1.97648E-14  1.96202E-14  1.94806E-14  
350900    4.71023E-15  4.67863E-15  4.64814E-15  
350910    5.47452E-16  5.42378E-16  5.37482E-16  
350920    5.32868E-17  5.28354E-17  5.24005E-17  
350930    2.49534E-18  2.50182E-18  2.50816E-18  
350940    2.07671E-19  2.13862E-19  2.19846E-19  
350950    2.43044E-21  2.41607E-21  2.40229E-21  
350960    6.54039E-22  6.49753E-22  6.45633E-22  
350970    2.85290E-15  3.59717E-15  4.34930E-15  
350980    8.56728E-16  1.06526E-15  1.27159E-15  
350990    2.99381E-18  3.74208E-18  4.48619E-18  
351000    5.22138E-20  6.52640E-20  7.82416E-20  
360770    0.00000E+00  0.00000E+00  0.00000E+00  
360780    0.00000E+00  0.00000E+00  0.00000E+00  
360790    4.11476E-22  5.07957E-22  6.01114E-22  
360791    0.00000E+00  0.00000E+00  0.00000E+00  
360800    1.03264E-14  1.35544E-14  1.70254E-14  
360810    3.84359E-16  5.77001E-16  8.05783E-16  
360811    7.65929E-23  9.28768E-23  1.08654E-22  
360820    6.35442E-12  8.89323E-12  1.17907E-11  
360830    3.32708E-08  4.14658E-08  4.96075E-08  
360831    1.38392E-11  1.37698E-11  1.37026E-11  
360840    4.89824E-08  6.11214E-08  7.32158E-08  
360850    1.10904E-08  1.37469E-08  1.63569E-08  
360851    4.62140E-11  4.59516E-11  4.56981E-11  
360860    9.62873E-08  1.19955E-07  1.43462E-07  
360870    4.33753E-11  4.30848E-11  4.28041E-11  
360880    1.31536E-10  1.30618E-10  1.29730E-10  
360890    3.17530E-12  3.15164E-12  3.12878E-12  
360900    5.99912E-13  5.95073E-13  5.90398E-13  
360910    1.14091E-13  1.13120E-13  1.12182E-13  
360920    1.26206E-14  1.25110E-14  1.24052E-14  
360930    2.76801E-15  2.74344E-15  2.71973E-15  
360940    1.05718E-16  1.04938E-16  1.04187E-16  
360950    6.49250E-18  6.44428E-18  6.39791E-18  
360960    1.18423E-17  1.17417E-17  1.16445E-17  
360970    3.60612E-20  3.98793E-20  4.35663E-20  
360980    2.77844E-19  2.74790E-19  2.71839E-19  
360990    1.26017E-22  1.25290E-22  1.24595E-22  
361000    3.00835E-23  2.97544E-23  2.94365E-23  
361010    1.09191E-17  1.36316E-17  1.63258E-17  
361020    1.10933E-18  1.38659E-18  1.66231E-18  
370790    0.00000E+00  0.00000E+00  0.00000E+00  
370810    1.89493E-23  2.33581E-23  2.76147E-23  
370830    4.26634E-17  5.67663E-17  7.09248E-17  
370840    7.78301E-17  9.34961E-17  1.08931E-16  
370850    3.62379E-08  4.52647E-08  5.42732E-08  
370860    2.29318E-13  2.80016E-13  3.29695E-13  
370861    2.42370E-18  2.81276E-18  3.19237E-18  
370870    1.51360E-07  1.88611E-07  2.25622E-07  
370880    1.38174E-11  1.37231E-11  1.36320E-11  
370890    1.60108E-11  1.58984E-11  1.57899E-11  
370900    2.65742E-12  2.63672E-12  2.61672E-12  
370901    1.32522E-12  1.31887E-12  1.31273E-12  
370910    1.27625E-12  1.26749E-12  1.25902E-12  
370920    8.51116E-14  8.45489E-14  8.40053E-14  
370930    8.29001E-14  8.23554E-14  8.18293E-14  
370940    1.87980E-14  1.86821E-14  1.85702E-14  
370950    1.24929E-15  1.24303E-15  1.23699E-15  
370960    2.12569E-16  2.10922E-16  2.09333E-16  
370970    2.73359E-17  2.71007E-17  2.68737E-17  
370980    3.91842E-18  3.89053E-18  3.86373E-18  
370990    2.29835E-19  2.28537E-19  2.27296E-19  
371000    6.50531E-18  6.43352E-18  6.36416E-18  
371010    5.16889E-22  5.12945E-22  5.09156E-22  
371020    4.65793E-23  4.63089E-23  4.60506E-23  
371030    2.49664E-17  3.12255E-17  3.74590E-17  
371040    2.88175E-18  3.60201E-18  4.31826E-18  
371050    6.41666E-19  8.02042E-19  9.61526E-19  
371060    0.00000E+00  0.00000E+00  0.00000E+00  
380830    2.26384E-23  2.79430E-23  3.30643E-23  
380840    9.74004E-18  1.45580E-17  2.02546E-17  
380850    8.10879E-18  1.04400E-17  1.27292E-17  
380851    4.44677E-21  5.33813E-21  6.19874E-21  
380860    1.20173E-12  1.82726E-12  2.57595E-12  
380870    1.19144E-13  1.60844E-13  2.06997E-13  
380871    1.92031E-17  2.14069E-17  2.35381E-17  
380880    2.06762E-07  2.57640E-07  3.08182E-07  
380890    7.54249E-08  7.61778E-08  7.61721E-08  
380900    3.50056E-07  4.35149E-07  5.19287E-07  
380910    7.91769E-10  7.86740E-10  7.81881E-10  
380920    2.25157E-10  2.23901E-10  2.22687E-10  
380930    1.06435E-11  1.05933E-11  1.05449E-11  
380940    1.77730E-12  1.76914E-12  1.76125E-12  
380950    4.97988E-13  4.95581E-13  4.93257E-13  
380960    1.63409E-14  1.62493E-14  1.61608E-14  
380970    3.10621E-15  3.08744E-15  3.06932E-15  
380980    2.34373E-15  2.32857E-15  2.31394E-15  
380990    1.97685E-16  1.96256E-16  1.94879E-16  
381000    3.84514E-17  3.81607E-17  3.78807E-17  
381010    3.30663E-18  3.27868E-18  3.25175E-18  
381020    1.48033E-19  1.46968E-19  1.45947E-19  
381030    3.01411E-21  2.99798E-21  2.98255E-21  
381040    2.29847E-22  2.28424E-22  2.27062E-22  
381050    5.55642E-23  5.52434E-23  5.49369E-23  
381060    1.08662E-23  2.67920E-23  5.48067E-23  
381070    0.00000E+00  0.00000E+00  0.00000E+00  
381080    0.00000E+00  0.00000E+00  0.00000E+00  
381090    0.00000E+00  0.00000E+00  0.00000E+00  
390850    0.00000E+00  0.00000E+00  0.00000E+00  
390870    1.47476E-19  1.79830E-19  2.11065E-19  
390871    0.00000E+00  0.00000E+00  0.00000E+00  
390880    4.11032E-16  5.86536E-16  7.75086E-16  
390890    2.06969E-07  2.75627E-07  3.44572E-07  
390891    2.61149E-17  2.63795E-17  2.63815E-17  
390900    8.76451E-11  1.09283E-10  1.30677E-10  
390901    3.85293E-16  4.29777E-16  4.72813E-16  
390910    1.10788E-07  1.12944E-07  1.13547E-07  
390911    4.00808E-11  3.98264E-11  3.95805E-11  
390920    2.97553E-10  2.95898E-10  2.94299E-10  
390930    8.91478E-10  8.87438E-10  8.83535E-10  
390931    6.85475E-15  6.82425E-15  6.79478E-15  
390940    2.82205E-11  2.81108E-11  2.80047E-11  
390950    1.55856E-11  1.55362E-11  1.54884E-11  
390960    8.62557E-14  8.58012E-14  8.53624E-14  
390961    7.62929E-14  7.63406E-14  7.63863E-14  
390970    4.67369E-14  4.65697E-14  4.64083E-14  
390971    8.63139E-15  8.61519E-15  8.59953E-15  
390980    4.49069E-15  4.47782E-15  4.46541E-15  
390981    9.22867E-15  9.22804E-15  9.22744E-15  
390990    1.32473E-14  1.31992E-14  1.31528E-14  
391000    2.22612E-15  2.21516E-15  2.20460E-15  
391010    6.34810E-16  6.30216E-16  6.25789E-16  
391020    3.99506E-16  3.95425E-16  3.91484E-16  
391030    9.56984E-18  9.51240E-18  9.45738E-18  
391040    1.08203E-18  1.07433E-18  1.06693E-18  
391050    7.70169E-20  7.65931E-20  7.61883E-20  
391060    0.00000E+00  0.00000E+00  0.00000E+00  
391070    0.00000E+00  0.00000E+00  0.00000E+00  
391080    0.00000E+00  0.00000E+00  0.00000E+00  
391090    2.63082E-19  3.27042E-19  3.90311E-19  
391100    4.66403E-21  5.79820E-21  6.92023E-21  
391110    5.25904E-20  6.57347E-20  7.88059E-20  
400870    0.00000E+00  0.00000E+00  0.00000E+00  
400880    3.53583E-21  4.84437E-21  6.16724E-21  
400890    1.61242E-19  2.41470E-19  3.36950E-19  
400891    0.00000E+00  0.00000E+00  0.00000E+00  
400900    2.98422E-09  4.67305E-09  6.73088E-09  
400901    5.20736E-24  6.20906E-24  7.17629E-24  
400910    2.52657E-07  3.40203E-07  4.28748E-07  
400920    3.71959E-07  4.63871E-07  5.55288E-07  
400930    3.85589E-07  4.81213E-07  5.76418E-07  
400940    4.00268E-07  4.99482E-07  5.98331E-07  
400950    1.34082E-07  1.37923E-07  1.39590E-07  
400960    4.02523E-07  5.02564E-07  6.02335E-07  
400970    1.45428E-09  1.45184E-09  1.44948E-09  
400980    6.95530E-13  6.95101E-13  6.94685E-13  
400990    4.82304E-14  4.81639E-14  4.80996E-14  
401000    1.62014E-13  1.61778E-13  1.61551E-13  
401010    2.97734E-14  2.96882E-14  2.96060E-14  
401020    2.54241E-14  2.53059E-14  2.51919E-14  
401030    3.30085E-15  3.28095E-15  3.26178E-15  
401040    6.75479E-16  6.72595E-16  6.69830E-16  
401050    2.85808E-16  2.82970E-16  2.80230E-16  
401060    5.74181E-20  5.90913E-20  6.07244E-20  
401070    1.14655E-21  1.22505E-21  1.30104E-21  
401080    2.32312E-23  2.45720E-23  2.58746E-23  
401090    1.70772E-22  1.68917E-22  1.67126E-22  
401100    3.33673E-24  3.29998E-24  3.26448E-24  
401110    1.28740E-15  1.60917E-15  1.92915E-15  
401120    4.01602E-19  5.01942E-19  6.01717E-19  
401130    2.97327E-20  3.71640E-20  4.45540E-20  
401140    1.46025E-21  1.82522E-21  2.18816E-21  
410890    0.00000E+00  0.00000E+00  0.00000E+00  
410900    0.00000E+00  0.00000E+00  0.00000E+00  
410910    1.09779E-19  1.70407E-19  2.43430E-19  
410911    0.00000E+00  0.00000E+00  0.00000E+00  
410920    1.10046E-17  1.66690E-17  2.34220E-17  
410930    2.99422E-15  4.84814E-15  7.25365E-15  
410931    6.11037E-14  9.51677E-14  1.36567E-13  
410940    3.81333E-14  5.45166E-14  7.33468E-14  
410941    5.60119E-19  6.56436E-19  7.49428E-19  
410950    6.84125E-08  7.29253E-08  7.51040E-08  
410951    8.13969E-11  8.38939E-11  8.49862E-11  
410960    3.45457E-13  3.63247E-13  3.76288E-13  
410970    1.04605E-10  1.04442E-10  1.04283E-10  
410971    1.34632E-12  1.34409E-12  1.34194E-12  
410980    6.60720E-14  6.60336E-14  6.59964E-14  
410981    4.57961E-13  4.58522E-13  4.59060E-13  
410990    2.24916E-13  2.24640E-13  2.24374E-13  
410991    1.49071E-12  1.49170E-12  1.49265E-12  
411000    3.62039E-14  3.61786E-14  3.61542E-14  
411001    3.93794E-15  3.98686E-15  4.03408E-15  
411010    1.47028E-13  1.47169E-13  1.47305E-13  
411020    5.21436E-14  5.20852E-14  5.20290E-14  
411021    4.36732E-15  4.40265E-15  4.43678E-15  
411030    1.33628E-14  1.34067E-14  1.34492E-14  
411040    1.00461E-14  1.00798E-14  1.01126E-14  
411041    1.39812E-15  1.40685E-15  1.41532E-15  
411050    4.42397E-15  4.44330E-15  4.46207E-15  
411060    1.92342E-16  1.92266E-16  1.92206E-16  
411070    1.35130E-17  1.35399E-17  1.35668E-17  
411080    9.01799E-19  9.03511E-19  9.05232E-19  
411090    4.06430E-19  4.02309E-19  3.98333E-19  
411100    1.40711E-20  1.39397E-20  1.38130E-20  
411110    5.74957E-21  5.71615E-21  5.68421E-21  
411120    3.15307E-23  3.13448E-23  3.11672E-23  
411130    1.09254E-24  1.08621E-24  1.08016E-24  
411140    2.59649E-17  3.24633E-17  3.89289E-17  
411150    2.96761E-20  3.70938E-20  4.44706E-20  
411160    1.74046E-21  2.17548E-21  2.60807E-21  
420910    0.00000E+00  0.00000E+00  0.00000E+00  
420920    0.00000E+00  0.00000E+00  0.00000E+00  
420930    5.90159E-20  8.20042E-20  1.12139E-19  
420931    2.36472E-23  2.91521E-23  3.44670E-23  
420940    4.05996E-15  7.72181E-15  1.27387E-14  
420950    2.04558E-07  2.97273E-07  3.94182E-07  
420960    1.02789E-10  1.66247E-10  2.47831E-10  
420970    3.80179E-07  4.75370E-07  5.70421E-07  
420980    3.66284E-07  4.57878E-07  5.49434E-07  
420990    5.91153E-09  5.90874E-09  5.90605E-09  
421000    4.04953E-07  5.06386E-07  6.07838E-07  
421010    1.87721E-11  1.87878E-11  1.88030E-11  
421020    1.23284E-11  1.23663E-11  1.24030E-11  
421030    9.06968E-13  9.16158E-13  9.25038E-13  
421040    5.18795E-13  5.27032E-13  5.34991E-13  
421050    1.77800E-13  1.81871E-13  1.85805E-13  
421060    2.03317E-14  2.09226E-14  2.14939E-14  
421070    3.09039E-15  3.14800E-15  3.20378E-15  
421080    2.97966E-16  3.05070E-16  3.11946E-16  
421090    5.29066E-17  5.25662E-17  5.22395E-17  
421100    8.76656E-18  8.69342E-18  8.62303E-18  
421110    9.94332E-19  9.87700E-19  9.81344E-19  
421120    1.64988E-19  1.63980E-19  1.63015E-19  
421130    4.08787E-21  4.06398E-21  4.04115E-21  
421140    1.67616E-22  1.68385E-22  1.69137E-22  
421150    4.25488E-24  4.23101E-24  4.20836E-24  
421160    4.61902E-17  5.77397E-17  6.92268E-17  
421170    9.73580E-20  1.21682E-19  1.45870E-19  
421180    1.59106E-20  1.98873E-20  2.38419E-20  
430950    0.00000E+00  0.00000E+00  0.00000E+00  
430951    0.00000E+00  0.00000E+00  0.00000E+00  
430970    1.54098E-17  2.33403E-17  3.30992E-17  
430971    3.34365E-18  4.53877E-18  5.75012E-18  
430980    5.79853E-14  7.38753E-14  9.03094E-14  
430990    3.85459E-07  4.83379E-07  5.81230E-07  
430991    4.72996E-10  4.72774E-10  4.72559E-10  
431000    5.25114E-16  6.54627E-16  7.82711E-16  
431010    1.82476E-11  1.82632E-11  1.82784E-11  
431020    9.62235E-14  9.65239E-14  9.68141E-14  
431021    1.06130E-14  1.08561E-14  1.10908E-14  
431030    7.46906E-13  7.54643E-13  7.62118E-13  
431040    9.97069E-12  1.01406E-11  1.03048E-11  
431050    2.48937E-12  2.56905E-12  2.64603E-12  
431060    9.75654E-14  1.02482E-13  1.07232E-13  
431070    2.73037E-14  2.91443E-14  3.09230E-14  
431080    2.50373E-15  2.65898E-15  2.80911E-15  
431090    2.03660E-16  2.16168E-16  2.28262E-16  
431100    8.97695E-17  9.04653E-17  9.11417E-17  
431110    9.51779E-18  9.51469E-18  9.51205E-18  
431120    2.47118E-18  2.46000E-18  2.44933E-18  
431130    3.84331E-19  3.82183E-19  3.80127E-19  
431140    6.10229E-20  6.22482E-20  6.34341E-20  
431150    2.99774E-21  2.98569E-21  2.97435E-21  
431160    5.22282E-22  5.19782E-22  5.17403E-22  
431170    4.83451E-24  4.80655E-24  4.77984E-24  
431180    1.18678E-24  1.17993E-24  1.17338E-24  
431190    7.70672E-19  9.63351E-19  1.15498E-18  
431200    2.69629E-20  3.37020E-20  4.04036E-20  
431210    1.89101E-21  2.36364E-21  2.83365E-21  
440960    0.00000E+00  0.00000E+00  0.00000E+00  
440970    0.00000E+00  0.00000E+00  0.00000E+00  
440980    6.11071E-19  9.71003E-19  1.41336E-18  
440990    1.29865E-11  1.64305E-11  1.99309E-11  
441000    2.64941E-10  4.15297E-10  5.98489E-10  
441010    3.36187E-07  4.20561E-07  5.05005E-07  
441020    2.85394E-07  3.57513E-07  4.29873E-07  
441030    4.57287E-08  4.65438E-08  4.71272E-08  
441040    1.37595E-07  1.73705E-07  2.10422E-07  
441050    8.73743E-11  9.01975E-11  9.29251E-11  
441060    3.10203E-08  3.80802E-08  4.48735E-08  
441070    3.21535E-13  3.48451E-13  3.74457E-13  
441080    1.91184E-13  2.13089E-13  2.34255E-13  
441090    1.11672E-14  1.23407E-14  1.34747E-14  
441091    7.19150E-10  1.10079E-09  1.55791E-09  
441100    2.67626E-15  2.94161E-15  3.19802E-15  
441110    2.53856E-16  2.73152E-16  2.91798E-16  
441120    1.17931E-16  1.23412E-16  1.28709E-16  
441130    3.05602E-17  3.15025E-17  3.24136E-17  
441140    7.42670E-18  7.70154E-18  7.96722E-18  
441150    2.67117E-18  2.70579E-18  2.73939E-18  
441160    1.94580E-19  1.94961E-19  1.95341E-19  
441170    2.00779E-20  2.00038E-20  1.99335E-20  
441180    2.70100E-21  2.68630E-21  2.67228E-21  
441190    1.94741E-22  1.93631E-22  1.92572E-22  
441200    6.94725E-24  6.90635E-24  6.86725E-24  
441210    4.63101E-17  5.78849E-17  6.93953E-17  
441220    2.38452E-19  2.98050E-19  3.57316E-19  
441230    5.15143E-21  6.43897E-21  7.71934E-21  
450990    0.00000E+00  0.00000E+00  0.00000E+00  
451010    1.93747E-18  2.37405E-18  2.80246E-18  
451011    2.35760E-21  2.92015E-21  3.46326E-21  
451020    1.17847E-15  1.86053E-15  2.65356E-15  
451021    2.87108E-17  3.59184E-17  4.31196E-17  
451030    1.65525E-07  2.18884E-07  2.72924E-07  
451031    4.48697E-11  4.56697E-11  4.62423E-11  
451040    3.77495E-15  4.96311E-15  6.15421E-15  
451041    1.76679E-15  2.32287E-15  2.88032E-15  
451050    6.91917E-10  7.14347E-10  7.36018E-10  
451051    6.19753E-14  6.39778E-14  6.59126E-14  
451060    2.94314E-14  3.60506E-14  4.24199E-14  
451061    8.67459E-14  8.91033E-14  9.13560E-14  
451070    1.87726E-12  2.03690E-12  2.19114E-12  
451080    1.18213E-14  1.31824E-14  1.44974E-14  
451081    1.20252E-15  1.48206E-15  1.75198E-15  
451090    2.63841E-14  2.92187E-14  3.19578E-14  
451091    4.87541E-11  7.56536E-11  1.08053E-10  
451100    8.98494E-18  1.09127E-17  1.27743E-17  
451101    6.65532E-15  7.32442E-15  7.97097E-15  
451110    1.43517E-15  1.55400E-15  1.66883E-15  
451120    1.72708E-16  1.82022E-16  1.91022E-16  
451130    2.02834E-16  2.10104E-16  2.17130E-16  
451140    7.75162E-17  8.03956E-17  8.31780E-17  
451150    2.50299E-17  2.55931E-17  2.61375E-17  
451160    6.94205E-18  7.07947E-18  7.21248E-18  
451170    2.13546E-18  2.14462E-18  2.15356E-18  
451180    3.75977E-19  3.74966E-19  3.74012E-19  
451190    4.76381E-20  4.74126E-20  4.71977E-20  
451200    5.88543E-21  5.84661E-21  5.80940E-21  
451210    3.96820E-22  3.94536E-22  3.92353E-22  
451220    1.61616E-23  1.60680E-23  1.59785E-23  
451230    0.00000E+00  0.00000E+00  0.00000E+00  
451240    2.18093E-18  2.72560E-18  3.26717E-18  
451250    3.20071E-20  4.00069E-20  4.79621E-20  
461010    0.00000E+00  0.00000E+00  0.00000E+00  
461020    7.13868E-17  1.44611E-16  2.53719E-16  
461030    5.75239E-19  1.01118E-18  1.57537E-18  
461040    5.87606E-10  9.92749E-10  1.50830E-09  
461050    7.87934E-08  1.00541E-07  1.22969E-07  
461060    8.20615E-09  1.25757E-08  1.78047E-08  
461070    1.85201E-08  2.44417E-08  3.08383E-08  
461071    6.43831E-20  8.48247E-20  1.06743E-19  
461080    8.36462E-09  1.13123E-08  1.45770E-08  
461090    1.62690E-11  1.80262E-11  1.97253E-11  
461091    3.21112E-18  4.31676E-18  5.53098E-18  
461100    2.90843E-09  3.88729E-09  4.95952E-09  
461110    1.83214E-13  1.98384E-13  2.13042E-13  
461111    4.02831E-16  4.14012E-16  4.25197E-16  
461120    6.25598E-12  6.59187E-12  6.91642E-12  
461130    7.14256E-15  7.38100E-15  7.61143E-15  
461140    8.63782E-15  8.90767E-15  9.16838E-15  
461150    1.40681E-15  1.43469E-15  1.46162E-15  
461160    5.28136E-16  5.43593E-16  5.58524E-16  
461170    1.98497E-16  2.00656E-16  2.02743E-16  
461180    4.06425E-17  4.09577E-17  4.12632E-17  
461190    6.03920E-18  6.05801E-18  6.07648E-18  
461200    6.01177E-18  5.95576E-18  5.90171E-18  
461210    1.89495E-19  1.88422E-19  1.87395E-19  
461220    2.06586E-20  2.05344E-20  2.04155E-20  
461230    3.50860E-21  3.48677E-21  3.46587E-21  
461240    7.69556E-23  7.63103E-23  7.56893E-23  
461250    1.98733E-23  1.97582E-23  1.96483E-23  
461260    0.00000E+00  0.00000E+00  0.00000E+00  
461270    0.00000E+00  0.00000E+00  0.00000E+00  
461280    7.90509E-20  9.82689E-20  1.17279E-19  
461290    0.00000E+00  0.00000E+00  0.00000E+00  
461300    4.00563E-18  4.97943E-18  5.94271E-18  
461310    0.00000E+00  0.00000E+00  0.00000E+00  
471050    0.00000E+00  0.00000E+00  0.00000E+00  
471051    0.00000E+00  0.00000E+00  0.00000E+00  
471060    0.00000E+00  1.03165E-24  1.22010E-24  
471061    9.28546E-22  1.15560E-21  1.37481E-21  
471070    6.59148E-16  1.07250E-15  1.60449E-15  
471071    6.29912E-24  7.76315E-24  9.17664E-24  
471080    1.33119E-21  1.72870E-21  2.14865E-21  
471081    2.79064E-17  4.33207E-17  6.18869E-17  
471090    3.97005E-09  5.33256E-09  6.83094E-09  
471091    1.30552E-14  1.44653E-14  1.58287E-14  
471100    3.94905E-17  5.27398E-17  6.71871E-17  
471101    4.41846E-13  6.93751E-13  1.00128E-12  
471110    8.21836E-11  8.91269E-11  9.58348E-11  
471111    8.39684E-15  9.09206E-15  9.76383E-15  
471120    9.31004E-13  9.81002E-13  1.02931E-12  
471130    9.72918E-13  1.00540E-12  1.03679E-12  
471131    5.05334E-15  5.22199E-15  5.38498E-15  
471140    2.89212E-16  2.97618E-16  3.05738E-16  
471150    6.98241E-14  7.11796E-14  7.24892E-14  
471151    9.25770E-17  9.20829E-17  9.16051E-17  
471160    1.49489E-14  1.52513E-14  1.55433E-14  
471161    7.01622E-17  7.25296E-17  7.48149E-17  
471170    3.93928E-15  3.99950E-15  4.05767E-15  
471171    4.00445E-17  4.16817E-17  4.32624E-17  
471180    1.52027E-16  1.53911E-16  1.55731E-16  
471181    3.35064E-17  3.40734E-17  3.46210E-17  
471190    8.39163E-17  8.44719E-17  8.50094E-17  
471200    2.28776E-17  2.28712E-17  2.28655E-17  
471201    1.53603E-18  1.56098E-18  1.58514E-18  
471210    1.15616E-17  1.15310E-17  1.15016E-17  
471220    1.37673E-18  1.37029E-18  1.36412E-18  
471221    4.96909E-19  4.94618E-19  4.92421E-19  
471230    6.19250E-19  6.14651E-19  6.10228E-19  
471240    3.90298E-19  3.86210E-19  3.82263E-19  
471250    7.00407E-21  6.96350E-21  6.92473E-21  
471260    0.00000E+00  0.00000E+00  0.00000E+00  
471270    0.00000E+00  0.00000E+00  0.00000E+00  
471280    0.00000E+00  0.00000E+00  0.00000E+00  
471290    0.00000E+00  0.00000E+00  0.00000E+00  
471300    1.21907E-21  1.20563E-21  1.19265E-21  
471310    9.40747E-15  1.16947E-14  1.39573E-14  
471320    2.59643E-17  3.24539E-17  3.89072E-17  
471330    1.30745E-18  1.63423E-18  1.95920E-18  
481060    0.00000E+00  0.00000E+00  0.00000E+00  
481070    0.00000E+00  0.00000E+00  0.00000E+00  
481080    6.71904E-17  1.08113E-16  1.59989E-16  
481090    4.98860E-20  9.38469E-20  1.60082E-19  
481100    1.14524E-11  1.88999E-11  2.86102E-11  
481110    1.60717E-09  2.13562E-09  2.70617E-09  
481111    4.87686E-21  8.00258E-21  1.20477E-20  
481120    1.14452E-09  1.47903E-09  1.83081E-09  
481130    5.19841E-10  5.74973E-10  6.19106E-10  
481131    1.25374E-11  1.59193E-11  1.93860E-11  
481140    1.51463E-09  2.01504E-09  2.54341E-09  
481150    1.13237E-11  1.15251E-11  1.17197E-11  
481151    1.24906E-11  1.28826E-11  1.31815E-11  
481160    9.98219E-10  1.26295E-09  1.53312E-09  
481170    4.64880E-13  4.73296E-13  4.81426E-13  
481171    1.38008E-13  1.40838E-13  1.43571E-13  
481180    1.72995E-13  1.75263E-13  1.77454E-13  
481190    6.38746E-15  6.45081E-15  6.51204E-15  
481191    2.71902E-15  2.75594E-15  2.79160E-15  
481200    2.93313E-15  2.96014E-15  2.98625E-15  
481210    4.08850E-16  4.12207E-16  4.15454E-16  
481211    1.55270E-16  1.57589E-16  1.59830E-16  
481220    3.04036E-16  3.04666E-16  3.05277E-16  
481230    9.79088E-17  9.73485E-17  9.68082E-17  
481240    6.47193E-17  6.40533E-17  6.34103E-17  
481250    1.54410E-17  1.52809E-17  1.51263E-17  
481260    1.53327E-17  1.51644E-17  1.50017E-17  
481270    1.10821E-17  1.09600E-17  1.08420E-17  
481280    3.65036E-18  3.61013E-18  3.57125E-18  
481290    3.82863E-21  3.80395E-21  3.78030E-21  
481300    5.20722E-17  5.14979E-17  5.09430E-17  
481310    3.42980E-18  3.39194E-18  3.35535E-18  
481320    4.26038E-21  4.23793E-21  4.21650E-21  
481330    3.22716E-14  4.03368E-14  4.83573E-14  
481340    3.60183E-16  4.50177E-16  5.39668E-16  
481350    3.36347E-18  4.20413E-18  5.04011E-18  
481360    1.27553E-20  1.59433E-20  1.91136E-20  
491090    0.00000E+00  0.00000E+00  0.00000E+00  
491110    0.00000E+00  0.00000E+00  0.00000E+00  
491120    0.00000E+00  0.00000E+00  0.00000E+00  
491121    0.00000E+00  0.00000E+00  0.00000E+00  
491130    2.17064E-13  3.43054E-13  4.99363E-13  
491131    0.00000E+00  0.00000E+00  0.00000E+00  
491140    1.18863E-21  1.91387E-21  2.82363E-21  
491141    2.98699E-17  5.16018E-17  7.97447E-17  
491150    8.65163E-10  1.09601E-09  1.33006E-09  
491151    9.50121E-13  9.67024E-13  9.83355E-13  
491160    3.02983E-18  3.81613E-18  4.60540E-18  
491161    1.15199E-15  1.45101E-15  1.75117E-15  
491170    9.86662E-14  1.00524E-13  1.02318E-13  
491171    3.32191E-13  3.38208E-13  3.44020E-13  
491180    2.86747E-16  2.90514E-16  2.94154E-16  
491181    1.25990E-18  1.35113E-18  1.43921E-18  
491190    4.00884E-15  4.05816E-15  4.10580E-15  
491191    3.87188E-14  3.91085E-14  3.94852E-14  
491200    1.80787E-16  1.82527E-16  1.84209E-16  
491201    4.42675E-17  4.58099E-17  4.72989E-17  
491210    9.17269E-16  9.32203E-16  9.46627E-16  
491211    5.12912E-15  5.18605E-15  5.24106E-15  
491220    9.39478E-17  9.45055E-17  9.50446E-17  
491221    4.74805E-17  5.00707E-17  5.25717E-17  
491230    2.12131E-16  2.15261E-16  2.18285E-16  
491231    1.62817E-15  1.62729E-15  1.62646E-15  
491240    1.98220E-16  1.98417E-16  1.98608E-16  
491241    4.34992E-17  4.57045E-17  4.78345E-17  
491250    8.04810E-17  8.13063E-17  8.21037E-17  
491251    4.39001E-16  4.43029E-16  4.46921E-16  
491260    6.53499E-17  6.55903E-17  6.58226E-17  
491261    2.12217E-17  2.20155E-17  2.27826E-17  
491270    2.10346E-16  2.09145E-16  2.07984E-16  
491271    1.29294E-16  1.31642E-16  1.33911E-16  
491280    6.40842E-17  6.46098E-17  6.51175E-17  
491281    4.56350E-17  4.61880E-17  4.67221E-17  
491290    7.19345E-17  7.13208E-17  7.07285E-17  
491291    1.35139E-16  1.34011E-16  1.32922E-16  
491300    9.55755E-17  9.46624E-17  9.37801E-17  
491301    1.04695E-17  1.06163E-17  1.07583E-17  
491310    1.12936E-17  1.12217E-17  1.11524E-17  
491311    8.49954E-18  8.47170E-18  8.44489E-18  
491320    7.99069E-18  7.93271E-18  7.87689E-18  
491330    3.97952E-19  3.95359E-19  3.92873E-19  
491340    2.06811E-12  2.58397E-12  3.09685E-12  
491350    3.81515E-22  3.79319E-22  3.77221E-22  
491360    1.03189E-15  1.28974E-15  1.54615E-15  
491370    2.24858E-17  2.80192E-17  3.35056E-17  
491380    3.15281E-19  3.94081E-19  4.72443E-19  
501110    0.00000E+00  0.00000E+00  0.00000E+00  
501120    5.65532E-22  1.10660E-21  1.91818E-21  
501130    6.83077E-24  4.86370E-24  3.77104E-24  
501131    0.00000E+00  0.00000E+00  0.00000E+00  
501140    8.51844E-17  1.70035E-16  2.99737E-16  
501150    4.38808E-11  5.55548E-11  6.74274E-11  
501160    4.41507E-12  6.96860E-12  1.01103E-11  
501170    9.53881E-10  1.20547E-09  1.46162E-09  
501171    1.55766E-13  1.58776E-13  1.61666E-13  
501180    8.75475E-10  1.10296E-09  1.33340E-09  
501190    9.29259E-10  1.17115E-09  1.41624E-09  
501191    2.36039E-11  2.77819E-11  3.14485E-11  
501200    9.17573E-10  1.15392E-09  1.39262E-09  
501210    5.67572E-12  5.75553E-12  5.83268E-12  
501211    7.03257E-11  8.87706E-11  1.07518E-10  
501220    1.06471E-09  1.34010E-09  1.61869E-09  
501230    4.41948E-11  5.12355E-11  5.74491E-11  
501231    1.67041E-13  1.68546E-13  1.69999E-13  
501240    1.86069E-09  2.34689E-09  2.84061E-09  
501250    3.99905E-11  4.15406E-11  4.30362E-11  
501251    6.07324E-14  6.13386E-14  6.19241E-14  
501260    3.76510E-09  4.76423E-09  5.78454E-09  
501270    3.12868E-12  3.19015E-12  3.24949E-12  
501271    6.17289E-14  6.28090E-14  6.38520E-14  
501280    4.89927E-12  4.93576E-12  4.97099E-12  
501281    4.38356E-15  4.41668E-15  4.44864E-15  
501290    1.76924E-13  1.78942E-13  1.80891E-13  
501291    3.44141E-13  3.45380E-13  3.46577E-13  
501300    5.56810E-13  5.55274E-13  5.53792E-13  
501301    2.42334E-13  2.41794E-13  2.41273E-13  
501310    1.12137E-13  1.11699E-13  1.11276E-13  
501311    1.13244E-13  1.12807E-13  1.12385E-13  
501320    1.08724E-13  1.08412E-13  1.08112E-13  
501330    9.80996E-16  9.73464E-16  9.66203E-16  
501340    1.14732E-16  1.13873E-16  1.13045E-16  
501350    1.09132E-10  1.36214E-10  1.63121E-10  
501360    9.98163E-20  9.91824E-20  9.85754E-20  
501370    1.33690E-12  1.66356E-12  1.98702E-12  
501380    8.55903E-15  1.06971E-14  1.28231E-14  
501390    6.39071E-17  7.98652E-17  9.57318E-17  
501400    3.28874E-18  4.11073E-18  4.92815E-18  
501410    9.79796E-19  1.22468E-18  1.46821E-18  
511150    0.00000E+00  0.00000E+00  0.00000E+00  
511170    0.00000E+00  0.00000E+00  0.00000E+00  
511180    0.00000E+00  0.00000E+00  0.00000E+00  
511181    9.24437E-24  1.13949E-23  1.34714E-23  
511190    2.22559E-20  2.69964E-20  3.15733E-20  
511200    4.13826E-21  5.04688E-21  5.93461E-21  
511201    2.24546E-18  2.72606E-18  3.19006E-18  
511210    8.83814E-10  1.11518E-09  1.34973E-09  
511220    9.73504E-15  1.21250E-14  1.45100E-14  
511221    1.61562E-18  1.95611E-18  2.29007E-18  
511230    1.10703E-09  1.39933E-09  1.69647E-09  
511240    2.66651E-13  3.05164E-13  3.41723E-13  
511241    1.08615E-18  1.21592E-18  1.34187E-18  
511250    2.10888E-09  2.61655E-09  3.11286E-09  
511260    3.28020E-12  3.31246E-12  3.34344E-12  
511261    3.86438E-15  3.88213E-15  3.89925E-15  
511270    2.30227E-10  2.34662E-10  2.38943E-10  
511280    3.26534E-12  3.34459E-12  3.42109E-12  
511281    8.83339E-13  8.91006E-13  8.98408E-13  
511290    3.83299E-11  3.88084E-11  3.92704E-11  
511291    5.00396E-14  5.02197E-14  5.03937E-14  
511300    6.99635E-12  7.01916E-12  7.04118E-12  
511301    1.60826E-12  1.60865E-12  1.60902E-12  
511310    1.45501E-11  1.45377E-11  1.45256E-11  
511320    1.36746E-12  1.36916E-12  1.37079E-12  
511321    8.75028E-13  8.71268E-13  8.67640E-13  
511330    1.48138E-12  1.47318E-12  1.46526E-12  
511340    1.36042E-15  1.35330E-15  1.34644E-15  
511341    1.66501E-14  1.65651E-14  1.64831E-14  
511350    1.32352E-15  1.31567E-15  1.30811E-15  
511360    9.23144E-17  9.16850E-17  9.10804E-17  
511370    1.26618E-16  1.25246E-16  1.23920E-16  
511380    1.88422E-19  1.87249E-19  1.86126E-19  
511390    1.27124E-12  1.58848E-12  1.90387E-12  
511400    6.69043E-14  8.35706E-14  1.00134E-13  
511410    1.88830E-14  2.36026E-14  2.82960E-14  
511420    1.42637E-17  1.78216E-17  2.13585E-17  
511430    1.32184E-18  1.65222E-18  1.98076E-18  
521180    0.00000E+00  0.00000E+00  0.00000E+00  
521190    0.00000E+00  0.00000E+00  0.00000E+00  
521200    3.38342E-21  5.25240E-21  7.50375E-21  
521210    6.16983E-20  8.16105E-20  1.01871E-19  
521211    1.75935E-19  2.52768E-19  3.35237E-19  
521220    3.21441E-13  5.00079E-13  7.17747E-13  
521230    9.61324E-16  1.60371E-15  2.43221E-15  
521231    8.86938E-16  1.23384E-15  1.59610E-15  
521240    5.43671E-13  7.78036E-13  1.04213E-12  
521250    1.71959E-10  2.72591E-10  3.96028E-10  
521251    1.94464E-11  2.60829E-11  3.26959E-11  
521260    8.94372E-11  1.13054E-10  1.36844E-10  
521270    2.22609E-11  2.29010E-11  2.34570E-11  
521271    8.05643E-10  8.81463E-10  9.36939E-10  
521280    2.26375E-08  2.84651E-08  3.43503E-08  
521290    9.61727E-12  9.74069E-12  9.85735E-12  
521291    1.15179E-09  1.16982E-09  1.18445E-09  
521300    1.16754E-07  1.46167E-07  1.75646E-07  
521310    1.61037E-11  1.61209E-11  1.61376E-11  
521311    1.99272E-10  2.02150E-10  2.04927E-10  
521320    4.93147E-09  4.93725E-09  4.94283E-09  
521330    1.13292E-11  1.13091E-11  1.12896E-11  
521331    4.52002E-11  4.51349E-11  4.50718E-11  
521340    6.97004E-11  6.94450E-11  6.91984E-11  
521350    2.63545E-13  2.62516E-13  2.61523E-13  
521360    1.01659E-13  1.00982E-13  1.00329E-13  
521370    4.57115E-15  4.53885E-15  4.50770E-15  
521380    5.28667E-16  5.24485E-16  5.20458E-16  
521390    1.86147E-17  1.84739E-17  1.83386E-17  
521400    2.01882E-17  1.99740E-17  1.97672E-17  
521410    3.09676E-19  3.07837E-19  3.06078E-19  
521420    5.99897E-21  5.96084E-21  5.92428E-21  
521430    3.23852E-14  4.04796E-14  4.85291E-14  
521440    2.50429E-17  3.13007E-17  3.75275E-17  
521450    2.30053E-18  2.87552E-18  3.44732E-18  
521460    1.65294E-19  2.06607E-19  2.47691E-19  
531210    0.00000E+00  0.00000E+00  0.00000E+00  
531230    9.27756E-22  1.14406E-21  1.35290E-21  
531250    2.78474E-20  3.04345E-20  3.42426E-20  
531260    1.74760E-17  2.24686E-17  2.75477E-17  
531270    9.35127E-09  1.20045E-08  1.47280E-08  
531280    5.62026E-16  7.14690E-16  8.69603E-16  
531290    3.64016E-08  4.61105E-08  5.59388E-08  
531300    1.64431E-13  1.96990E-13  2.29349E-13  
531301    1.00386E-15  1.22592E-15  1.44745E-15  
531310    8.29859E-09  8.31996E-09  8.34050E-09  
531320    1.48086E-10  1.48333E-10  1.48571E-10  
531321    2.90688E-13  3.14764E-13  3.38010E-13  
531330    2.04373E-09  2.04323E-09  2.04274E-09  
531331    1.59867E-14  1.61329E-14  1.62741E-14  
531340    9.93585E-11  9.92454E-11  9.91361E-11  
531341    3.39898E-13  3.46493E-13  3.52860E-13  
531350    6.06316E-10  6.06164E-10  6.06017E-10  
531360    9.25211E-13  9.21512E-13  9.17943E-13  
531361    2.42991E-13  2.43548E-13  2.44085E-13  
531370    3.09157E-13  3.08338E-13  3.07549E-13  
531380    4.06985E-14  4.06058E-14  4.05165E-14  
531390    7.80967E-15  7.75962E-15  7.71135E-15  
531400    6.74959E-16  6.70576E-16  6.66354E-16  
531410    9.11873E-17  9.04443E-17  8.97281E-17  
531420    7.09700E-18  7.05296E-18  7.01057E-18  
531430    5.53239E-19  5.50066E-19  5.47034E-19  
531440    5.88181E-21  5.84665E-21  5.81300E-21  
531450    3.58256E-22  3.56195E-22  3.54228E-22  
531460    2.94099E-15  3.67605E-15  4.40701E-15  
531470    3.76194E-18  4.69389E-18  5.61912E-18  
531480    2.59643E-19  3.24537E-19  3.89071E-19  
541230    0.00000E+00  0.00000E+00  0.00000E+00  
541240    0.00000E+00  0.00000E+00  0.00000E+00  
541250    0.00000E+00  0.00000E+00  0.00000E+00  
541251    0.00000E+00  0.00000E+00  0.00000E+00  
541260    5.41080E-17  8.74540E-17  1.29214E-16  
541270    8.21103E-21  1.40674E-20  2.16075E-20  
541271    0.00000E+00  0.00000E+00  0.00000E+00  
541280    2.64011E-12  4.20119E-12  6.13873E-12  
541290    7.37265E-16  1.23699E-15  1.90128E-15  
541291    1.42796E-18  2.30536E-18  3.39535E-18  
541300    3.77295E-11  5.50663E-11  7.55446E-11  
541310    1.78441E-07  2.25426E-07  2.72469E-07  
541311    1.32550E-10  1.32921E-10  1.33260E-10  
541320    2.76619E-07  3.47638E-07  4.18846E-07  
541330    1.23612E-08  1.23593E-08  1.23575E-08  
541331    1.49371E-10  1.49576E-10  1.49773E-10  
541340    5.00372E-07  6.25431E-07  7.50398E-07  
541341    4.53678E-17  4.72322E-17  4.90320E-17  
541350    7.30073E-10  7.31473E-10  7.32819E-10  
541351    4.60044E-12  4.61986E-12  4.63862E-12  
541360    4.63823E-07  5.80012E-07  6.96206E-07  
541370    5.56467E-12  5.56070E-12  5.55687E-12  
541380    2.10741E-11  2.10253E-11  2.09782E-11  
541390    8.00363E-13  7.96803E-13  7.93366E-13  
541400    2.00924E-13  1.99678E-13  1.98476E-13  
541410    9.39072E-15  9.32802E-15  9.26753E-15  
541420    2.45532E-15  2.43780E-15  2.42090E-15  
541430    4.49966E-17  4.46546E-17  4.43252E-17  
541431    2.38619E-09  2.97432E-09  3.55812E-09  
541440    5.95701E-17  5.91261E-17  5.86993E-17  
541450    6.39946E-19  6.36414E-19  6.33040E-19  
541460    9.74268E-20  9.68104E-20  9.62203E-20  
541470    1.04903E-21  1.03955E-21  1.03041E-21  
541480    6.95335E-15  8.69085E-15  1.04186E-14  
541490    8.91982E-18  1.11454E-17  1.33579E-17  
541500    1.09385E-18  1.36725E-18  1.63912E-18  
541510    1.70814E-19  2.13507E-19  2.55963E-19  
551270    0.00000E+00  0.00000E+00  0.00000E+00  
551290    0.00000E+00  0.00000E+00  0.00000E+00  
551310    7.10988E-19  8.88950E-19  1.06481E-18  
551320    4.91063E-16  5.77660E-16  6.63201E-16  
551330    4.14865E-07  5.22243E-07  6.29567E-07  
551340    3.35590E-10  5.20112E-10  7.38988E-10  
551341    4.65243E-14  5.81866E-14  6.97197E-14  
551350    3.46982E-07  4.34569E-07  5.22322E-07  
551351    6.24928E-15  7.00305E-15  7.73094E-15  
551360    4.02531E-11  4.59162E-11  5.14516E-11  
551361    3.53584E-16  3.88387E-16  4.22006E-16  
551370    3.83953E-07  4.79142E-07  5.73961E-07  
551380    5.34115E-11  5.33233E-11  5.32380E-11  
551381    1.61491E-13  1.63962E-13  1.66347E-13  
551390    1.41420E-11  1.41131E-11  1.40852E-11  
551400    1.46182E-12  1.45626E-12  1.45089E-12  
551410    4.23305E-13  4.22202E-13  4.21136E-13  
551420    1.87195E-14  1.86273E-14  1.85383E-14  
551430    1.07017E-14  1.06399E-14  1.05802E-14  
551440    2.01448E-15  2.00105E-15  1.98811E-15  
551450    2.45741E-16  2.44126E-16  2.42571E-16  
551460    1.82284E-17  1.81032E-17  1.79829E-17  
551470    2.68461E-18  2.65949E-18  2.63529E-18  
551480    9.33519E-20  9.27837E-20  9.22404E-20  
551490    5.78259E-22  5.74587E-22  5.71073E-22  
551500    5.82841E-23  5.79459E-23  5.76229E-23  
551510    1.04616E-23  1.04011E-23  1.03433E-23  
551520    2.14739E-18  2.68406E-18  3.21773E-18  
551530    1.14874E-19  1.43586E-19  1.72137E-19  
551540    0.00000E+00  0.00000E+00  0.00000E+00  
561300    0.00000E+00  0.00000E+00  0.00000E+00  
561310    0.00000E+00  0.00000E+00  0.00000E+00  
561320    1.63218E-16  2.33595E-16  3.15309E-16  
561330    1.87000E-18  2.98906E-18  4.43721E-18  
561340    2.68144E-11  5.25669E-11  9.05594E-11  
561350    5.89721E-14  9.12594E-14  1.30885E-13  
561351    1.21190E-16  1.46874E-16  1.72246E-16  
561360    4.95625E-10  6.84080E-10  8.95597E-10  
561361    1.22463E-18  1.39768E-18  1.56681E-18  
561370    3.22234E-09  5.02587E-09  7.22575E-09  
561371    5.88418E-14  7.34088E-14  8.79183E-14  
561380    4.23654E-07  5.29340E-07  6.34884E-07  
561390    1.28163E-10  1.27935E-10  1.27714E-10  
561400    2.75094E-08  2.74583E-08  2.74072E-08  
561410    2.57309E-11  2.56868E-11  2.56442E-11  
561420    1.45166E-11  1.44803E-11  1.44453E-11  
561430    3.16012E-13  3.14720E-13  3.13471E-13  
561440    2.00916E-13  1.99850E-13  1.98820E-13  
561450    3.42453E-14  3.40302E-14  3.38225E-14  
561460    8.68459E-15  8.61638E-15  8.55055E-15  
561470    9.88929E-16  9.80256E-16  9.71890E-16  
561480    8.69846E-17  8.62853E-17  8.56124E-17  
561490    5.22741E-18  5.19335E-18  5.16071E-18  
561500    4.48214E-19  4.45476E-19  4.42856E-19  
561510    6.10267E-20  6.06764E-20  6.03418E-20  
561520    8.36177E-22  8.31321E-22  8.26681E-22  
561530    2.82888E-23  2.81252E-23  2.79689E-23  
561540    2.69110E-17  3.36371E-17  4.03258E-17  
561550    1.49727E-19  1.87150E-19  2.24365E-19  
561560    9.63479E-21  1.20429E-20  1.44376E-20  
571330    0.00000E+00  0.00000E+00  0.00000E+00  
571350    4.54564E-21  5.60725E-21  6.63221E-21  
571370    4.19619E-15  6.38718E-15  9.00496E-15  
571380    1.96181E-12  2.46527E-12  2.97350E-12  
571390    4.05987E-07  5.07185E-07  6.08209E-07  
571400    3.62461E-09  3.61827E-09  3.61187E-09  
571410    3.32373E-10  3.31834E-10  3.31314E-10  
571420    1.26974E-10  1.26705E-10  1.26445E-10  
571430    1.98782E-11  1.98164E-11  1.97566E-11  
571440    8.83670E-13  8.80202E-13  8.76852E-13  
571450    3.82229E-13  3.80695E-13  3.79213E-13  
571460    4.32002E-14  4.29558E-14  4.27199E-14  
571461    2.97800E-14  2.96975E-14  2.96178E-14  
571470    1.59148E-14  1.58587E-14  1.58046E-14  
571480    2.08506E-15  2.07038E-15  2.05623E-15  
571490    4.97255E-16  4.94289E-16  4.91437E-16  
571500    7.91537E-17  7.87037E-17  7.82724E-17  
571510    1.13796E-17  1.13135E-17  1.12502E-17  
571520    7.09518E-19  7.05463E-19  7.01589E-19  
571530    5.53569E-20  5.50391E-20  5.47356E-20  
571540    1.56669E-21  1.55773E-21  1.54917E-21  
571550    3.37651E-23  3.35712E-23  3.33861E-23  
571560    1.71147E-16  2.13925E-16  2.56466E-16  
571570    3.38940E-19  4.23653E-19  5.07894E-19  
571580    7.10455E-21  8.88026E-21  1.06461E-20  
571590    3.85271E-22  4.81565E-22  5.77323E-22  
581350    0.00000E+00  0.00000E+00  0.00000E+00  
581360    0.00000E+00  0.00000E+00  0.00000E+00  
581370    4.84313E-22  5.97126E-22  7.06044E-22  
581371    0.00000E+00  0.00000E+00  0.00000E+00  
581380    4.07024E-17  5.40008E-17  6.85730E-17  
581390    3.43567E-15  5.01719E-15  6.72726E-15  
581391    2.35713E-21  2.87056E-21  3.36626E-21  
581400    3.64124E-07  4.62668E-07  5.61041E-07  
581410    6.57902E-08  6.58934E-08  6.58442E-08  
581420    3.67136E-07  4.58586E-07  5.49855E-07  
581430    2.78906E-09  2.78043E-09  2.77209E-09  
581440    2.55041E-07  2.96440E-07  3.31415E-07  
581450    2.85454E-12  2.84598E-12  2.83771E-12  
581460    9.89488E-12  9.87032E-12  9.84661E-12  
581470    4.42193E-13  4.41804E-13  4.41429E-13  
581480    3.64267E-13  3.62713E-13  3.61214E-13  
581490    1.75926E-14  1.75388E-14  1.74870E-14  
581500    7.11105E-15  7.08447E-15  7.05886E-15  
581510    8.74307E-16  8.70366E-16  8.66574E-16  
581520    1.72256E-16  1.71373E-16  1.70525E-16  
581530    1.95065E-17  1.94036E-17  1.93052E-17  
581540    1.76763E-18  1.75875E-18  1.75027E-18  
581550    1.00693E-19  1.00155E-19  9.96407E-20  
581560    4.92389E-21  4.89687E-21  4.87110E-21  
581570    1.28523E-22  1.27796E-22  1.27102E-22  
581580    1.88737E-16  2.35916E-16  2.82836E-16  
581590    9.43159E-18  1.17890E-17  1.41334E-17  
581600    2.29368E-20  2.86696E-20  3.43704E-20  
581610    3.07585E-22  3.84462E-22  4.60911E-22  
591390    3.41695E-23  4.36769E-23  5.30326E-23  
591400    6.08461E-20  7.88188E-20  9.66055E-20  
591410    3.05601E-07  3.98164E-07  4.90733E-07  
591420    5.58580E-13  7.24462E-13  8.88635E-13  
591421    2.48704E-15  3.22173E-15  3.94881E-15  
591430    2.74678E-08  2.73862E-08  2.73050E-08  
591440    1.07473E-11  1.24910E-11  1.39642E-11  
591441    4.48303E-14  5.17547E-14  5.76031E-14  
591450    3.40538E-10  3.39522E-10  3.38541E-10  
591460    1.76987E-11  1.76557E-11  1.76142E-11  
591470    7.38114E-12  7.36828E-12  7.35587E-12  
591480    9.20744E-13  9.18377E-13  9.16093E-13  
591481    2.36890E-14  2.49571E-14  2.61814E-14  
591490    6.12944E-13  6.12945E-13  6.12946E-13  
591500    1.67677E-14  1.67939E-14  1.68192E-14  
591510    2.83574E-14  2.84010E-14  2.84433E-14  
591520    2.15744E-15  2.16150E-15  2.16546E-15  
591530    9.48206E-16  9.48231E-16  9.48282E-16  
591540    1.00119E-16  1.00221E-16  1.00325E-16  
591550    8.56952E-18  8.55821E-18  8.54783E-18  
591560    1.06120E-18  1.05837E-18  1.05571E-18  
591570    1.06032E-19  1.05577E-19  1.05146E-19  
591580    1.52889E-21  1.52107E-21  1.51365E-21  
591590    5.55842E-23  5.52807E-23  5.49918E-23  
591600    2.18245E-16  2.72812E-16  3.27085E-16  
591610    5.92187E-18  7.40219E-18  8.87436E-18  
591620    6.33098E-21  7.91615E-21  9.49358E-21  
591630    2.41213E-22  3.01501E-22  3.61454E-22  
591640    1.39153E-24  2.77500E-24  4.15077E-24  
601400    0.00000E+00  0.00000E+00  0.00000E+00  
601410    2.08515E-21  2.83457E-21  3.66098E-21  
601420    5.50295E-11  9.17650E-11  1.37950E-10  
601430    3.39457E-07  4.30772E-07  5.21584E-07  
601440    9.25391E-08  1.37909E-07  1.89624E-07  
601450    2.49711E-07  3.11768E-07  3.73621E-07  
601460    1.93359E-07  2.41559E-07  2.89679E-07  
601470    8.69432E-09  8.68015E-09  8.66611E-09  
601480    1.08919E-07  1.36134E-07  1.63328E-07  
601490    2.83330E-11  2.83448E-11  2.83563E-11  
601500    4.46246E-08  5.59069E-08  6.72277E-08  
601510    1.37724E-12  1.38512E-12  1.39274E-12  
601520    8.11053E-13  8.17785E-13  8.24291E-13  
601530    2.19630E-14  2.21143E-14  2.22606E-14  
601540    7.98679E-15  8.07616E-15  8.16259E-15  
601550    9.34391E-16  9.44534E-16  9.54357E-16  
601560    1.79158E-16  1.81188E-16  1.83156E-16  
601570    1.17903E-17  1.18730E-17  1.19539E-17  
601580    1.38741E-18  1.38995E-18  1.39255E-18  
601590    8.82208E-20  8.80641E-20  8.79228E-20  
601600    5.50009E-21  5.48009E-21  5.46132E-21  
601610    2.06506E-22  2.05540E-22  2.04627E-22  
601620    1.68107E-16  2.10193E-16  2.52072E-16  
601630    5.90605E-18  7.38273E-18  8.85139E-18  
601640    1.46850E-19  1.83554E-19  2.20053E-19  
601650    6.96032E-22  8.69997E-22  1.04299E-21  
601660    2.89336E-23  3.66660E-23  4.43554E-23  
601670    0.00000E+00  0.00000E+00  0.00000E+00  
611430    0.00000E+00  0.00000E+00  0.00000E+00  
611440    1.20189E-21  1.77005E-21  2.40217E-21  
611450    3.12806E-17  4.82312E-17  6.84528E-17  
611460    1.45676E-15  1.86197E-15  2.24223E-15  
611470    1.23998E-07  1.53151E-07  1.80821E-07  
611480    2.02639E-11  2.50832E-11  2.96037E-11  
611481    8.37211E-11  1.08136E-10  1.31059E-10  
611490    8.70786E-10  8.71522E-10  8.72221E-10  
611500    2.89451E-14  2.92399E-14  2.95256E-14  
611510    1.89002E-10  1.90124E-10  1.91208E-10  
611520    2.94464E-13  2.96996E-13  2.99442E-13  
611521    2.40708E-15  2.58706E-15  2.76082E-15  
611530    2.32925E-13  2.35163E-13  2.37326E-13  
611540    3.49458E-14  3.54634E-14  3.59637E-14  
611541    4.54971E-15  4.79672E-15  5.03524E-15  
611550    7.10190E-15  7.27672E-15  7.44568E-15  
611560    1.98692E-15  2.05335E-15  2.11757E-15  
611570    2.82458E-16  2.92703E-16  3.02615E-16  
611580    3.50176E-17  3.60243E-17  3.70001E-17  
611590    2.49175E-18  2.54757E-18  2.60181E-18  
611600    4.27404E-19  4.32723E-19  4.37924E-19  
611610    3.68636E-20  3.70935E-20  3.73209E-20  
611620    6.17674E-22  6.18535E-22  6.19402E-22  
611630    5.15859E-23  5.13820E-23  5.11881E-23  
611640    2.86850E-16  3.58613E-16  4.30004E-16  
611650    1.34010E-17  1.67513E-17  2.00833E-17  
611660    5.49469E-19  6.86809E-19  8.23387E-19  
611670    4.49159E-20  5.61422E-20  6.73060E-20  
611680    9.07322E-23  1.13410E-22  1.35961E-22  
611690    1.04852E-24  2.09098E-24  3.12763E-24  
621440    0.00000E+00  0.00000E+00  0.00000E+00  
621450    1.63093E-19  2.90623E-19  4.73903E-19  
621460    5.04960E-16  1.00479E-15  1.74494E-15  
621470    1.15142E-08  1.81189E-08  2.60719E-08  
621480    4.85908E-10  7.95746E-10  1.17769E-09  
621490    2.20794E-08  2.28066E-08  2.32241E-08  
621500    4.85711E-08  6.57740E-08  8.32888E-08  
621510    2.47554E-08  3.00803E-08  3.50939E-08  
621520    2.20626E-08  2.86964E-08  3.57095E-08  
621530    1.27237E-10  1.29469E-10  1.31710E-10  
621540    5.56018E-09  7.02514E-09  8.51676E-09  
621550    2.40462E-13  2.47188E-13  2.53689E-13  
621560    3.15624E-12  3.29533E-12  3.42971E-12  
621570    2.12769E-14  2.24660E-14  2.36152E-14  
621580    7.00752E-15  7.40672E-15  7.79258E-15  
621590    8.39662E-17  8.94037E-17  9.46615E-17  
621600    2.17888E-17  2.32134E-17  2.45913E-17  
621610    2.18903E-18  2.32658E-18  2.45975E-18  
621620    1.63000E-19  1.72695E-19  1.82060E-19  
621630    2.41685E-20  2.45826E-20  2.49836E-20  
621640    3.33129E-21  3.33237E-21  3.33361E-21  
621650    2.69283E-22  2.68149E-22  2.67070E-22  
621660    6.62780E-16  8.28608E-16  9.93580E-16  
621670    4.99210E-17  6.23995E-17  7.48092E-17  
621680    2.40714E-18  3.00877E-18  3.60706E-18  
621690    1.02091E-19  1.27608E-19  1.52983E-19  
621700    0.00000E+00  0.00000E+00  0.00000E+00  
621710    1.51983E-24  3.03086E-24  4.53348E-24  
621720    0.00000E+00  0.00000E+00  0.00000E+00  
631470    0.00000E+00  0.00000E+00  0.00000E+00  
631490    2.29405E-21  3.75231E-21  5.63743E-21  
631510    6.54018E-11  9.83114E-11  1.36158E-10  
631520    3.59704E-12  6.69068E-12  1.10004E-11  
631521    1.23756E-14  1.85114E-14  2.55103E-14  
631530    1.13335E-08  1.43089E-08  1.73268E-08  
631540    7.70196E-11  1.19559E-10  1.70735E-10  
631541    4.70985E-16  5.90818E-16  7.11104E-16  
631550    2.27942E-09  2.79647E-09  3.29454E-09  
631560    1.58442E-10  1.73143E-10  1.87193E-10  
631570    2.45897E-12  2.60147E-12  2.73917E-12  
631580    6.45252E-14  6.85484E-14  7.24366E-14  
631590    9.94920E-15  1.07525E-14  1.15288E-14  
631600    1.31129E-16  1.43447E-16  1.55352E-16  
631610    3.01867E-17  3.36930E-17  3.70815E-17  
631620    2.91782E-18  3.31362E-18  3.69581E-18  
631630    6.55910E-19  7.18236E-19  7.78431E-19  
631640    6.64801E-20  6.90080E-20  7.14516E-20  
631650    1.67141E-20  1.68975E-20  1.70754E-20  
631660    8.05768E-22  8.04919E-22  8.04146E-22  
631670    9.72024E-23  9.66942E-23  9.62093E-23  
631680    1.02227E-15  1.27783E-15  1.53198E-15  
631690    8.92259E-17  1.11528E-16  1.33706E-16  
631700    4.39055E-18  5.48792E-18  6.57918E-18  
631710    1.16373E-19  1.45459E-19  1.74383E-19  
631720    2.55255E-20  3.19053E-20  3.82496E-20  
641490    0.00000E+00  0.00000E+00  0.00000E+00  
641500    2.96085E-23  6.61517E-23  1.30263E-22  
641510    1.25653E-20  2.81917E-20  5.35863E-20  
641520    1.47253E-12  2.79171E-12  4.67578E-12  
641530    7.42657E-15  1.68580E-14  3.24713E-14  
641540    1.49375E-12  2.91256E-12  5.01324E-12  
641550    9.04277E-11  1.30190E-10  1.73284E-10  
641560    1.45512E-09  1.98081E-09  2.55971E-09  
641570    1.53690E-10  1.65561E-10  1.76492E-10  
641580    7.83050E-10  1.04910E-09  1.33195E-09  
641590    6.15347E-13  6.66026E-13  7.15028E-13  
641600    4.52160E-11  6.03194E-11  7.68249E-11  
641610    3.10923E-16  3.51245E-16  3.90204E-16  
641620    2.54622E-16  2.96856E-16  3.37633E-16  
641630    1.41274E-17  1.62593E-17  1.83178E-17  
641640    3.48982E-18  3.91535E-18  4.32627E-18  
641650    3.11350E-19  3.35315E-19  3.58462E-19  
641660    6.95995E-20  7.22901E-20  7.48910E-20  
641670    1.93129E-20  1.93298E-20  1.93472E-20  
641680    6.79242E-22  6.76150E-22  6.73209E-22  
641690    5.18732E-22  5.15863E-22  5.13124E-22  
641700    1.31743E-15  1.64674E-15  1.97423E-15  
641710    1.29332E-16  1.61658E-16  1.93805E-16  
641720    3.07461E-17  3.84307E-17  4.60726E-17  
651530    0.00000E+00  0.00000E+00  0.00000E+00  
651550    3.49887E-22  4.33885E-22  5.14981E-22  
651560    2.20952E-20  2.74035E-20  3.25285E-20  
651561    4.29801E-22  5.30304E-22  6.27338E-22  
651570    1.12445E-17  1.73561E-17  2.46966E-17  
651580    9.23300E-17  1.27219E-16  1.63200E-16  
651581    2.05315E-23  2.51764E-23  2.96609E-23  
651590    1.19246E-10  1.57135E-10  1.97961E-10  
651600    6.23035E-14  8.89493E-14  1.18114E-13  
651610    8.29220E-13  9.39878E-13  1.04679E-12  
651620    2.33514E-16  2.72366E-16  3.09879E-16  
651621    4.46715E-14  6.84850E-14  9.70239E-14  
651630    2.64011E-16  3.05308E-16  3.45184E-16  
651640    1.65009E-17  1.87476E-17  2.09170E-17  
651650    5.45299E-18  6.05906E-18  6.64435E-18  
651660    5.87879E-19  6.36339E-19  6.83146E-19  
651670    2.37709E-19  2.42916E-19  2.47955E-19  
651680    5.13968E-20  5.14795E-20  5.15629E-20  
651690    5.90913E-21  5.88925E-21  5.87045E-21  
651700    2.93353E-21  2.91780E-21  2.90279E-21  
651710    1.44633E-22  1.43818E-22  1.43040E-22  
651720    2.87668E-15  3.59568E-15  4.31070E-15  
661540    0.00000E+00  0.00000E+00  0.00000E+00  
661550    0.00000E+00  0.00000E+00  0.00000E+00  
661560    0.00000E+00  0.00000E+00  0.00000E+00  
661570    0.00000E+00  0.00000E+00  0.00000E+00  
661580    2.80399E-20  4.70140E-20  7.13744E-20  
661590    2.36525E-19  3.37086E-19  4.44086E-19  
661600    5.86830E-14  1.06263E-13  1.71444E-13  
661610    1.51507E-11  2.09049E-11  2.73473E-11  
661620    5.29937E-12  7.55933E-12  1.01729E-11  
661630    2.38192E-12  3.35662E-12  4.47382E-12  
661640    1.00001E-12  1.37255E-12  1.78887E-12  
661650    4.15563E-16  4.73610E-16  5.31818E-16  
661651    2.51985E-19  3.41782E-19  4.40840E-19  
661660    7.61469E-15  8.35327E-15  9.06657E-15  
661670    5.16685E-18  5.35788E-18  5.54255E-18  
661680    3.98755E-18  4.04762E-18  4.10590E-18  
661690    1.68986E-19  1.69796E-19  1.70590E-19  
661700    6.98682E-20  6.96881E-20  6.95187E-20  
661710    7.17919E-21  7.14844E-21  7.11919E-21  
661720    4.78001E-21  4.75300E-21  4.72720E-21  
671590    0.00000E+00  0.00000E+00  0.00000E+00  
671591    0.00000E+00  0.00000E+00  0.00000E+00  
671610    4.61519E-24  5.68854E-24  6.72486E-24  
671611    0.00000E+00  0.00000E+00  0.00000E+00  
671620    8.20026E-24  1.01066E-23  1.19471E-23  
671621    3.49391E-23  4.30617E-23  5.09040E-23  
671630    1.47758E-18  2.29385E-18  3.27710E-18  
671631    0.00000E+00  0.00000E+00  0.00000E+00  
671640    2.06876E-21  2.55038E-21  3.01569E-21  
671641    1.86861E-21  2.30296E-21  2.72232E-21  
671650    5.59073E-13  7.67248E-13  1.00260E-12  
671660    2.50867E-15  2.75650E-15  2.99660E-15  
671661    2.02805E-16  3.08621E-16  4.33391E-16  
671670    1.55650E-16  1.61540E-16  1.67240E-16  
671680    1.38117E-18  1.40385E-18  1.42584E-18  
671690    1.25310E-18  1.26236E-18  1.27139E-18  
671700    3.95215E-19  3.94552E-19  3.93937E-19  
671701    2.47784E-21  2.56379E-21  2.64694E-21  
671710    7.39625E-20  7.38175E-20  7.36819E-20  
671720    5.87518E-20  5.84411E-20  5.81446E-20  
681610    0.00000E+00  0.00000E+00  0.00000E+00  
681620    0.00000E+00  0.00000E+00  0.00000E+00  
681630    0.00000E+00  0.00000E+00  0.00000E+00  
681640    3.78653E-18  5.87950E-18  8.40116E-18  
681650    1.88236E-22  2.39539E-22  2.92000E-22  
681660    3.15142E-13  4.22660E-13  5.40133E-13  
681670    1.94419E-13  2.47468E-13  3.01877E-13  
681671    3.80313E-21  3.95560E-21  4.10427E-21  
681680    1.20711E-13  1.54319E-13  1.89136E-13  
681690    3.58288E-15  3.61072E-15  3.63752E-15  
681700    3.80535E-14  4.76893E-14  5.73199E-14  
681710    3.79867E-17  3.79429E-17  3.79029E-17  
681720    4.24713E-16  4.22599E-16  4.20583E-16  
691650    0.00000E+00  0.00000E+00  0.00000E+00  
691660    0.00000E+00  0.00000E+00  0.00000E+00  
691670    0.00000E+00  0.00000E+00  0.00000E+00  
691680    2.75835E-21  3.89563E-21  5.07389E-21  
691690    6.38596E-14  8.11927E-14  9.86241E-14  
691700    1.68158E-16  2.45993E-16  3.30152E-16  
691710    1.91459E-14  2.32463E-14  2.70748E-14  
691720    5.50237E-16  5.48004E-16  5.45859E-16  
701670    0.00000E+00  0.00000E+00  0.00000E+00  
701680    0.00000E+00  0.00000E+00  0.00000E+00  
701690    0.00000E+00  1.36840E-24  2.64813E-24  
701691    0.00000E+00  0.00000E+00  0.00000E+00  
701700    8.27808E-17  1.56040E-16  2.58108E-16  
701710    2.58753E-15  3.96891E-15  5.60771E-15  
701720    3.66627E-14  4.61184E-14  5.55380E-14  
701730    2.37394E-18  3.72764E-18  5.38048E-18  
701740    1.21836E-21  2.39516E-21  4.14682E-21  
701750    0.00000E+00  0.00000E+00  0.00000E+00  
701760    0.00000E+00  0.00000E+00  0.00000E+00  
711710    0.00000E+00  0.00000E+00  0.00000E+00  
711711    0.00000E+00  0.00000E+00  0.00000E+00  
711720    0.00000E+00  0.00000E+00  0.00000E+00  
711721    0.00000E+00  0.00000E+00  0.00000E+00  
711750    0.00000E+00  0.00000E+00  1.46509E-24  
711760    0.00000E+00  0.00000E+00  0.00000E+00  
721740    0.00000E+00  0.00000E+00  0.00000E+00  
721750    0.00000E+00  0.00000E+00  0.00000E+00  
721760    0.00000E+00  0.00000E+00  0.00000E+00  
721770    0.00000E+00  0.00000E+00  0.00000E+00  
721780    0.00000E+00  0.00000E+00  0.00000E+00  
721790    0.00000E+00  0.00000E+00  0.00000E+00  
721800    0.00000E+00  0.00000E+00  0.00000E+00  
721810    0.00000E+00  0.00000E+00  0.00000E+00  
721820    0.00000E+00  0.00000E+00  0.00000E+00  
731800    0.00000E+00  0.00000E+00  0.00000E+00  
731810    0.00000E+00  0.00000E+00  0.00000E+00  
731820    0.00000E+00  0.00000E+00  0.00000E+00  
741800    0.00000E+00  0.00000E+00  0.00000E+00  
741810    0.00000E+00  0.00000E+00  0.00000E+00  
741820    0.00000E+00  0.00000E+00  0.00000E+00  
741830    0.00000E+00  0.00000E+00  0.00000E+00  
741840    0.00000E+00  0.00000E+00  0.00000E+00  
741850    0.00000E+00  0.00000E+00  0.00000E+00  
741860    0.00000E+00  0.00000E+00  0.00000E+00  
751850    0.00000E+00  0.00000E+00  0.00000E+00  
751860    0.00000E+00  0.00000E+00  0.00000E+00  
751861    0.00000E+00  0.00000E+00  0.00000E+00  
751870    0.00000E+00  0.00000E+00  0.00000E+00  
761840    0.00000E+00  0.00000E+00  0.00000E+00  
761850    0.00000E+00  0.00000E+00  0.00000E+00  
761860    0.00000E+00  0.00000E+00  0.00000E+00  
761870    0.00000E+00  0.00000E+00  0.00000E+00  
761880    0.00000E+00  0.00000E+00  0.00000E+00  
761890    0.00000E+00  0.00000E+00  0.00000E+00  
761900    0.00000E+00  0.00000E+00  0.00000E+00  
761910    0.00000E+00  0.00000E+00  0.00000E+00  
761920    0.00000E+00  0.00000E+00  0.00000E+00  
771910    0.00000E+00  0.00000E+00  0.00000E+00  
771911    0.00000E+00  0.00000E+00  0.00000E+00  
771920    0.00000E+00  0.00000E+00  0.00000E+00  
771930    0.00000E+00  0.00000E+00  0.00000E+00  
771940    0.00000E+00  0.00000E+00  0.00000E+00  
771941    0.00000E+00  0.00000E+00  0.00000E+00  
781900    0.00000E+00  0.00000E+00  0.00000E+00  
781910    0.00000E+00  0.00000E+00  0.00000E+00  
781920    0.00000E+00  0.00000E+00  0.00000E+00  
781930    0.00000E+00  0.00000E+00  0.00000E+00  
781940    0.00000E+00  0.00000E+00  0.00000E+00  
781950    0.00000E+00  0.00000E+00  0.00000E+00  
781960    0.00000E+00  0.00000E+00  0.00000E+00  
781970    0.00000E+00  0.00000E+00  0.00000E+00  
781980    0.00000E+00  0.00000E+00  0.00000E+00  
791970    0.00000E+00  0.00000E+00  0.00000E+00  
791971    0.00000E+00  0.00000E+00  0.00000E+00  
801960    0.00000E+00  0.00000E+00  0.00000E+00  
801970    0.00000E+00  0.00000E+00  0.00000E+00  
801971    0.00000E+00  0.00000E+00  0.00000E+00  
801980    0.00000E+00  0.00000E+00  0.00000E+00  
801990    0.00000E+00  0.00000E+00  0.00000E+00  
802000    0.00000E+00  0.00000E+00  0.00000E+00  
802010    0.00000E+00  0.00000E+00  0.00000E+00  
802020    0.00000E+00  0.00000E+00  0.00000E+00  
802030    0.00000E+00  0.00000E+00  0.00000E+00  
802040    0.00000E+00  0.00000E+00  0.00000E+00  
802060    0.00000E+00  0.00000E+00  0.00000E+00  
812030    0.00000E+00  0.00000E+00  0.00000E+00  
812040    0.00000E+00  0.00000E+00  0.00000E+00  
812050    0.00000E+00  0.00000E+00  0.00000E+00  
812060    0.00000E+00  0.00000E+00  0.00000E+00  
812070    0.00000E+00  0.00000E+00  1.32035E-24  
812080    4.32500E-24  8.38411E-24  1.43385E-23  
812090    0.00000E+00  0.00000E+00  0.00000E+00  
812100    0.00000E+00  0.00000E+00  0.00000E+00  
822040    0.00000E+00  0.00000E+00  0.00000E+00  
822050    0.00000E+00  0.00000E+00  0.00000E+00  
822060    1.31020E-24  5.68777E-24  1.54183E-23  
822070    8.27579E-21  1.78268E-20  3.29107E-20  
822080    2.59306E-19  6.32034E-19  1.30365E-18  
822090    0.00000E+00  0.00000E+00  0.00000E+00  
822100    2.23873E-21  4.26799E-21  7.20660E-21  
822110    3.95372E-24  6.63607E-24  1.00206E-23  
822120    2.51818E-21  4.88082E-21  8.34635E-21  
822140    0.00000E+00  0.00000E+00  1.15323E-24  
832080    0.00000E+00  0.00000E+00  0.00000E+00  
832090    1.64575E-23  3.83476E-23  7.34480E-23  
832100    1.27909E-24  2.47809E-24  4.22880E-24  
832101    0.00000E+00  0.00000E+00  0.00000E+00  
832110    0.00000E+00  0.00000E+00  0.00000E+00  
832120    2.38677E-22  4.62677E-22  7.91267E-22  
832130    0.00000E+00  0.00000E+00  0.00000E+00  
832140    0.00000E+00  0.00000E+00  0.00000E+00  
832150    0.00000E+00  0.00000E+00  0.00000E+00  
842080    0.00000E+00  0.00000E+00  0.00000E+00  
842090    0.00000E+00  0.00000E+00  0.00000E+00  
842100    7.62582E-24  2.00038E-23  4.04135E-23  
842110    0.00000E+00  0.00000E+00  0.00000E+00  
842120    0.00000E+00  0.00000E+00  0.00000E+00  
842130    0.00000E+00  0.00000E+00  0.00000E+00  
842140    0.00000E+00  0.00000E+00  0.00000E+00  
842150    0.00000E+00  0.00000E+00  0.00000E+00  
842160    0.00000E+00  0.00000E+00  0.00000E+00  
842180    0.00000E+00  0.00000E+00  0.00000E+00  
852150    0.00000E+00  0.00000E+00  0.00000E+00  
852170    0.00000E+00  0.00000E+00  0.00000E+00  
852180    0.00000E+00  0.00000E+00  0.00000E+00  
852190    0.00000E+00  0.00000E+00  0.00000E+00  
862170    0.00000E+00  0.00000E+00  0.00000E+00  
862180    0.00000E+00  0.00000E+00  0.00000E+00  
862190    0.00000E+00  0.00000E+00  0.00000E+00  
862200    3.68163E-24  7.12530E-24  1.21725E-23  
862220    1.04074E-22  1.63825E-22  2.37005E-22  
872210    0.00000E+00  0.00000E+00  0.00000E+00  
872220    0.00000E+00  0.00000E+00  0.00000E+00  
872230    0.00000E+00  0.00000E+00  0.00000E+00  
882220    0.00000E+00  0.00000E+00  0.00000E+00  
882230    1.80322E-21  3.02637E-21  4.56968E-21  
882240    2.09394E-20  4.05254E-20  6.92313E-20  
882250    6.04960E-24  1.00545E-23  1.51678E-23  
882260    1.65847E-17  2.58892E-17  3.72457E-17  
882280    5.37478E-23  8.32434E-23  1.18744E-22  
892250    3.60209E-24  6.13660E-24  9.40727E-24  
892260    0.00000E+00  0.00000E+00  0.00000E+00  
892270    1.76297E-18  2.76161E-18  3.98358E-18  
892280    7.03449E-23  1.09620E-22  1.57309E-22  
902260    0.00000E+00  0.00000E+00  0.00000E+00  
902270    3.32506E-21  5.42308E-21  8.03729E-21  
902280    4.23288E-18  8.09742E-18  1.37257E-17  
902290    1.00038E-18  1.56988E-18  2.26386E-18  
902300    4.98880E-12  6.22908E-12  7.46667E-12  
902310    1.44887E-15  1.47159E-15  1.49402E-15  
902320    3.09738E-12  3.85403E-12  4.60394E-12  
902330    1.19276E-19  1.47554E-19  1.75286E-19  
902340    6.66472E-13  6.66735E-13  6.66756E-13  
912290    0.00000E+00  0.00000E+00  0.00000E+00  
912300    2.22462E-21  2.85091E-21  3.47388E-21  
912310    2.38019E-13  2.99778E-13  3.62275E-13  
912320    2.61513E-17  3.27955E-17  3.94521E-17  
912330    6.21319E-16  8.13384E-16  1.00650E-15  
912340    1.23540E-17  1.23595E-17  1.23604E-17  
912341    2.22580E-17  2.22668E-17  2.22675E-17  
922300    1.79287E-22  2.38700E-22  2.96866E-22  
922310    0.00000E+00  1.33570E-24  1.87594E-24  
922320    1.84532E-15  2.87365E-15  4.12743E-15  
922330    1.98695E-13  2.49067E-13  2.99089E-13  
922340    2.44496E-06  2.44214E-06  2.43934E-06  
922350    3.20688E-04  3.18981E-04  3.17293E-04  
922351    5.70817E-13  5.69693E-13  5.68658E-13  
922360    1.12970E-06  1.40435E-06  1.67596E-06  
922370    6.20490E-10  6.27366E-10  6.34146E-10  
922380    4.51531E-02  4.51515E-02  4.51500E-02  
922390    5.19917E-10  5.16906E-10  5.14029E-10  
922400    5.17943E-15  5.11979E-15  5.06313E-15  
922410    4.69223E-22  4.61149E-22  4.53523E-22  
932340    0.00000E+00  0.00000E+00  0.00000E+00  
932350    8.05108E-19  1.23515E-18  1.73864E-18  
932360    4.07647E-16  6.48640E-16  9.42553E-16  
932361    3.36207E-23  5.13937E-23  7.20471E-23  
932370    1.52976E-08  1.94790E-08  2.36981E-08  
932380    1.50054E-12  1.90468E-12  2.30836E-12  
932390    7.52143E-08  7.47787E-08  7.43625E-08  
932400    3.19232E-14  3.15555E-14  3.12063E-14  
932401    6.86951E-15  6.79041E-15  6.71526E-15  
932410    1.30444E-21  1.28200E-21  1.26079E-21  
942360    1.79072E-21  3.48467E-21  5.95246E-21  
942370    1.94964E-16  2.53040E-16  3.10649E-16  
942380    6.11208E-11  9.76731E-11  1.42846E-10  
942390    5.57683E-06  6.91278E-06  8.21688E-06  
942400    7.52000E-08  1.16224E-07  1.65373E-07  
942410    9.79311E-10  1.88278E-09  3.19668E-09  
942420    4.44650E-12  1.07166E-11  2.18746E-11  
942430    2.18098E-17  5.23097E-17  1.06248E-16  
942440    1.89782E-20  5.89834E-20  1.48289E-19  
942450    0.00000E+00  0.00000E+00  0.00000E+00  
942460    0.00000E+00  0.00000E+00  0.00000E+00  
952400    2.66105E-21  6.44906E-21  1.31956E-20  
952410    8.54980E-12  2.06480E-11  4.22223E-11  
952420    1.26960E-15  3.05758E-15  6.23008E-15  
952421    5.89099E-15  1.75613E-14  4.25148E-14  
952430    3.90037E-15  1.18700E-14  2.92348E-14  
952440    5.30019E-21  1.60758E-20  3.94365E-20  
952441    3.43987E-21  1.04093E-20  2.54973E-20  
952450    0.00000E+00  0.00000E+00  0.00000E+00  
952461    0.00000E+00  0.00000E+00  0.00000E+00  
962400    0.00000E+00  0.00000E+00  0.00000E+00  
962410    9.42944E-23  3.06787E-22  7.83254E-22  
962420    4.82519E-14  1.40440E-13  3.31833E-13  
962430    8.05928E-18  2.94946E-17  8.39971E-17  
962440    6.09767E-18  2.33240E-17  6.90465E-17  
962450    1.78750E-21  8.52874E-21  3.02476E-20  
962460    1.51413E-24  9.85562E-24  4.25410E-23  
962470    0.00000E+00  0.00000E+00  0.00000E+00  
962480    0.00000E+00  0.00000E+00  0.00000E+00  
962490    0.00000E+00  0.00000E+00  0.00000E+00  
962500    0.00000E+00  0.00000E+00  0.00000E+00  
972450    0.00000E+00  0.00000E+00  0.00000E+00  
972460    0.00000E+00  0.00000E+00  0.00000E+00  
972470    0.00000E+00  0.00000E+00  0.00000E+00  
972480    0.00000E+00  0.00000E+00  0.00000E+00  
972490    0.00000E+00  0.00000E+00  0.00000E+00  
972500    0.00000E+00  0.00000E+00  0.00000E+00  
972510    0.00000E+00  0.00000E+00  0.00000E+00  
982460    0.00000E+00  0.00000E+00  0.00000E+00  
982470    0.00000E+00  0.00000E+00  0.00000E+00  
982480    0.00000E+00  0.00000E+00  0.00000E+00  
982490    0.00000E+00  0.00000E+00  0.00000E+00  
982500    0.00000E+00  0.00000E+00  0.00000E+00  
982510    0.00000E+00  0.00000E+00  0.00000E+00  
982520    0.00000E+00  0.00000E+00  0.00000E+00  
982530    0.00000E+00  0.00000E+00  0.00000E+00  
982540    0.00000E+00  0.00000E+00  0.00000E+00  
992510    0.00000E+00  0.00000E+00  0.00000E+00  
992520    0.00000E+00  0.00000E+00  0.00000E+00  
992530    0.00000E+00  0.00000E+00  0.00000E+00  
992540    0.00000E+00  0.00000E+00  0.00000E+00  
992541    0.00000E+00  0.00000E+00  0.00000E+00  
992550    0.00000E+00  0.00000E+00  0.00000E+00  
1002540   0.00000E+00  0.00000E+00  0.00000E+00  
1002550   0.00000E+00  0.00000E+00  0.00000E+00  
