TIME      3842114.0353628286196406.4635599328550698.891757036
SYS BU    2.24667E-02  3.62333E-02  5.00000E-02  
CELL BU   2.24667E-02  3.62333E-02  5.00000E-02  
FLUX      6.43444E+12  6.41713E+12  6.40012E+12  
POW DENS  9.08389E+00  9.08389E+00  9.08389E+00  
POW       6.00000E-02  6.00000E-02  6.00000E-02  

10010     0.00000E+00  0.00000E+00  0.00000E+00  
10020     0.00000E+00  0.00000E+00  0.00000E+00  
10030     0.00000E+00  0.00000E+00  0.00000E+00  
20030     0.00000E+00  0.00000E+00  0.00000E+00  
20040     0.00000E+00  0.00000E+00  0.00000E+00  
30060     0.00000E+00  0.00000E+00  0.00000E+00  
30070     0.00000E+00  0.00000E+00  0.00000E+00  
40070     0.00000E+00  0.00000E+00  0.00000E+00  
40090     0.00000E+00  0.00000E+00  0.00000E+00  
40100     0.00000E+00  0.00000E+00  0.00000E+00  
50100     0.00000E+00  0.00000E+00  0.00000E+00  
50110     0.00000E+00  0.00000E+00  0.00000E+00  
60120     0.00000E+00  0.00000E+00  0.00000E+00  
60130     0.00000E+00  0.00000E+00  0.00000E+00  
60140     0.00000E+00  0.00000E+00  0.00000E+00  
70140     0.00000E+00  0.00000E+00  0.00000E+00  
70150     0.00000E+00  0.00000E+00  0.00000E+00  
80160     0.00000E+00  0.00000E+00  0.00000E+00  
80170     0.00000E+00  0.00000E+00  0.00000E+00  
80180     0.00000E+00  0.00000E+00  0.00000E+00  
90190     0.00000E+00  0.00000E+00  0.00000E+00  
100200    0.00000E+00  0.00000E+00  0.00000E+00  
100210    0.00000E+00  0.00000E+00  0.00000E+00  
100220    0.00000E+00  0.00000E+00  0.00000E+00  
110220    0.00000E+00  0.00000E+00  0.00000E+00  
110230    0.00000E+00  0.00000E+00  0.00000E+00  
120240    0.00000E+00  0.00000E+00  0.00000E+00  
120250    0.00000E+00  0.00000E+00  0.00000E+00  
120260    0.00000E+00  0.00000E+00  0.00000E+00  
130261    0.00000E+00  0.00000E+00  0.00000E+00  
130270    0.00000E+00  0.00000E+00  0.00000E+00  
140280    0.00000E+00  0.00000E+00  0.00000E+00  
140290    0.00000E+00  0.00000E+00  0.00000E+00  
140300    0.00000E+00  0.00000E+00  0.00000E+00  
140310    0.00000E+00  0.00000E+00  0.00000E+00  
140320    0.00000E+00  0.00000E+00  0.00000E+00  
150310    0.00000E+00  0.00000E+00  0.00000E+00  
150320    0.00000E+00  0.00000E+00  0.00000E+00  
160320    0.00000E+00  0.00000E+00  0.00000E+00  
160330    0.00000E+00  0.00000E+00  0.00000E+00  
160340    0.00000E+00  0.00000E+00  0.00000E+00  
160350    0.00000E+00  0.00000E+00  0.00000E+00  
160360    0.00000E+00  0.00000E+00  0.00000E+00  
170350    0.00000E+00  0.00000E+00  0.00000E+00  
170360    0.00000E+00  0.00000E+00  0.00000E+00  
170370    0.00000E+00  0.00000E+00  0.00000E+00  
180360    0.00000E+00  0.00000E+00  0.00000E+00  
180370    0.00000E+00  0.00000E+00  0.00000E+00  
180380    0.00000E+00  0.00000E+00  0.00000E+00  
180390    0.00000E+00  0.00000E+00  0.00000E+00  
180400    0.00000E+00  0.00000E+00  0.00000E+00  
180410    0.00000E+00  0.00000E+00  0.00000E+00  
190390    0.00000E+00  0.00000E+00  0.00000E+00  
190400    0.00000E+00  0.00000E+00  0.00000E+00  
190410    0.00000E+00  0.00000E+00  0.00000E+00  
200400    0.00000E+00  0.00000E+00  0.00000E+00  
200410    0.00000E+00  0.00000E+00  0.00000E+00  
200420    0.00000E+00  0.00000E+00  0.00000E+00  
200430    0.00000E+00  0.00000E+00  0.00000E+00  
200440    0.00000E+00  0.00000E+00  0.00000E+00  
200450    0.00000E+00  0.00000E+00  0.00000E+00  
200460    0.00000E+00  0.00000E+00  0.00000E+00  
200470    0.00000E+00  0.00000E+00  0.00000E+00  
200480    0.00000E+00  0.00000E+00  0.00000E+00  
210450    0.00000E+00  0.00000E+00  0.00000E+00  
210451    0.00000E+00  0.00000E+00  0.00000E+00  
210470    0.00000E+00  0.00000E+00  0.00000E+00  
210480    0.00000E+00  0.00000E+00  0.00000E+00  
220460    0.00000E+00  0.00000E+00  0.00000E+00  
220470    0.00000E+00  0.00000E+00  0.00000E+00  
220480    0.00000E+00  0.00000E+00  0.00000E+00  
220490    0.00000E+00  0.00000E+00  0.00000E+00  
220500    0.00000E+00  0.00000E+00  0.00000E+00  
220660    0.00000E+00  0.00000E+00  0.00000E+00  
230490    0.00000E+00  0.00000E+00  0.00000E+00  
230500    0.00000E+00  0.00000E+00  0.00000E+00  
230510    0.00000E+00  0.00000E+00  0.00000E+00  
230660    9.01821E-22  1.45432E-21  2.00535E-21  
230670    1.75015E-23  2.82239E-23  3.89176E-23  
230680    0.00000E+00  0.00000E+00  0.00000E+00  
230690    0.00000E+00  0.00000E+00  0.00000E+00  
240500    0.00000E+00  0.00000E+00  0.00000E+00  
240510    0.00000E+00  0.00000E+00  0.00000E+00  
240520    0.00000E+00  0.00000E+00  0.00000E+00  
240530    0.00000E+00  0.00000E+00  0.00000E+00  
240540    0.00000E+00  0.00000E+00  0.00000E+00  
240660    0.00000E+00  0.00000E+00  0.00000E+00  
240670    0.00000E+00  0.00000E+00  0.00000E+00  
240680    2.84748E-20  4.59200E-20  6.33187E-20  
240690    4.38273E-21  7.06782E-21  9.74576E-21  
240710    0.00000E+00  0.00000E+00  0.00000E+00  
250540    0.00000E+00  0.00000E+00  0.00000E+00  
250550    0.00000E+00  0.00000E+00  0.00000E+00  
250660    3.29579E-24  3.28692E-24  3.27821E-24  
250670    3.10637E-24  3.09782E-24  3.08942E-24  
250680    0.00000E+00  0.00000E+00  0.00000E+00  
250690    0.00000E+00  0.00000E+00  0.00000E+00  
250700    2.82855E-19  4.56146E-19  6.28976E-19  
250710    1.41101E-20  2.27547E-20  3.13762E-20  
250720    1.29820E-22  2.09369E-22  2.88724E-22  
250730    2.55257E-23  4.11617E-23  5.67551E-23  
250740    0.00000E+00  0.00000E+00  0.00000E+00  
260540    0.00000E+00  0.00000E+00  0.00000E+00  
260550    0.00000E+00  0.00000E+00  0.00000E+00  
260560    0.00000E+00  0.00000E+00  0.00000E+00  
260570    0.00000E+00  0.00000E+00  0.00000E+00  
260580    0.00000E+00  0.00000E+00  0.00000E+00  
260660    3.11946E-22  3.11258E-22  3.10582E-22  
260670    8.72811E-22  8.70347E-22  8.67925E-22  
260680    2.22028E-22  2.21412E-22  2.20807E-22  
260690    4.27848E-23  4.26697E-23  4.25565E-23  
260700    9.01121E-24  8.98745E-24  8.96411E-24  
260710    0.00000E+00  0.00000E+00  0.00000E+00  
260720    0.00000E+00  0.00000E+00  0.00000E+00  
260730    6.65044E-19  1.07228E-18  1.47835E-18  
260740    2.81573E-20  4.54080E-20  6.26128E-20  
260750    5.50449E-22  8.87312E-22  1.22314E-21  
260770    1.98898E-23  3.20753E-23  4.42283E-23  
270580    0.00000E+00  0.00000E+00  0.00000E+00  
270581    0.00000E+00  0.00000E+00  0.00000E+00  
270590    0.00000E+00  0.00000E+00  0.00000E+00  
270660    2.23622E-22  2.23465E-22  2.23311E-22  
270670    2.41669E-21  2.41079E-21  2.40499E-21  
270680    1.19130E-21  1.18878E-21  1.18630E-21  
270690    1.19778E-21  1.19583E-21  1.19391E-21  
270700    3.86420E-22  3.85960E-22  3.85507E-22  
270710    1.28200E-22  1.27942E-22  1.27689E-22  
270720    3.16717E-23  3.16025E-23  3.15343E-23  
270730    1.11488E-23  1.11162E-23  1.10840E-23  
270740    1.11037E-24  1.10701E-24  1.10371E-24  
270750    0.00000E+00  0.00000E+00  0.00000E+00  
270760    9.42932E-19  1.51977E-18  2.09478E-18  
270770    3.89481E-19  6.28079E-19  8.66037E-19  
270780    4.19502E-21  6.76351E-21  9.32457E-21  
270790    8.84432E-22  1.42628E-21  1.96669E-21  
280580    0.00000E+00  0.00000E+00  0.00000E+00  
280590    0.00000E+00  0.00000E+00  0.00000E+00  
280600    0.00000E+00  0.00000E+00  0.00000E+00  
280610    0.00000E+00  0.00000E+00  0.00000E+00  
280620    0.00000E+00  0.00000E+00  0.00000E+00  
280630    6.06928E-24  1.81298E-23  3.61492E-23  
280640    1.11479E-22  3.10082E-22  6.07370E-22  
280660    2.28187E-16  2.28248E-16  2.28309E-16  
280670    1.36559E-19  1.36294E-19  1.36033E-19  
280680    2.72181E-19  2.72049E-19  2.71920E-19  
280690    1.59212E-19  1.59513E-19  1.59810E-19  
280700    1.26347E-19  1.26922E-19  1.27487E-19  
280710    6.56972E-20  6.57825E-20  6.58663E-20  
280720    5.65684E-20  5.65616E-20  5.65546E-20  
280730    3.15982E-20  3.15163E-20  3.14356E-20  
280740    1.49635E-20  1.49137E-20  1.48646E-20  
280750    4.44679E-21  4.42995E-21  4.41335E-21  
280760    5.54037E-22  5.51703E-22  5.49403E-22  
280770    2.28362E-23  2.27492E-23  2.26636E-23  
280780    6.23318E-24  6.21213E-24  6.19141E-24  
280790    2.16490E-17  3.49126E-17  4.81410E-17  
280800    3.56501E-19  5.74854E-19  7.92604E-19  
280810    1.03680E-20  1.67200E-20  2.30551E-20  
290630    0.00000E+00  0.00000E+00  0.00000E+00  
290640    0.00000E+00  0.00000E+00  0.00000E+00  
290650    0.00000E+00  0.00000E+00  0.00000E+00  
290660    3.56672E-19  3.56776E-19  3.56878E-19  
290670    1.44903E-15  1.44630E-15  1.44359E-15  
290680    2.94177E-19  2.94112E-19  2.94048E-19  
290681    1.33344E-20  1.37665E-20  1.41918E-20  
290690    2.51776E-18  2.52701E-18  2.53611E-18  
290700    1.03538E-18  1.04363E-18  1.05175E-18  
290701    9.13967E-20  9.50367E-20  9.86192E-20  
290710    8.34440E-19  8.41250E-19  8.47951E-19  
290720    6.13963E-19  6.18614E-19  6.23190E-19  
290730    1.04117E-18  1.04222E-18  1.04324E-18  
290740    5.51146E-19  5.50662E-19  5.50182E-19  
290750    5.20147E-19  5.18688E-19  5.17248E-19  
290760    2.22009E-19  2.21150E-19  2.20304E-19  
290770    9.30673E-20  9.26862E-20  9.23106E-20  
290780    2.02794E-20  2.01998E-20  2.01213E-20  
290790    1.33960E-21  1.33637E-21  1.33320E-21  
290800    1.48623E-22  1.48168E-22  1.47721E-22  
290810    1.99585E-16  3.21873E-16  4.43843E-16  
290820    1.73269E-17  2.79368E-17  3.85166E-17  
290830    2.50199E-19  4.03457E-19  5.56296E-19  
290840    1.57162E-20  2.53448E-20  3.49478E-20  
300640    0.00000E+00  0.00000E+00  0.00000E+00  
300650    0.00000E+00  1.36143E-24  3.29225E-24  
300660    2.85154E-15  4.74454E-15  6.63812E-15  
300670    1.58456E-14  2.64479E-14  3.70300E-14  
300680    2.51238E-14  4.05542E-14  5.59825E-14  
300690    4.98544E-17  5.00428E-17  5.02284E-17  
300691    3.52724E-19  4.15676E-19  4.77638E-19  
300700    6.54815E-14  1.06253E-13  1.47462E-13  
300710    6.34302E-18  6.39809E-18  6.45227E-18  
300711    2.19843E-17  2.35288E-17  2.50489E-17  
300720    1.97673E-14  2.00450E-14  2.03182E-14  
300730    1.02782E-17  1.03344E-17  1.03898E-17  
300740    1.25062E-16  1.25356E-16  1.25646E-16  
300750    3.47633E-17  3.47317E-17  3.47003E-17  
300760    4.25214E-17  4.24066E-17  4.22932E-17  
300770    2.60343E-17  2.59341E-17  2.58353E-17  
300780    2.11123E-17  2.10227E-17  2.09345E-17  
300790    6.98649E-18  6.95617E-18  6.92630E-18  
300800    6.31395E-19  6.28911E-19  6.26464E-19  
300810    2.58361E-20  2.57872E-20  2.57392E-20  
300820    3.28918E-21  3.27570E-21  3.26242E-21  
300830    1.06519E-22  1.06212E-22  1.05910E-22  
300840    1.27793E-14  2.05631E-14  2.83095E-14  
300850    3.34286E-18  5.39038E-18  7.43229E-18  
300860    2.54362E-18  4.09349E-18  5.63609E-18  
300870    1.11917E-20  1.80483E-20  2.48867E-20  
310660    0.00000E+00  0.00000E+00  0.00000E+00  
310670    0.00000E+00  0.00000E+00  0.00000E+00  
310680    0.00000E+00  0.00000E+00  0.00000E+00  
310690    3.89253E-14  6.29795E-14  8.71239E-14  
310700    7.01801E-22  1.09134E-21  1.47773E-21  
310710    1.17662E-13  1.90900E-13  2.64923E-13  
310720    6.00194E-15  6.08843E-15  6.17353E-15  
310721    1.69587E-22  1.72785E-22  1.75933E-22  
310730    7.74537E-15  7.79398E-15  7.84177E-15  
310740    6.62988E-16  6.65345E-16  6.67661E-16  
310741    2.85762E-19  2.95285E-19  3.04657E-19  
310750    5.24902E-16  5.25405E-16  5.25897E-16  
310760    3.75332E-16  3.74957E-16  3.74585E-16  
310770    3.75603E-16  3.74866E-16  3.74138E-16  
310780    2.80258E-16  2.79463E-16  2.78680E-16  
310790    2.17590E-16  2.16846E-16  2.16113E-16  
310800    8.24703E-17  8.21912E-17  8.19160E-17  
310810    4.22305E-17  4.20661E-17  4.19041E-17  
310820    1.58885E-17  1.58160E-17  1.57446E-17  
310830    5.15765E-19  5.14000E-19  5.12262E-19  
310840    3.58860E-18  3.57094E-18  3.55353E-18  
310850    6.72936E-14  1.08500E-13  1.49590E-13  
310860    3.65050E-21  3.63258E-21  3.61492E-21  
310870    4.72947E-16  7.61753E-16  1.04944E-15  
310880    5.47737E-18  8.81660E-18  1.21409E-17  
310890    1.02867E-19  1.65889E-19  2.28743E-19  
320680    0.00000E+00  0.00000E+00  0.00000E+00  
320690    0.00000E+00  0.00000E+00  0.00000E+00  
320700    7.99821E-19  1.94768E-18  3.59211E-18  
320710    3.61453E-21  7.19399E-21  1.08486E-20  
320711    0.00000E+00  0.00000E+00  0.00000E+00  
320720    2.85495E-13  4.79653E-13  6.76569E-13  
320730    1.16289E-12  1.88657E-12  2.61472E-12  
320731    2.17644E-19  2.19010E-19  2.20354E-19  
320740    3.62759E-12  5.86317E-12  8.10722E-12  
320750    2.07985E-14  2.08234E-14  2.08477E-14  
320751    8.20582E-18  8.25503E-18  8.30341E-18  
320760    3.19727E-11  5.15619E-11  7.11441E-11  
320770    1.25593E-12  1.25498E-12  1.25403E-12  
320771    1.85925E-17  1.88419E-17  1.90873E-17  
320780    4.33527E-13  4.33159E-13  4.32795E-13  
320790    2.28448E-15  2.28080E-15  2.27717E-15  
320791    1.93477E-15  1.93632E-15  1.93783E-15  
320800    1.30524E-14  1.30207E-14  1.29893E-14  
320810    3.87993E-15  3.86891E-15  3.85804E-15  
320811    1.09385E-16  1.08959E-16  1.08540E-16  
320820    2.43057E-15  2.42120E-15  2.41197E-15  
320830    3.88554E-16  3.87028E-16  3.85524E-16  
320840    1.22029E-16  1.21503E-16  1.20985E-16  
320850    7.96020E-18  7.93010E-18  7.90046E-18  
320860    2.26862E-16  2.25743E-16  2.24640E-16  
320870    1.17962E-18  1.17383E-18  1.16813E-18  
320880    1.36829E-20  1.36169E-20  1.35518E-20  
320890    3.75656E-23  3.74629E-23  3.73620E-23  
320900    4.34789E-18  7.01063E-18  9.66720E-18  
320910    6.20801E-19  1.00091E-18  1.37992E-18  
320920    5.87829E-20  9.47963E-20  1.30714E-19  
330710    0.00000E+00  0.00000E+00  0.00000E+00  
330720    4.19478E-24  7.03829E-24  9.83699E-24  
330730    4.46203E-21  1.13838E-20  2.06436E-20  
330740    7.28725E-20  1.31507E-19  1.92266E-19  
330741    2.84695E-19  6.45990E-19  1.14764E-18  
330750    1.11003E-11  1.79283E-11  2.47643E-11  
330760    9.60309E-17  1.19589E-16  1.42942E-16  
330770    4.35741E-12  4.35494E-12  4.35247E-12  
330780    4.49683E-13  4.49390E-13  4.49099E-13  
330790    9.64338E-14  9.64024E-14  9.63709E-14  
330800    7.53652E-15  7.52517E-15  7.51394E-15  
330810    2.53861E-14  2.53605E-14  2.53352E-14  
330820    1.97372E-14  1.96713E-14  1.96064E-14  
330821    1.54099E-15  1.54796E-15  1.55482E-15  
330830    1.84166E-14  1.83590E-14  1.83021E-14  
330840    2.24113E-15  2.23334E-15  2.22566E-15  
330841    1.11592E-09  1.79722E-09  2.47633E-09  
330850    1.14406E-15  1.13939E-15  1.13479E-15  
330860    2.26234E-15  2.25140E-15  2.24062E-15  
330870    1.18631E-16  1.18074E-16  1.17525E-16  
330880    5.33156E-17  5.30537E-17  5.27957E-17  
330890    8.34147E-20  8.31172E-20  8.28244E-20  
330900    1.44432E-21  1.44000E-21  1.43575E-21  
330910    1.31214E-14  2.11515E-14  2.91571E-14  
330920    1.04757E-15  1.68936E-15  2.32943E-15  
330930    1.77466E-18  2.86084E-18  3.94375E-18  
330940    1.53569E-19  2.47653E-19  3.41486E-19  
340730    0.00000E+00  0.00000E+00  0.00000E+00  
340731    0.00000E+00  0.00000E+00  0.00000E+00  
340740    1.91306E-20  5.59158E-20  1.14348E-19  
340750    2.94280E-21  7.67744E-21  1.42256E-20  
340760    2.10386E-15  3.96510E-15  6.23118E-15  
340770    7.73062E-11  1.28091E-10  1.78841E-10  
340771    1.80152E-18  1.80058E-18  1.79964E-18  
340780    2.18923E-10  3.53562E-10  4.88123E-10  
340790    4.74001E-10  7.64480E-10  1.05482E-09  
340791    4.09637E-14  4.09505E-14  4.09373E-14  
340800    1.32494E-09  2.13570E-09  2.94540E-09  
340810    8.78194E-13  8.77675E-13  8.77158E-13  
340811    1.86670E-13  1.87466E-13  1.88249E-13  
340820    3.43681E-09  5.53934E-09  7.63863E-09  
340830    2.57832E-12  2.57189E-12  2.56554E-12  
340831    9.09106E-15  9.09464E-15  9.09809E-15  
340840    5.82656E-13  5.81138E-13  5.79641E-13  
340850    6.30930E-14  6.29128E-14  6.27349E-14  
340851    4.68396E-09  7.54491E-09  1.03981E-08  
340860    7.04301E-14  7.01690E-14  6.99116E-14  
340870    1.71040E-14  1.70362E-14  1.69694E-14  
340880    2.18600E-15  2.17686E-15  2.16786E-15  
340890    1.08376E-16  1.07953E-16  1.07536E-16  
340900    1.18651E-17  1.18193E-17  1.17743E-17  
340910    1.89692E-18  1.89027E-18  1.88373E-18  
340920    5.87507E-20  5.85629E-20  5.83782E-20  
340930    1.42836E-21  1.42374E-21  1.41920E-21  
340940    9.46982E-23  9.46820E-23  9.46665E-23  
340950    4.43178E-18  7.14753E-18  9.85746E-18  
340960    1.69986E-18  2.74100E-18  3.77932E-18  
340970    2.38084E-20  3.83946E-20  5.29420E-20  
350750    0.00000E+00  0.00000E+00  0.00000E+00  
350770    1.75581E-22  3.00375E-22  4.23202E-22  
350771    0.00000E+00  0.00000E+00  0.00000E+00  
350780    4.41721E-23  6.81551E-23  9.17606E-23  
350790    2.59346E-13  4.18377E-13  5.77409E-13  
350791    4.54994E-23  6.24823E-23  7.91976E-23  
350800    6.53952E-19  6.87255E-19  7.20108E-19  
350801    7.25032E-18  7.56232E-18  7.86960E-18  
350810    2.10910E-09  3.40162E-09  4.69337E-09  
350820    3.45387E-14  3.97324E-14  4.48672E-14  
350821    3.74164E-17  4.62060E-17  5.49195E-17  
350830    1.84153E-11  1.83737E-11  1.83327E-11  
350840    5.81299E-12  5.79850E-12  5.78420E-12  
350841    2.36277E-14  2.38357E-14  2.40402E-14  
350850    5.03934E-13  5.02648E-13  5.01380E-13  
350860    3.20351E-13  3.19298E-13  3.18260E-13  
350861    2.39296E-09  3.85794E-09  5.32152E-09  
350870    4.51016E-13  4.49549E-13  4.48102E-13  
350880    1.12639E-13  1.12249E-13  1.11864E-13  
350890    2.01829E-14  2.01163E-14  2.00506E-14  
350900    4.79516E-15  4.78063E-15  4.76630E-15  
350910    5.61744E-16  5.59397E-16  5.57083E-16  
350920    5.42899E-17  5.40809E-17  5.38750E-17  
350930    2.43587E-18  2.43904E-18  2.44215E-18  
350940    1.81783E-19  1.84699E-19  1.87569E-19  
350950    2.43137E-21  2.42472E-21  2.41817E-21  
350960    6.58991E-22  6.57010E-22  6.55061E-22  
350970    4.64475E-16  7.52083E-16  1.04123E-15  
350980    1.47016E-16  2.36568E-16  3.25691E-16  
350990    5.02761E-19  8.10779E-19  1.11798E-18  
351000    8.76849E-21  1.41405E-20  1.94982E-20  
360770    0.00000E+00  0.00000E+00  0.00000E+00  
360780    0.00000E+00  0.00000E+00  0.00000E+00  
360790    6.59964E-23  1.11318E-22  1.55927E-22  
360791    0.00000E+00  0.00000E+00  0.00000E+00  
360800    1.43363E-15  2.37855E-15  3.37012E-15  
360810    1.93633E-17  4.06277E-17  6.89543E-17  
360811    1.86740E-23  2.62295E-23  3.36759E-23  
360820    6.13661E-13  1.09519E-12  1.64404E-12  
360830    5.63832E-09  9.10280E-09  1.25571E-08  
360831    1.40383E-11  1.40066E-11  1.39754E-11  
360840    8.29961E-09  1.33796E-08  1.84507E-08  
360850    1.91531E-09  3.08416E-09  4.24436E-09  
360851    4.69954E-11  4.68754E-11  4.67570E-11  
360860    1.64141E-08  2.64348E-08  3.64241E-08  
360870    4.42657E-11  4.41323E-11  4.40007E-11  
360880    1.34391E-10  1.33969E-10  1.33552E-10  
360890    3.24946E-12  3.23857E-12  3.22783E-12  
360900    6.15168E-13  6.12937E-13  6.10738E-13  
360910    1.17109E-13  1.16661E-13  1.16219E-13  
360920    1.29518E-14  1.29012E-14  1.28513E-14  
360930    2.83787E-15  2.82651E-15  2.81531E-15  
360940    1.07322E-16  1.06962E-16  1.06607E-16  
360950    6.56351E-18  6.54118E-18  6.51919E-18  
360960    1.21564E-17  1.21100E-17  1.20642E-17  
360970    2.20394E-20  2.38342E-20  2.56007E-20  
360980    2.88000E-19  2.86586E-19  2.85192E-19  
360990    1.25209E-22  1.24872E-22  1.24540E-22  
361000    3.11701E-23  3.10177E-23  3.08675E-23  
361010    1.84305E-18  2.97065E-18  4.09469E-18  
361020    1.86294E-19  3.00428E-19  4.14257E-19  
370790    0.00000E+00  0.00000E+00  0.00000E+00  
370810    3.15862E-24  5.23012E-24  7.26898E-24  
370830    3.54127E-18  6.89588E-18  1.09222E-17  
370840    1.87664E-17  2.80384E-17  3.64230E-17  
370850    6.09558E-09  9.85005E-09  1.36006E-08  
370860    5.08659E-14  7.50352E-14  9.76199E-14  
370861    1.05306E-18  1.22768E-18  1.40026E-18  
370870    2.57496E-08  4.15000E-08  5.72039E-08  
370880    1.41098E-11  1.40664E-11  1.40237E-11  
370890    1.63600E-11  1.63084E-11  1.62574E-11  
370900    2.72243E-12  2.71289E-12  2.70349E-12  
370901    1.34385E-12  1.34097E-12  1.33811E-12  
370910    1.30303E-12  1.29900E-12  1.29503E-12  
370920    8.68025E-14  8.65441E-14  8.62892E-14  
370930    8.45035E-14  8.42532E-14  8.40065E-14  
370940    1.91142E-14  1.90610E-14  1.90085E-14  
370950    1.26477E-15  1.26191E-15  1.25909E-15  
370960    2.16491E-16  2.15730E-16  2.14980E-16  
370970    2.80198E-17  2.79111E-17  2.78040E-17  
370980    3.95136E-18  3.93844E-18  3.92573E-18  
370990    2.28494E-19  2.27892E-19  2.27300E-19  
371000    6.74539E-18  6.71215E-18  6.67939E-18  
371010    5.21539E-22  5.19710E-22  5.17911E-22  
371020    4.62900E-23  4.61646E-23  4.60413E-23  
371030    4.18469E-18  6.75035E-18  9.31095E-18  
371040    4.83945E-19  7.80435E-19  1.07613E-18  
371050    1.07758E-19  1.73776E-19  2.39618E-19  
371060    0.00000E+00  0.00000E+00  0.00000E+00  
380830    3.64042E-24  6.13283E-24  8.58597E-24  
380840    3.69673E-19  9.10560E-19  1.65532E-18  
380850    9.11660E-19  1.63937E-18  2.45327E-18  
380851    1.25281E-21  1.67163E-21  2.08386E-21  
380860    4.55023E-14  1.09632E-13  1.97366E-13  
380870    1.44592E-14  2.44898E-14  3.53935E-14  
380871    1.13128E-17  1.23432E-17  1.33579E-17  
380880    3.51162E-08  5.66469E-08  7.81123E-08  
380890    3.60291E-08  4.93170E-08  5.83845E-08  
380900    6.01075E-08  9.67179E-08  1.33149E-07  
380910    8.06961E-10  8.04654E-10  8.02378E-10  
380920    2.28846E-10  2.28272E-10  2.27705E-10  
380930    1.07848E-11  1.07620E-11  1.07394E-11  
380940    1.80015E-12  1.79644E-12  1.79278E-12  
380950    5.04698E-13  5.03602E-13  5.02520E-13  
380960    1.65958E-14  1.65538E-14  1.65124E-14  
380970    3.15826E-15  3.14965E-15  3.14115E-15  
380980    2.38311E-15  2.37614E-15  2.36927E-15  
380990    2.00725E-16  2.00065E-16  1.99415E-16  
381000    3.90315E-17  3.88971E-17  3.87647E-17  
381010    3.36490E-18  3.35195E-18  3.33920E-18  
381020    1.48908E-19  1.48415E-19  1.47929E-19  
381030    3.00325E-21  2.99579E-21  2.98845E-21  
381040    2.29222E-22  2.28562E-22  2.27913E-22  
381050    5.52074E-23  5.50585E-23  5.49122E-23  
381060    0.00000E+00  0.00000E+00  0.00000E+00  
381070    0.00000E+00  0.00000E+00  0.00000E+00  
381080    0.00000E+00  0.00000E+00  0.00000E+00  
381090    0.00000E+00  0.00000E+00  0.00000E+00  
390850    0.00000E+00  0.00000E+00  0.00000E+00  
390870    3.15811E-20  4.67849E-20  6.17488E-20  
390871    0.00000E+00  0.00000E+00  0.00000E+00  
390880    2.34866E-17  4.73269E-17  7.93793E-17  
390890    1.20999E-08  2.82052E-08  4.84394E-08  
390891    1.24749E-17  1.70725E-17  2.02105E-17  
390900    1.39423E-11  2.32435E-11  3.25019E-11  
390901    2.27635E-16  2.47824E-16  2.67898E-16  
390910    4.77078E-08  6.69226E-08  8.07448E-08  
390911    4.08494E-11  4.07327E-11  4.06175E-11  
390920    3.02413E-10  3.01657E-10  3.00911E-10  
390930    9.02747E-10  9.00911E-10  8.99099E-10  
390931    6.93945E-15  6.92560E-15  6.91192E-15  
390940    2.85139E-11  2.84644E-11  2.84154E-11  
390950    1.57060E-11  1.56839E-11  1.56620E-11  
390960    8.75030E-14  8.72953E-14  8.70904E-14  
390961    7.58954E-14  7.59229E-14  7.59496E-14  
390970    4.71372E-14  4.70618E-14  4.69872E-14  
390971    8.65655E-15  8.64952E-15  8.64254E-15  
390980    4.51324E-15  4.50749E-15  4.50180E-15  
390981    9.19066E-15  9.19095E-15  9.19119E-15  
390990    1.33458E-14  1.33240E-14  1.33025E-14  
391000    2.24585E-15  2.24083E-15  2.23587E-15  
391010    6.45660E-16  6.43539E-16  6.41450E-16  
391020    4.11983E-16  4.10093E-16  4.08230E-16  
391030    9.57085E-18  9.54424E-18  9.51807E-18  
391040    1.08953E-18  1.08596E-18  1.08245E-18  
391050    7.64504E-20  7.62537E-20  7.60606E-20  
391060    0.00000E+00  0.00000E+00  0.00000E+00  
391070    0.00000E+00  0.00000E+00  0.00000E+00  
391080    0.00000E+00  0.00000E+00  0.00000E+00  
391090    4.51887E-20  7.27075E-20  1.00092E-19  
391100    8.00992E-22  1.28880E-21  1.77425E-21  
391110    8.83173E-21  1.42425E-20  1.96389E-20  
400870    0.00000E+00  0.00000E+00  0.00000E+00  
400880    1.52415E-22  3.89688E-22  7.08211E-22  
400890    9.60808E-21  1.85699E-20  3.04805E-20  
400891    0.00000E+00  0.00000E+00  0.00000E+00  
400900    7.43544E-11  2.06063E-10  4.03499E-10  
400901    1.62013E-24  2.08992E-24  2.55257E-24  
400910    1.34699E-08  3.21386E-08  5.60927E-08  
400920    6.28015E-08  1.01500E-07  1.40103E-07  
400930    6.46812E-08  1.04787E-07  1.44812E-07  
400940    6.78242E-08  1.09327E-07  1.50759E-07  
400950    5.47029E-08  7.72595E-08  9.40044E-08  
400960    6.80976E-08  1.09776E-07  1.51402E-07  
400970    1.45748E-09  1.45643E-09  1.45539E-09  
400980    6.94324E-13  6.94168E-13  6.94011E-13  
400990    4.82750E-14  4.82469E-14  4.82190E-14  
401000    1.62190E-13  1.62090E-13  1.61990E-13  
401010    2.99308E-14  2.98927E-14  2.98550E-14  
401020    2.57058E-14  2.56519E-14  2.55987E-14  
401030    3.34265E-15  3.33349E-15  3.32446E-15  
401040    6.76840E-16  6.75518E-16  6.74217E-16  
401050    2.94489E-16  2.93175E-16  2.91881E-16  
401060    5.02138E-20  5.09875E-20  5.17499E-20  
401070    8.46890E-22  8.83662E-22  9.19865E-22  
401080    1.80052E-23  1.86290E-23  1.92433E-23  
401090    1.76841E-22  1.75981E-22  1.75134E-22  
401100    3.45971E-24  3.44269E-24  3.42592E-24  
401110    2.16200E-16  3.48655E-16  4.80757E-16  
401120    6.74628E-20  1.08791E-19  1.50007E-19  
401130    4.99314E-21  8.05220E-21  1.11031E-20  
401140    2.45226E-22  3.95463E-22  5.45301E-22  
410890    0.00000E+00  0.00000E+00  0.00000E+00  
410900    0.00000E+00  0.00000E+00  0.00000E+00  
410910    2.86780E-21  7.86371E-21  1.52924E-20  
410911    0.00000E+00  0.00000E+00  0.00000E+00  
410920    4.82510E-19  1.06239E-18  1.85577E-18  
410930    9.84991E-17  2.27967E-16  4.14854E-16  
410931    1.72461E-15  4.51844E-15  8.62441E-15  
410940    3.09996E-15  5.69181E-15  8.81232E-15  
410941    2.14794E-19  2.60058E-19  3.04608E-19  
410950    1.06790E-08  2.15992E-08  3.23517E-08  
410951    3.01237E-11  4.46884E-11  5.55032E-11  
410960    2.01213E-13  2.26310E-13  2.51075E-13  
410970    1.04794E-10  1.04724E-10  1.04655E-10  
410971    1.34918E-12  1.34822E-12  1.34727E-12  
410980    6.59509E-14  6.59372E-14  6.59234E-14  
410981    4.54828E-13  4.55124E-13  4.55412E-13  
410990    2.25004E-13  2.24890E-13  2.24775E-13  
410991    1.48157E-12  1.48214E-12  1.48268E-12  
411000    3.61477E-14  3.61382E-14  3.61287E-14  
411001    3.75200E-15  3.77523E-15  3.79807E-15  
411010    1.45908E-13  1.45984E-13  1.46058E-13  
411020    5.20869E-14  5.20627E-14  5.20386E-14  
411021    4.22392E-15  4.24079E-15  4.25736E-15  
411030    1.31217E-14  1.31431E-14  1.31641E-14  
411040    9.83018E-15  9.84651E-15  9.86256E-15  
411041    1.35564E-15  1.35981E-15  1.36391E-15  
411050    4.30928E-15  4.31856E-15  4.32769E-15  
411060    1.88893E-16  1.88861E-16  1.88829E-16  
411070    1.31280E-17  1.31409E-17  1.31536E-17  
411080    8.73721E-19  8.74537E-19  8.75344E-19  
411090    4.18441E-19  4.16531E-19  4.14649E-19  
411100    1.43943E-20  1.43334E-20  1.42734E-20  
411110    5.71402E-21  5.69851E-21  5.68327E-21  
411120    3.13573E-23  3.12711E-23  3.11863E-23  
411130    1.08559E-24  1.08266E-24  1.07977E-24  
411140    4.35629E-18  7.02603E-18  9.68931E-18  
411150    4.98356E-21  8.03675E-21  1.10818E-20  
411160    2.92284E-22  4.71352E-22  6.49943E-22  
420910    0.00000E+00  0.00000E+00  0.00000E+00  
420920    0.00000E+00  0.00000E+00  0.00000E+00  
420930    4.83060E-22  1.59790E-21  3.71721E-21  
420931    3.93059E-24  6.51711E-24  9.06288E-24  
420940    1.55884E-17  6.52596E-17  1.86029E-16  
420950    3.50550E-09  1.21948E-08  2.68085E-08  
420960    5.80389E-12  1.05309E-11  1.66670E-11  
420970    6.28713E-08  1.02339E-07  1.41781E-07  
420980    6.17020E-08  9.95206E-08  1.37333E-07  
420990    5.89840E-09  5.89757E-09  5.89664E-09  
421000    6.81365E-08  1.09915E-07  1.51698E-07  
421010    1.86386E-11  1.86472E-11  1.86555E-11  
421020    1.21373E-11  1.21559E-11  1.21742E-11  
421030    8.69460E-13  8.73830E-13  8.78127E-13  
421040    4.86374E-13  4.90270E-13  4.94103E-13  
421050    1.62000E-13  1.63921E-13  1.65810E-13  
421060    1.80480E-14  1.83262E-14  1.86000E-14  
421070    2.84922E-15  2.87634E-15  2.90304E-15  
421080    2.68542E-16  2.71884E-16  2.75173E-16  
421090    5.34657E-17  5.33080E-17  5.31527E-17  
421100    8.89605E-18  8.86215E-18  8.82878E-18  
421110    9.95231E-19  9.92155E-19  9.89131E-19  
421120    1.64377E-19  1.63909E-19  1.63450E-19  
421130    4.06364E-21  4.05255E-21  4.04166E-21  
421140    1.60548E-22  1.60915E-22  1.61276E-22  
421150    4.22585E-24  4.21464E-24  4.20364E-24  
421160    7.75470E-18  1.25061E-17  1.72452E-17  
421170    1.63549E-20  2.63740E-20  3.63660E-20  
421180    2.67194E-21  4.30892E-21  5.94153E-21  
430950    0.00000E+00  0.00000E+00  0.00000E+00  
430951    0.00000E+00  0.00000E+00  0.00000E+00  
430970    4.17044E-19  1.08578E-18  2.08159E-18  
430971    2.05604E-19  4.44720E-19  7.49158E-19  
430980    9.14635E-15  1.48824E-14  2.07170E-14  
430990    5.96686E-08  1.00140E-07  1.40600E-07  
430991    4.71943E-10  4.71878E-10  4.71803E-10  
431000    8.26705E-17  1.38145E-16  1.93311E-16  
431010    1.81163E-11  1.81248E-11  1.81331E-11  
431020    9.47175E-14  9.48646E-14  9.50089E-14  
431021    9.71880E-15  9.83371E-15  9.94674E-15  
431030    7.15466E-13  7.19144E-13  7.22761E-13  
431040    9.30765E-12  9.38799E-12  9.46702E-12  
431050    2.18797E-12  2.22551E-12  2.26245E-12  
431060    7.92644E-14  8.15763E-14  8.38515E-14  
431070    2.04904E-14  2.13550E-14  2.22060E-14  
431080    1.92591E-15  1.99875E-15  2.07046E-15  
431090    1.57293E-16  1.63165E-16  1.68944E-16  
431100    8.63151E-17  8.66438E-17  8.69673E-17  
431110    9.40359E-18  9.40250E-18  9.40141E-18  
431120    2.46259E-18  2.45743E-18  2.45236E-18  
431130    3.83685E-19  3.82690E-19  3.81713E-19  
431140    5.52579E-20  5.58354E-20  5.64040E-20  
431150    2.96147E-21  2.95579E-21  2.95022E-21  
431160    5.17212E-22  5.16051E-22  5.14912E-22  
431170    4.80702E-24  4.79403E-24  4.78126E-24  
431180    1.17916E-24  1.17598E-24  1.17285E-24  
431190    1.29396E-19  2.08676E-19  2.87749E-19  
431200    4.52800E-21  7.30209E-21  1.00688E-20  
431210    3.17565E-22  5.12122E-22  7.06161E-22  
440960    0.00000E+00  0.00000E+00  0.00000E+00  
440970    0.00000E+00  0.00000E+00  0.00000E+00  
440980    1.45641E-20  4.09409E-20  8.07152E-20  
440990    1.94923E-12  3.28507E-12  4.63054E-12  
441000    6.51670E-12  1.81592E-11  3.56335E-11  
441010    5.64605E-08  9.11174E-08  1.25789E-07  
441020    4.77096E-08  7.70316E-08  1.06401E-07  
441030    2.42196E-08  3.20931E-08  3.70464E-08  
441040    2.23637E-08  3.62422E-08  5.02400E-08  
441050    7.67017E-11  7.80316E-11  7.93403E-11  
441060    5.55371E-09  8.88808E-09  1.21691E-08  
441070    2.22792E-13  2.35436E-13  2.47880E-13  
441080    1.11593E-13  1.21877E-13  1.31999E-13  
441090    6.90278E-15  7.45362E-15  7.99581E-15  
441091    2.61584E-11  6.18708E-11  1.12370E-10  
441100    1.71350E-15  1.83806E-15  1.96067E-15  
441110    1.83529E-16  1.92591E-16  2.01510E-16  
441120    9.75351E-17  1.00112E-16  1.02648E-16  
441130    2.69453E-17  2.73887E-17  2.78250E-17  
441140    6.36110E-18  6.49038E-18  6.61762E-18  
441150    2.49847E-18  2.51476E-18  2.53079E-18  
441160    1.88592E-19  1.88775E-19  1.88956E-19  
441170    1.98375E-20  1.98032E-20  1.97696E-20  
441180    2.68134E-21  2.67452E-21  2.66782E-21  
441190    1.93448E-22  1.92933E-22  1.92428E-22  
441200    6.90953E-24  6.89055E-24  6.87190E-24  
441210    7.77703E-18  1.25416E-17  1.72936E-17  
441220    4.00442E-20  6.45774E-20  8.90452E-20  
441230    8.65103E-22  1.39511E-21  1.92370E-21  
450990    0.00000E+00  0.00000E+00  0.00000E+00  
451010    3.27656E-19  5.25966E-19  7.23313E-19  
451011    3.43157E-22  6.07391E-22  8.67570E-22  
451020    1.91627E-17  5.91038E-17  1.29052E-16  
451021    4.80987E-18  7.76573E-18  1.07268E-17  
451030    1.06863E-08  2.43581E-08  4.10495E-08  
451031    2.37451E-11  3.14783E-11  3.63432E-11  
451040    2.46071E-16  5.59378E-16  9.40196E-16  
451041    1.15188E-16  2.61826E-16  4.40060E-16  
451050    6.07156E-10  6.17721E-10  6.28117E-10  
451051    5.44051E-14  5.53484E-14  5.62766E-14  
451060    5.54957E-15  8.67605E-15  1.17525E-14  
451061    7.72044E-14  7.83680E-14  7.95064E-14  
451070    1.29196E-12  1.36695E-12  1.44076E-12  
451080    6.87663E-15  7.51563E-15  8.14460E-15  
451081    2.01466E-16  3.32779E-16  4.62024E-16  
451090    1.60888E-14  1.74195E-14  1.87292E-14  
451091    1.28913E-12  3.51380E-12  6.81634E-12  
451100    2.08099E-18  2.98638E-18  3.87752E-18  
451101    4.22841E-15  4.54253E-15  4.85170E-15  
451110    1.00317E-15  1.05898E-15  1.11391E-15  
451120    1.38367E-16  1.42745E-16  1.47055E-16  
451130    1.75646E-16  1.79067E-16  1.82434E-16  
451140    6.66411E-17  6.79962E-17  6.93298E-17  
451150    2.27715E-17  2.30369E-17  2.32982E-17  
451160    6.33846E-18  6.40321E-18  6.46694E-18  
451170    2.06625E-18  2.07063E-18  2.07495E-18  
451180    3.70440E-19  3.69977E-19  3.69523E-19  
451190    4.71905E-20  4.70860E-20  4.69834E-20  
451200    5.89437E-21  5.87637E-21  5.85866E-21  
451210    3.94449E-22  3.93389E-22  3.92348E-22  
451220    1.60617E-23  1.60182E-23  1.59756E-23  
451230    0.00000E+00  0.00000E+00  0.00000E+00  
451240    3.66488E-19  5.90978E-19  8.14856E-19  
451250    5.37509E-21  8.66815E-21  1.19524E-20  
461010    0.00000E+00  0.00000E+00  0.00000E+00  
461020    2.07505E-19  9.45319E-19  2.77766E-18  
461030    2.79262E-21  1.34643E-20  3.75670E-20  
461040    5.44728E-12  2.06258E-11  4.92224E-11  
461050    1.18314E-08  1.96725E-08  2.76471E-08  
461060    2.85253E-10  6.89103E-10  1.26230E-09  
461070    2.50854E-09  4.17258E-09  5.92971E-09  
461071    8.28863E-21  1.41842E-20  2.03815E-20  
461080    1.00490E-09  1.70428E-09  2.46577E-09  
461090    9.89685E-12  1.07198E-11  1.15300E-11  
461091    3.96592E-19  6.70350E-19  9.66896E-19  
461100    3.71301E-10  6.23390E-10  8.93761E-10  
461110    1.28068E-13  1.35192E-13  1.42204E-13  
461111    3.64940E-16  3.69551E-16  3.74158E-16  
461120    5.01748E-12  5.17539E-12  5.33080E-12  
461130    6.24928E-15  6.36153E-15  6.47198E-15  
461140    7.62019E-15  7.74732E-15  7.87242E-15  
461150    1.29833E-15  1.31150E-15  1.32446E-15  
461160    4.68961E-16  4.76248E-16  4.83418E-16  
461170    1.89421E-16  1.90447E-16  1.91455E-16  
461180    3.90379E-17  3.91879E-17  3.93355E-17  
461190    5.85155E-18  5.86058E-18  5.86948E-18  
461200    6.17187E-18  6.14595E-18  6.12041E-18  
461210    1.89447E-19  1.88951E-19  1.88463E-19  
461220    2.06201E-20  2.05625E-20  2.05059E-20  
461230    3.50050E-21  3.49037E-21  3.48041E-21  
461240    7.81130E-23  7.78139E-23  7.75195E-23  
461250    1.97469E-23  1.96935E-23  1.96410E-23  
461260    0.00000E+00  0.00000E+00  0.00000E+00  
461270    0.00000E+00  0.00000E+00  0.00000E+00  
461280    1.35784E-20  2.18473E-20  3.00758E-20  
461290    0.00000E+00  0.00000E+00  0.00000E+00  
461300    6.88038E-19  1.10704E-18  1.52399E-18  
461310    0.00000E+00  0.00000E+00  0.00000E+00  
471050    0.00000E+00  0.00000E+00  0.00000E+00  
471051    0.00000E+00  0.00000E+00  0.00000E+00  
471060    0.00000E+00  0.00000E+00  0.00000E+00  
471061    1.17127E-22  2.22385E-22  3.27288E-22  
471070    1.60237E-17  4.25895E-17  8.27885E-17  
471071    1.05551E-24  1.74339E-24  2.42042E-24  
471080    1.90875E-22  3.19875E-22  4.53633E-22  
471081    7.27954E-19  1.99752E-18  3.88569E-18  
471090    4.87883E-10  8.28081E-10  1.19502E-09  
471091    7.94181E-15  8.60217E-15  9.25233E-15  
471100    4.88928E-18  8.27642E-18  1.19125E-17  
471101    1.17404E-14  3.11378E-14  5.99281E-14  
471110    5.61323E-11  6.01590E-11  6.34301E-11  
471111    5.86950E-15  6.19599E-15  6.51733E-15  
471120    7.46649E-13  7.70155E-13  7.93289E-13  
471130    8.51230E-13  8.66521E-13  8.81568E-13  
471131    4.42149E-15  4.50089E-15  4.57902E-15  
471140    2.57448E-16  2.61409E-16  2.65307E-16  
471150    6.45496E-14  6.51900E-14  6.58201E-14  
471151    9.41118E-17  9.38865E-17  9.36640E-17  
471160    1.37784E-14  1.39213E-14  1.40618E-14  
471161    6.15059E-17  6.26223E-17  6.37207E-17  
471170    3.69907E-15  3.72758E-15  3.75563E-15  
471171    3.40552E-17  3.48266E-17  3.55856E-17  
471180    1.44104E-16  1.44997E-16  1.45875E-16  
471181    3.12909E-17  3.15591E-17  3.18230E-17  
471190    8.12597E-17  8.15252E-17  8.17863E-17  
471200    2.26705E-17  2.26687E-17  2.26668E-17  
471201    1.42191E-18  1.43367E-18  1.44526E-18  
471210    1.15510E-17  1.15372E-17  1.15236E-17  
471220    1.37916E-18  1.37620E-18  1.37329E-18  
471221    4.97872E-19  4.96820E-19  4.95784E-19  
471230    6.26431E-19  6.24302E-19  6.22206E-19  
471240    4.02895E-19  4.01002E-19  3.99136E-19  
471250    6.95956E-21  6.94073E-21  6.92224E-21  
471260    0.00000E+00  0.00000E+00  0.00000E+00  
471270    0.00000E+00  0.00000E+00  0.00000E+00  
471280    0.00000E+00  0.00000E+00  0.00000E+00  
471290    0.00000E+00  0.00000E+00  0.00000E+00  
471300    1.26406E-21  1.25784E-21  1.25171E-21  
471310    1.61581E-15  2.59982E-15  3.57903E-15  
471320    4.36030E-18  7.03164E-18  9.69587E-18  
471330    2.19565E-19  3.54082E-19  4.88241E-19  
481060    0.00000E+00  0.00000E+00  0.00000E+00  
481070    0.00000E+00  0.00000E+00  0.00000E+00  
481080    1.61532E-18  4.43995E-18  8.72012E-18  
481090    3.12034E-22  1.21065E-21  3.01317E-21  
481100    2.52963E-13  6.87895E-13  1.35658E-12  
481110    1.75086E-10  3.23856E-10  4.81582E-10  
481111    1.08977E-22  2.95804E-22  5.82025E-22  
481120    1.66090E-10  2.75805E-10  3.88901E-10  
481130    1.48813E-10  2.22260E-10  2.84755E-10  
481131    1.98197E-12  3.23023E-12  4.49636E-12  
481140    1.71164E-10  2.98878E-10  4.40870E-10  
481150    1.05373E-11  1.06324E-11  1.07261E-11  
481151    5.93923E-12  8.05273E-12  9.47667E-12  
481160    1.60972E-10  2.61114E-10  3.62323E-10  
481170    4.32010E-13  4.35990E-13  4.39905E-13  
481171    1.27150E-13  1.28488E-13  1.29803E-13  
481180    1.63711E-13  1.64786E-13  1.65843E-13  
481190    6.11858E-15  6.14871E-15  6.17833E-15  
481191    2.57185E-15  2.58935E-15  2.60656E-15  
481200    2.81798E-15  2.83083E-15  2.84347E-15  
481210    3.93809E-16  3.95409E-16  3.96982E-16  
481211    1.46111E-16  1.47209E-16  1.48290E-16  
481220    2.99893E-16  3.00207E-16  3.00516E-16  
481230    9.92695E-17  9.90125E-17  9.87590E-17  
481240    6.67774E-17  6.64690E-17  6.61650E-17  
481250    1.59349E-17  1.58607E-17  1.57877E-17  
481260    1.58941E-17  1.58161E-17  1.57393E-17  
481270    1.14901E-17  1.14336E-17  1.13779E-17  
481280    3.78493E-18  3.76630E-18  3.74793E-18  
481290    3.83101E-21  3.81956E-21  3.80831E-21  
481300    5.39957E-17  5.37298E-17  5.34677E-17  
481310    3.55665E-18  3.53912E-18  3.52183E-18  
481320    4.22559E-21  4.21518E-21  4.20495E-21  
481330    5.41999E-15  8.74050E-15  1.20522E-14  
481340    6.05041E-17  9.75693E-17  1.34535E-16  
481350    5.64841E-19  9.10891E-19  1.25602E-18  
481360    2.14205E-21  3.45438E-21  4.76321E-21  
491090    0.00000E+00  0.00000E+00  0.00000E+00  
491110    0.00000E+00  0.00000E+00  0.00000E+00  
491120    0.00000E+00  0.00000E+00  0.00000E+00  
491121    0.00000E+00  0.00000E+00  0.00000E+00  
491130    5.85217E-15  1.53885E-14  2.95273E-14  
491131    0.00000E+00  0.00000E+00  0.00000E+00  
491140    3.53218E-23  8.34656E-23  1.55028E-22  
491141    2.40391E-19  9.36593E-19  2.28503E-18  
491150    1.28586E-10  2.16424E-10  3.05597E-10  
491151    8.84113E-13  8.92103E-13  8.99962E-13  
491160    4.55226E-19  7.64042E-19  1.07593E-18  
491161    1.72873E-16  2.90315E-16  4.08927E-16  
491170    9.14525E-14  9.23308E-14  9.31948E-14  
491171    3.08693E-13  3.11538E-13  3.14337E-13  
491180    2.71329E-16  2.73114E-16  2.74871E-16  
491181    9.30969E-19  9.73896E-19  1.01614E-18  
491190    3.81016E-15  3.83356E-15  3.85658E-15  
491191    3.70690E-14  3.72543E-14  3.74365E-14  
491200    1.73430E-16  1.74258E-16  1.75072E-16  
491201    3.86416E-17  3.93688E-17  4.00844E-17  
491210    8.59045E-16  8.66114E-16  8.73067E-16  
491211    4.88925E-15  4.91628E-15  4.94286E-15  
491220    9.13868E-17  9.16544E-17  9.19174E-17  
491221    3.80389E-17  3.92580E-17  4.04577E-17  
491230    1.99719E-16  2.01202E-16  2.02660E-16  
491231    1.62051E-15  1.62020E-15  1.61989E-15  
491240    1.96427E-16  1.96532E-16  1.96635E-16  
491241    3.52811E-17  3.63189E-17  3.73402E-17  
491250    7.70712E-17  7.74636E-17  7.78494E-17  
491251    4.22108E-16  4.24026E-16  4.25912E-16  
491260    6.41598E-17  6.42767E-17  6.43914E-17  
491261    1.81584E-17  1.85319E-17  1.88996E-17  
491270    2.13898E-16  2.13348E-16  2.12806E-16  
491271    1.19852E-16  1.20961E-16  1.22052E-16  
491280    6.18562E-17  6.21070E-17  6.23536E-17  
491281    4.33827E-17  4.36451E-17  4.39033E-17  
491290    7.37070E-17  7.34235E-17  7.31441E-17  
491291    1.38347E-16  1.37826E-16  1.37313E-16  
491300    9.85601E-17  9.81381E-17  9.77221E-17  
491301    9.83952E-18  9.90907E-18  9.97749E-18  
491310    1.15008E-17  1.14678E-17  1.14352E-17  
491311    8.55078E-18  8.53820E-18  8.52578E-18  
491320    8.09913E-18  8.07233E-18  8.04595E-18  
491330    3.99021E-19  3.97820E-19  3.96638E-19  
491340    3.47920E-13  5.60980E-13  7.73451E-13  
491350    3.79104E-22  3.78085E-22  3.77084E-22  
491360    1.73322E-16  2.79503E-16  3.85399E-16  
491370    3.82482E-18  6.16008E-18  8.48617E-18  
491380    5.29465E-20  8.53842E-20  1.17736E-19  
501110    0.00000E+00  0.00000E+00  0.00000E+00  
501120    2.59704E-24  1.15071E-23  3.06639E-23  
501130    0.00000E+00  0.00000E+00  0.00000E+00  
501131    0.00000E+00  0.00000E+00  0.00000E+00  
501140    5.28490E-19  1.90162E-18  4.65800E-18  
501150    6.65638E-12  1.11373E-11  1.56573E-11  
501160    1.05456E-13  2.93441E-13  5.77250E-13  
501170    1.53724E-10  2.49835E-10  3.46853E-10  
501171    1.29309E-13  1.41961E-13  1.46155E-13  
501180    1.43265E-10  2.32000E-10  3.21315E-10  
501190    1.51823E-10  2.45883E-10  3.40628E-10  
501191    4.92968E-12  7.73160E-12  1.03776E-11  
501200    1.51269E-10  2.44654E-10  3.38503E-10  
501210    5.35740E-12  5.39513E-12  5.43225E-12  
501211    1.14345E-11  1.85283E-11  2.56838E-11  
501220    1.74996E-10  2.83143E-10  3.91919E-10  
501230    1.02368E-11  1.57685E-11  2.08237E-11  
501231    1.60645E-13  1.61361E-13  1.62066E-13  
501240    3.03561E-10  4.91655E-10  6.81231E-10  
501250    3.29674E-11  3.48634E-11  3.57464E-11  
501251    5.82919E-14  5.85804E-14  5.88640E-14  
501260    6.07134E-10  9.84875E-10  1.36678E-09  
501270    2.89909E-12  2.92816E-12  2.95676E-12  
501271    5.76049E-14  5.81159E-14  5.86186E-14  
501280    4.75114E-12  4.76860E-12  4.78576E-12  
501281    4.24951E-15  4.26534E-15  4.28090E-15  
501290    1.68695E-13  1.69654E-13  1.70596E-13  
501291    3.38325E-13  3.38929E-13  3.39522E-13  
501300    5.59832E-13  5.59147E-13  5.58470E-13  
501301    2.43159E-13  2.42921E-13  2.42685E-13  
501310    1.13042E-13  1.12843E-13  1.12647E-13  
501311    1.14137E-13  1.13939E-13  1.13743E-13  
501320    1.09115E-13  1.08976E-13  1.08838E-13  
501330    9.99696E-16  9.96217E-16  9.92789E-16  
501340    1.16389E-16  1.15991E-16  1.15600E-16  
501350    1.84415E-11  2.97221E-11  4.09683E-11  
501360    9.97365E-20  9.94425E-20  9.91535E-20  
501370    2.28709E-13  3.68137E-13  5.06939E-13  
501380    1.43803E-15  2.31893E-15  3.19745E-15  
501390    1.07405E-17  1.73193E-17  2.38801E-17  
501400    5.52292E-19  8.90655E-19  1.22812E-18  
501410    1.64541E-19  2.65348E-19  3.65886E-19  
511150    0.00000E+00  0.00000E+00  0.00000E+00  
511170    0.00000E+00  0.00000E+00  0.00000E+00  
511180    0.00000E+00  0.00000E+00  0.00000E+00  
511181    1.54291E-24  2.55312E-24  3.54744E-24  
511190    5.27600E-21  7.50422E-21  9.69736E-21  
511200    9.70722E-22  1.38561E-21  1.79600E-21  
511201    5.23201E-19  7.49667E-19  9.72009E-19  
511210    1.40186E-10  2.30234E-10  3.20906E-10  
511220    1.74538E-15  2.72674E-15  3.70683E-15  
511221    4.33881E-19  5.84337E-19  7.33377E-19  
511230    1.78120E-10  2.89245E-10  4.01637E-10  
511240    7.65511E-14  1.12326E-13  1.42343E-13  
511241    6.22302E-19  6.82121E-19  7.41112E-19  
511250    3.41468E-10  5.66709E-10  7.90985E-10  
511260    2.90076E-12  3.11872E-12  3.17766E-12  
511261    3.79154E-15  3.80009E-15  3.80849E-15  
511270    2.13497E-10  2.15667E-10  2.17731E-10  
511280    2.97229E-12  3.00972E-12  3.04654E-12  
511281    8.52771E-13  8.56430E-13  8.60025E-13  
511290    3.64348E-11  3.66618E-11  3.68851E-11  
511291    4.91938E-14  4.92816E-14  4.93678E-14  
511300    6.88643E-12  6.89760E-12  6.90855E-12  
511301    1.60060E-12  1.60088E-12  1.60115E-12  
511310    1.45328E-11  1.45279E-11  1.45230E-11  
511320    1.35474E-12  1.35563E-12  1.35649E-12  
511321    8.84480E-13  8.82770E-13  8.81083E-13  
511330    1.50374E-12  1.49999E-12  1.49628E-12  
511340    1.37593E-15  1.37267E-15  1.36945E-15  
511341    1.68372E-14  1.67982E-14  1.67598E-14  
511350    1.33820E-15  1.33458E-15  1.33102E-15  
511360    9.30338E-17  9.27424E-17  9.24556E-17  
511370    1.31106E-16  1.30470E-16  1.29844E-16  
511380    1.88115E-19  1.87571E-19  1.87036E-19  
511390    2.13768E-13  3.44687E-13  4.75245E-13  
511400    1.12670E-14  1.81645E-14  2.50419E-14  
511410    3.17109E-15  5.11388E-15  7.05149E-15  
511420    2.39934E-18  3.86865E-18  5.33379E-18  
511430    2.21983E-19  3.57981E-19  4.93617E-19  
521180    0.00000E+00  0.00000E+00  0.00000E+00  
521190    0.00000E+00  0.00000E+00  0.00000E+00  
521200    8.77813E-23  2.41785E-22  4.70761E-22  
521210    4.38177E-21  9.83943E-21  1.61785E-20  
521211    6.09634E-21  1.61035E-20  3.01909E-20  
521220    1.03095E-14  2.54292E-14  4.71799E-14  
521230    2.01599E-17  5.31015E-17  1.05656E-16  
521231    4.68574E-17  1.05041E-16  1.81440E-16  
521240    2.83094E-14  6.30786E-14  1.08371E-13  
521250    4.02913E-12  1.11173E-11  2.19910E-11  
521251    9.79303E-13  2.40228E-12  4.25577E-12  
521260    1.25019E-11  2.17714E-11  3.12334E-11  
521270    1.87754E-11  1.93872E-11  1.99225E-11  
521271    2.14115E-10  3.36265E-10  4.39345E-10  
521280    3.72614E-09  6.03235E-09  8.35089E-09  
521290    8.75403E-12  8.98176E-12  9.13455E-12  
521291    6.67814E-10  8.62762E-10  9.76059E-10  
521300    1.95559E-08  3.15704E-08  4.35991E-08  
521310    1.59755E-11  1.59846E-11  1.59935E-11  
521311    1.88343E-10  1.89707E-10  1.91049E-10  
521320    4.89014E-09  4.89353E-09  4.89649E-09  
521330    1.13544E-11  1.13456E-11  1.13370E-11  
521331    4.52722E-11  4.52446E-11  4.52171E-11  
521340    7.03448E-11  7.02295E-11  7.01156E-11  
521350    2.65972E-13  2.65506E-13  2.65045E-13  
521360    1.03451E-13  1.03139E-13  1.02832E-13  
521370    4.65232E-15  4.63742E-15  4.62274E-15  
521380    5.37731E-16  5.35796E-16  5.33890E-16  
521390    1.88238E-17  1.87586E-17  1.86943E-17  
521400    2.08700E-17  2.07709E-17  2.06732E-17  
521410    3.08500E-19  3.07647E-19  3.06809E-19  
521420    6.01073E-21  5.99306E-21  5.97569E-21  
521430    5.43854E-15  8.77049E-15  1.20936E-14  
521440    4.20831E-18  6.78651E-18  9.35863E-18  
521450    3.86337E-19  6.23027E-19  8.59086E-19  
521460    2.77586E-20  4.47649E-20  6.17259E-20  
531210    0.00000E+00  0.00000E+00  0.00000E+00  
531230    1.53037E-22  2.54670E-22  3.54702E-22  
531250    5.65237E-21  8.84424E-21  1.19144E-20  
531260    2.11095E-18  3.87881E-18  5.74955E-18  
531270    1.24621E-09  2.17208E-09  3.12602E-09  
531280    8.10994E-17  1.36270E-16  1.92723E-16  
531290    5.47016E-09  9.09464E-09  1.28230E-08  
531300    5.57092E-14  6.89422E-14  8.23524E-14  
531301    2.69662E-16  3.58102E-16  4.48103E-16  
531310    8.00932E-09  8.18452E-09  8.21047E-09  
531320    1.46584E-10  1.46721E-10  1.46844E-10  
531321    2.03715E-13  2.15039E-13  2.26183E-13  
531330    2.03758E-09  2.03748E-09  2.03737E-09  
531331    1.54065E-14  1.54763E-14  1.55448E-14  
531340    9.93838E-11  9.93373E-11  9.92909E-11  
531341    3.15127E-13  3.18246E-13  3.21313E-13  
531350    6.04442E-10  6.04410E-10  6.04375E-10  
531360    9.33748E-13  9.32069E-13  9.30411E-13  
531361    2.40044E-13  2.40321E-13  2.40592E-13  
531370    3.10599E-13  3.10234E-13  3.09873E-13  
531380    4.07968E-14  4.07558E-14  4.07152E-14  
531390    7.94010E-15  7.91709E-15  7.89439E-15  
531400    6.84453E-16  6.82434E-16  6.80444E-16  
531410    9.29647E-17  9.26211E-17  9.22826E-17  
531420    7.18185E-18  7.16157E-18  7.14158E-18  
531430    5.50119E-19  5.48647E-19  5.47201E-19  
531440    5.87615E-21  5.85986E-21  5.84384E-21  
531450    3.55943E-22  3.54985E-22  3.54045E-22  
531460    4.93903E-16  7.96492E-16  1.09828E-15  
531470    6.36422E-19  1.02556E-18  1.41338E-18  
531480    4.36029E-20  7.03164E-20  9.69586E-20  
541230    0.00000E+00  0.00000E+00  0.00000E+00  
541240    0.00000E+00  0.00000E+00  0.00000E+00  
541250    0.00000E+00  0.00000E+00  0.00000E+00  
541251    0.00000E+00  0.00000E+00  0.00000E+00  
541260    1.04729E-18  3.10704E-18  6.42786E-18  
541270    6.64666E-23  2.65767E-22  6.57839E-22  
541271    0.00000E+00  0.00000E+00  0.00000E+00  
541280    6.41167E-14  1.73985E-13  3.40348E-13  
541290    1.50429E-17  4.14552E-17  8.29216E-17  
541291    2.24848E-20  7.36536E-20  1.58077E-19  
541300    2.83075E-12  5.26782E-12  8.23749E-12  
541310    2.30754E-08  4.21546E-08  6.14109E-08  
541311    1.06339E-10  1.25455E-10  1.30065E-10  
541320    4.21427E-08  7.11126E-08  1.00119E-07  
541330    1.22783E-08  1.23200E-08  1.23209E-08  
541331    1.48063E-10  1.48169E-10  1.48273E-10  
541340    8.42002E-08  1.35903E-07  1.87589E-07  
541341    3.85840E-17  3.94625E-17  4.03269E-17  
541350    7.22475E-10  7.23179E-10  7.23867E-10  
541351    4.51375E-12  4.52317E-12  4.53242E-12  
541360    7.78739E-08  1.25758E-07  1.73645E-07  
541370    5.55751E-12  5.55602E-12  5.55451E-12  
541380    2.11698E-11  2.11483E-11  2.11270E-11  
541390    8.09904E-13  8.08285E-13  8.06686E-13  
541400    2.04495E-13  2.03923E-13  2.03359E-13  
541410    9.55921E-15  9.53035E-15  9.50191E-15  
541420    2.50066E-15  2.49259E-15  2.48462E-15  
541430    4.57249E-17  4.55667E-17  4.54109E-17  
541431    4.05588E-10  6.53319E-10  9.00203E-10  
541440    6.01762E-17  5.99704E-17  5.97678E-17  
541450    6.36521E-19  6.34883E-19  6.33273E-19  
541460    9.73489E-20  9.70629E-20  9.67818E-20  
541470    1.07062E-21  1.06622E-21  1.06189E-21  
541480    1.16794E-15  1.88344E-15  2.59702E-15  
541490    1.50009E-18  2.41877E-18  3.33488E-18  
541500    1.83695E-19  2.96236E-19  4.08477E-19  
541510    2.86856E-20  4.62599E-20  6.37873E-20  
551270    0.00000E+00  0.00000E+00  0.00000E+00  
551290    0.00000E+00  0.00000E+00  0.00000E+00  
551310    9.85017E-20  1.94458E-19  2.91907E-19  
551320    1.95050E-16  2.34763E-16  2.73450E-16  
551330    5.78352E-08  1.02140E-07  1.46477E-07  
551340    7.42972E-12  2.21753E-11  4.47291E-11  
551341    6.67712E-15  1.16558E-14  1.66112E-14  
551350    5.72789E-08  9.31149E-08  1.28985E-07  
551351    3.54310E-15  3.89720E-15  4.24574E-15  
551360    1.88739E-11  2.26196E-11  2.54343E-11  
551361    2.28527E-16  2.44864E-16  2.60945E-16  
551370    6.50433E-08  1.04839E-07  1.44573E-07  
551380    5.35315E-11  5.34936E-11  5.34560E-11  
551381    1.52243E-13  1.53414E-13  1.54566E-13  
551390    1.41926E-11  1.41799E-11  1.41674E-11  
551400    1.47598E-12  1.47346E-12  1.47098E-12  
551410    4.25470E-13  4.24979E-13  4.24494E-13  
551420    1.89653E-14  1.89232E-14  1.88816E-14  
551430    1.08690E-14  1.08407E-14  1.08127E-14  
551440    2.04659E-15  2.04040E-15  2.03430E-15  
551450    2.48938E-16  2.48193E-16  2.47459E-16  
551460    1.84069E-17  1.83490E-17  1.82920E-17  
551470    2.74818E-18  2.73653E-18  2.72506E-18  
551480    9.30305E-20  9.27667E-20  9.25075E-20  
551490    5.77380E-22  5.75674E-22  5.73998E-22  
551500    5.79247E-23  5.77677E-23  5.76135E-23  
551510    1.03950E-23  1.03669E-23  1.03393E-23  
551520    3.60650E-19  5.81597E-19  8.01955E-19  
551530    1.92914E-20  3.11102E-20  4.28976E-20  
551540    0.00000E+00  0.00000E+00  0.00000E+00  
561300    0.00000E+00  0.00000E+00  0.00000E+00  
561310    0.00000E+00  0.00000E+00  0.00000E+00  
561320    1.22914E-17  2.40088E-17  3.78518E-17  
561330    5.48774E-20  1.38886E-19  2.61467E-19  
561340    8.75314E-14  4.41564E-13  1.26302E-12  
561350    2.20188E-15  5.10050E-15  9.17155E-15  
561351    3.20737E-17  4.36200E-17  5.50054E-17  
561360    4.33870E-11  8.35642E-11  1.29008E-10  
561361    5.71859E-19  6.85758E-19  7.71674E-19  
561370    9.33449E-11  2.40903E-10  4.57003E-10  
561371    1.00323E-14  1.61237E-14  2.22054E-14  
561380    7.14368E-08  1.15241E-07  1.59018E-07  
561390    1.28502E-10  1.28404E-10  1.28306E-10  
561400    2.51413E-08  2.70278E-08  2.74390E-08  
561410    2.57914E-11  2.57724E-11  2.57536E-11  
561420    1.45939E-11  1.45778E-11  1.45619E-11  
561430    3.19489E-13  3.18904E-13  3.18325E-13  
561440    2.03946E-13  2.03459E-13  2.02978E-13  
561450    3.48523E-14  3.47535E-14  3.46560E-14  
561460    8.87968E-15  8.84820E-15  8.81717E-15  
561470    1.01305E-15  1.00904E-15  1.00508E-15  
561480    8.83613E-17  8.80374E-17  8.77184E-17  
561490    5.24010E-18  5.22430E-18  5.20876E-18  
561500    4.47249E-19  4.45978E-19  4.44729E-19  
561510    6.06471E-20  6.04846E-20  6.03249E-20  
561520    8.31224E-22  8.28969E-22  8.26755E-22  
561530    2.81084E-23  2.80325E-23  2.79580E-23  
561540    4.51928E-18  7.28803E-18  1.00494E-17  
561550    2.51443E-20  4.05489E-20  5.59126E-20  
561560    1.61801E-21  2.60929E-21  3.59793E-21  
571330    0.00000E+00  0.00000E+00  0.00000E+00  
571350    7.43424E-22  1.24223E-21  1.73318E-21  
571370    1.69186E-16  3.84297E-16  6.83119E-16  
571380    3.24493E-13  5.24644E-13  7.25737E-13  
571390    6.84432E-08  1.10446E-07  1.52416E-07  
571400    3.26281E-09  3.54936E-09  3.61229E-09  
571410    3.33043E-10  3.32813E-10  3.32584E-10  
571420    1.27480E-10  1.27362E-10  1.27245E-10  
571430    2.00289E-11  2.00012E-11  1.99738E-11  
571440    8.92828E-13  8.91258E-13  8.89708E-13  
571450    3.86226E-13  3.85531E-13  3.84844E-13  
571460    4.38670E-14  4.37551E-14  4.36446E-14  
571461    2.99648E-14  2.99280E-14  2.98917E-14  
571470    1.60210E-14  1.59956E-14  1.59706E-14  
571480    2.12246E-15  2.11569E-15  2.10902E-15  
571490    5.02227E-16  5.00859E-16  4.99512E-16  
571500    7.94530E-17  7.92449E-17  7.90402E-17  
571510    1.13821E-17  1.13515E-17  1.13213E-17  
571520    7.06724E-19  7.04841E-19  7.02990E-19  
571530    5.50409E-20  5.48932E-20  5.47482E-20  
571540    1.55666E-21  1.55250E-21  1.54841E-21  
571550    3.35464E-23  3.34562E-23  3.33676E-23  
571560    2.87407E-17  4.63489E-17  6.39103E-17  
571570    5.69207E-20  9.17931E-20  1.26573E-19  
571580    1.19309E-21  1.92405E-21  2.65305E-21  
571590    6.47003E-23  1.04339E-22  1.43872E-22  
581350    0.00000E+00  0.00000E+00  0.00000E+00  
581360    0.00000E+00  0.00000E+00  0.00000E+00  
581370    8.02617E-23  1.33268E-22  1.85438E-22  
581371    0.00000E+00  0.00000E+00  0.00000E+00  
581380    5.11294E-18  8.59008E-18  1.23340E-17  
581390    8.29397E-17  2.54779E-16  5.21059E-16  
581391    5.17863E-22  7.59107E-22  9.96549E-22  
581400    3.83466E-08  7.70522E-08  1.17424E-07  
581410    4.04148E-08  5.17643E-08  5.80921E-08  
581420    6.19112E-08  9.99092E-08  1.37874E-07  
581430    2.81003E-09  2.80617E-09  2.80235E-09  
581440    5.55512E-08  8.66772E-08  1.15749E-07  
581450    2.87408E-12  2.87026E-12  2.86648E-12  
581460    9.94202E-12  9.93114E-12  9.92037E-12  
581470    4.41647E-13  4.41492E-13  4.41338E-13  
581480    3.68241E-13  3.67535E-13  3.66838E-13  
581490    1.76936E-14  1.76695E-14  1.76456E-14  
581500    7.16337E-15  7.15132E-15  7.13942E-15  
581510    8.81090E-16  8.79286E-16  8.77508E-16  
581520    1.73424E-16  1.73018E-16  1.72617E-16  
581530    1.95023E-17  1.94546E-17  1.94078E-17  
581540    1.75832E-18  1.75419E-18  1.75014E-18  
581550    1.00015E-19  9.97640E-20  9.95180E-20  
581560    4.88952E-21  4.87696E-21  4.86462E-21  
581570    1.27661E-22  1.27323E-22  1.26991E-22  
581580    3.16927E-17  5.11098E-17  7.04758E-17  
581590    1.58384E-18  2.55419E-18  3.52196E-18  
581600    3.85188E-21  6.21173E-21  8.56530E-21  
581610    5.16541E-23  8.33000E-23  1.14862E-22  
591390    1.21641E-23  2.62787E-23  4.27370E-23  
591400    4.70171E-21  1.04644E-20  1.72583E-20  
591410    2.19929E-08  4.90838E-08  8.11684E-08  
591420    3.92410E-14  8.90338E-14  1.48069E-13  
591421    1.81733E-16  4.04584E-16  6.67334E-16  
591430    2.45006E-08  2.68626E-08  2.74215E-08  
591440    2.34422E-12  3.65575E-12  4.88039E-12  
591441    1.11947E-14  1.65869E-14  2.14976E-14  
591450    3.42852E-10  3.42398E-10  3.41950E-10  
591460    1.77796E-11  1.77606E-11  1.77418E-11  
591470    7.39683E-12  7.39127E-12  7.38576E-12  
591480    9.25262E-13  9.24210E-13  9.23170E-13  
591481    1.90965E-14  1.96936E-14  2.02811E-14  
591490    6.10158E-13  6.10197E-13  6.10232E-13  
591500    1.65877E-14  1.66010E-14  1.66140E-14  
591510    2.80463E-14  2.80684E-14  2.80901E-14  
591520    2.12756E-15  2.12958E-15  2.13156E-15  
591530    9.38259E-16  9.38313E-16  9.38364E-16  
591540    9.82102E-17  9.82610E-17  9.83111E-17  
591550    8.43604E-18  8.43091E-18  8.42589E-18  
591560    1.04586E-18  1.04454E-18  1.04325E-18  
591570    1.04909E-19  1.04697E-19  1.04488E-19  
591580    1.51622E-21  1.51256E-21  1.50897E-21  
591590    5.51761E-23  5.50344E-23  5.48954E-23  
591600    3.66421E-17  5.90928E-17  8.14850E-17  
591610    9.94384E-19  1.60362E-18  2.21124E-18  
591620    1.06187E-21  1.71270E-21  2.36200E-21  
591630    4.05079E-23  6.53252E-23  9.00763E-23  
591640    0.00000E+00  0.00000E+00  0.00000E+00  
601400    0.00000E+00  0.00000E+00  0.00000E+00  
601410    2.54438E-22  5.22228E-22  8.13786E-22  
601420    5.26363E-13  2.02170E-12  4.81696E-12  
601430    3.55196E-08  7.15734E-08  1.09337E-07  
601440    3.08911E-09  7.88090E-09  1.47083E-08  
601450    4.20005E-08  6.79097E-08  9.37800E-08  
601460    3.26245E-08  5.26216E-08  7.26030E-08  
601470    8.18777E-09  8.61471E-09  8.68589E-09  
601480    1.83509E-08  2.96011E-08  4.08476E-08  
601490    2.81626E-11  2.81699E-11  2.81769E-11  
601500    7.45797E-09  1.20410E-08  1.66317E-08  
601510    1.34227E-12  1.34605E-12  1.34976E-12  
601520    7.82920E-13  7.86129E-13  7.89284E-13  
601530    2.12931E-14  2.13654E-14  2.14364E-14  
601540    7.61674E-15  7.65911E-15  7.70078E-15  
601550    8.89530E-16  8.94329E-16  8.99050E-16  
601560    1.69805E-16  1.70763E-16  1.71705E-16  
601570    1.12803E-17  1.13190E-17  1.13572E-17  
601580    1.34874E-18  1.34990E-18  1.35105E-18  
601590    8.65839E-20  8.65083E-20  8.64345E-20  
601600    5.42786E-21  5.41843E-21  5.40919E-21  
601610    2.04457E-22  2.04003E-22  2.03558E-22  
601620    2.81984E-17  4.54810E-17  6.27228E-17  
601630    9.91580E-19  1.59912E-18  2.20509E-18  
601640    2.46613E-20  3.97700E-20  5.48385E-20  
601650    1.16888E-22  1.88499E-22  2.59920E-22  
601660    3.19164E-24  6.37464E-24  9.54916E-24  
601670    0.00000E+00  0.00000E+00  0.00000E+00  
611430    0.00000E+00  0.00000E+00  0.00000E+00  
611440    3.75031E-23  1.00941E-22  1.91991E-22  
611450    5.36385E-19  1.74996E-18  3.69810E-18  
611460    8.40804E-17  2.17784E-16  3.80429E-16  
611470    1.60450E-08  3.01142E-08  4.42344E-08  
611480    2.06396E-12  4.36661E-12  6.73316E-12  
611481    3.91749E-12  1.08330E-11  1.98073E-11  
611490    8.64319E-10  8.64653E-10  8.65010E-10  
611500    2.76825E-14  2.78207E-14  2.79576E-14  
611510    1.84060E-10  1.84598E-10  1.85127E-10  
611520    2.83940E-13  2.85147E-13  2.86332E-13  
611521    1.75786E-15  1.84253E-15  1.92586E-15  
611530    2.23604E-13  2.24668E-13  2.25714E-13  
611540    3.28840E-14  3.31288E-14  3.33697E-14  
611541    3.65318E-15  3.76943E-15  3.88383E-15  
611550    6.42625E-15  6.50866E-15  6.58975E-15  
611560    1.73331E-15  1.76457E-15  1.79534E-15  
611570    2.42858E-16  2.47671E-16  2.52408E-16  
611580    3.09516E-17  3.14231E-17  3.18873E-17  
611590    2.24819E-18  2.27426E-18  2.29994E-18  
611600    3.98978E-19  4.01448E-19  4.03883E-19  
611610    3.51524E-20  3.52583E-20  3.53628E-20  
611620    5.98521E-22  5.98946E-22  5.99367E-22  
611630    5.09322E-23  5.08381E-23  5.07458E-23  
611640    4.81395E-17  7.76390E-17  1.07065E-16  
611650    2.25007E-18  3.62866E-18  5.00365E-18  
611660    9.22714E-20  1.48802E-19  2.05183E-19  
611670    7.54290E-21  1.21641E-20  1.67729E-20  
611680    1.52371E-23  2.45721E-23  3.38822E-23  
611690    0.00000E+00  0.00000E+00  0.00000E+00  
621440    0.00000E+00  0.00000E+00  0.00000E+00  
621450    5.08329E-22  2.73590E-21  8.09077E-21  
621460    1.40003E-18  7.43084E-18  2.19784E-17  
621470    2.04741E-10  6.58826E-10  1.39145E-09  
621480    4.89856E-12  1.94575E-11  4.60580E-11  
621490    8.78930E-09  1.26610E-08  1.54755E-08  
621500    2.34871E-09  5.85538E-09  1.04208E-08  
621510    4.47943E-09  7.23670E-09  9.91987E-09  
621520    3.15612E-09  5.21176E-09  7.35504E-09  
621530    1.19221E-10  1.20110E-10  1.21002E-10  
621540    9.01184E-10  1.46083E-09  2.02572E-09  
621550    2.14773E-13  2.17938E-13  2.21054E-13  
621560    2.63702E-12  2.70245E-12  2.76685E-12  
621570    1.68649E-14  1.74237E-14  1.79737E-14  
621580    5.53220E-15  5.71971E-15  5.90426E-15  
621590    6.38131E-17  6.63648E-17  6.88764E-17  
621600    1.64760E-17  1.71441E-17  1.78019E-17  
621610    1.66830E-18  1.73272E-18  1.79614E-18  
621620    1.25523E-19  1.30082E-19  1.34570E-19  
621630    2.21156E-20  2.23109E-20  2.25032E-20  
621640    3.24011E-21  3.24073E-21  3.24135E-21  
621650    2.66113E-22  2.65589E-22  2.65074E-22  
621660    1.11222E-16  1.79380E-16  2.47368E-16  
621670    8.38279E-18  1.35187E-17  1.86409E-17  
621680    4.04241E-19  6.51900E-19  8.98899E-19  
621690    1.71446E-20  2.76483E-20  3.81240E-20  
621700    0.00000E+00  0.00000E+00  0.00000E+00  
621710    0.00000E+00  0.00000E+00  0.00000E+00  
621720    0.00000E+00  0.00000E+00  0.00000E+00  
631470    0.00000E+00  0.00000E+00  0.00000E+00  
631490    1.63548E-23  6.95801E-23  1.76138E-22  
631510    2.00686E-12  5.28011E-12  1.00074E-11  
631520    1.87783E-14  8.03251E-14  2.10326E-13  
631521    3.78037E-16  1.00203E-15  1.90257E-15  
631530    1.76183E-09  2.92356E-09  4.09222E-09  
631540    2.04871E-12  5.55847E-12  1.07552E-11  
631541    7.49551E-17  1.23422E-16  1.71913E-16  
631550    4.09903E-10  6.55635E-10  8.97137E-10  
631560    9.14580E-11  1.07446E-10  1.16982E-10  
631570    1.93076E-12  1.99798E-12  2.06397E-12  
631580    4.97169E-14  5.16068E-14  5.34668E-14  
631590    7.00463E-15  7.38173E-15  7.75291E-15  
631600    8.60775E-17  9.18593E-17  9.75503E-17  
631610    1.74213E-17  1.90667E-17  2.06863E-17  
631620    1.47693E-18  1.66294E-18  1.84603E-18  
631630    4.23904E-19  4.53202E-19  4.82039E-19  
631640    5.60106E-20  5.72001E-20  5.83711E-20  
631650    1.56443E-20  1.57310E-20  1.58164E-20  
631660    7.87495E-22  7.87122E-22  7.86760E-22  
631670    9.63984E-23  9.61628E-23  9.59315E-23  
631680    1.71652E-16  2.76819E-16  3.81710E-16  
631690    1.49837E-17  2.41635E-17  3.33190E-17  
631700    7.37324E-19  1.18905E-18  1.63957E-18  
631710    1.95430E-20  3.15160E-20  4.34572E-20  
631720    4.28661E-21  6.91281E-21  9.53202E-21  
641490    0.00000E+00  0.00000E+00  0.00000E+00  
641500    0.00000E+00  0.00000E+00  0.00000E+00  
641510    1.20983E-23  8.55374E-23  3.07709E-22  
641520    7.00829E-15  3.06633E-14  8.14361E-14  
641530    6.72938E-18  4.72928E-17  1.71179E-16  
641540    6.33941E-15  2.83428E-14  7.65174E-14  
641550    3.45323E-12  8.64219E-12  1.58384E-11  
641560    1.16801E-10  2.42160E-10  3.83230E-10  
641570    6.38316E-11  8.78937E-11  1.04919E-10  
641580    7.19314E-11  1.36464E-10  2.11140E-10  
641590    4.29931E-13  4.53661E-13  4.77030E-13  
641600    5.82319E-12  9.76208E-12  1.39755E-11  
641610    1.64738E-16  1.83663E-16  2.02291E-16  
641620    1.02166E-16  1.22012E-16  1.41546E-16  
641630    6.39772E-18  7.39958E-18  8.38566E-18  
641640    1.92892E-18  2.12891E-18  2.32576E-18  
641650    2.20633E-19  2.31900E-19  2.42990E-19  
641660    5.85032E-20  5.97693E-20  6.10157E-20  
641670    1.87538E-20  1.87624E-20  1.87709E-20  
641680    6.72093E-22  6.70657E-22  6.69247E-22  
641690    5.14989E-22  5.13656E-22  5.12346E-22  
641700    2.21227E-16  3.56765E-16  4.91944E-16  
641710    2.17189E-17  3.50251E-17  4.82959E-17  
641720    5.16333E-18  8.32665E-18  1.14815E-17  
651530    0.00000E+00  0.00000E+00  0.00000E+00  
651550    4.91559E-23  8.85676E-23  1.27417E-22  
651560    3.08966E-21  5.58022E-21  8.03548E-21  
651561    6.98477E-23  1.17070E-22  1.63549E-22  
651570    3.36242E-19  8.65682E-19  1.63787E-18  
651580    4.76743E-18  1.10053E-17  1.91886E-17  
651581    3.89386E-24  6.07629E-24  8.22434E-24  
651590    1.59921E-11  2.68126E-11  3.82080E-11  
651600    2.74284E-15  6.60504E-15  1.17813E-14  
651610    4.24295E-13  4.79961E-13  5.31334E-13  
651620    9.32622E-17  1.11525E-16  1.29496E-16  
651621    1.57253E-15  3.76978E-15  6.89373E-15  
651630    1.14473E-16  1.33880E-16  1.52982E-16  
651640    8.30481E-18  9.36063E-18  1.03998E-17  
651650    3.21794E-18  3.50281E-18  3.78319E-18  
651660    4.05030E-19  4.27812E-19  4.50236E-19  
651670    2.13672E-19  2.16126E-19  2.18542E-19  
651680    4.97697E-20  4.98095E-20  4.98489E-20  
651690    5.82285E-21  5.81366E-21  5.80464E-21  
651700    2.91064E-21  2.90333E-21  2.89615E-21  
651710    1.43638E-22  1.43259E-22  1.42888E-22  
651720    4.83086E-16  7.79050E-16  1.07423E-15  
661540    0.00000E+00  0.00000E+00  0.00000E+00  
661550    0.00000E+00  0.00000E+00  0.00000E+00  
661560    0.00000E+00  0.00000E+00  0.00000E+00  
661570    0.00000E+00  0.00000E+00  0.00000E+00  
661580    4.36192E-22  1.32475E-21  2.81269E-21  
661590    8.48948E-21  2.23271E-20  4.16570E-20  
661600    4.09177E-16  1.59848E-15  3.97278E-15  
661610    1.37818E-12  2.61192E-12  3.98718E-12  
661620    4.56995E-13  8.26558E-13  1.26319E-12  
661630    2.23911E-13  3.97601E-13  5.98531E-13  
661640    1.09304E-13  1.88656E-13  2.77113E-13  
661650    2.20670E-16  2.44183E-16  2.67743E-16  
661651    2.94991E-20  5.00789E-20  7.27269E-20  
661660    4.85980E-15  5.20763E-15  5.54939E-15  
661670    4.37618E-18  4.46609E-18  4.55460E-18  
661680    3.67678E-18  3.70507E-18  3.73293E-18  
661690    1.61797E-19  1.62181E-19  1.62560E-19  
661700    6.86593E-20  6.85764E-20  6.84951E-20  
661710    7.09664E-21  7.08241E-21  7.06846E-21  
661720    4.74735E-21  4.73481E-21  4.72250E-21  
671590    0.00000E+00  0.00000E+00  0.00000E+00  
671591    0.00000E+00  0.00000E+00  0.00000E+00  
671610    0.00000E+00  1.27528E-24  1.77163E-24  
671611    0.00000E+00  0.00000E+00  0.00000E+00  
671620    1.37262E-24  2.26830E-24  3.14986E-24  
671621    5.84710E-24  9.66348E-24  1.34197E-23  
671630    3.85422E-20  1.05755E-19  2.05719E-19  
671631    0.00000E+00  0.00000E+00  0.00000E+00  
671640    3.46026E-22  5.71827E-22  7.94120E-22  
671641    3.12924E-22  5.17004E-22  7.17868E-22  
671650    6.34956E-14  1.08562E-13  1.58186E-13  
671660    1.59058E-15  1.70617E-15  1.81977E-15  
671661    6.56456E-18  1.65540E-17  3.09021E-17  
671670    1.31412E-16  1.34172E-16  1.36891E-16  
671680    1.26707E-18  1.27774E-18  1.28826E-18  
671690    1.18853E-18  1.19290E-18  1.19722E-18  
671700    3.87150E-19  3.86848E-19  3.86553E-19  
671701    2.11643E-21  2.15684E-21  2.19663E-21  
671710    7.25208E-20  7.24550E-20  7.23906E-20  
671720    5.82769E-20  5.81328E-20  5.79914E-20  
681610    0.00000E+00  0.00000E+00  0.00000E+00  
681620    0.00000E+00  0.00000E+00  0.00000E+00  
681630    0.00000E+00  0.00000E+00  0.00000E+00  
681640    9.85477E-20  2.70659E-19  5.26725E-19  
681650    2.74836E-23  4.66139E-23  6.59744E-23  
681660    3.54736E-14  6.33341E-14  9.31276E-14  
681670    3.04136E-14  4.95804E-14  6.90400E-14  
681671    3.18974E-21  3.25924E-21  3.32790E-21  
681680    1.87302E-14  3.05189E-14  4.25141E-14  
681690    3.26662E-15  3.39186E-15  3.41965E-15  
681700    6.33167E-15  1.02234E-14  1.41139E-14  
681710    3.71418E-17  3.71219E-17  3.71027E-17  
681720    4.20825E-16  4.19847E-16  4.18885E-16  
691650    0.00000E+00  0.00000E+00  0.00000E+00  
691660    0.00000E+00  0.00000E+00  0.00000E+00  
691670    0.00000E+00  0.00000E+00  0.00000E+00  
691680    9.24733E-23  2.57174E-22  4.90135E-22  
691690    7.81943E-15  1.45377E-14  2.13734E-14  
691700    4.10565E-18  1.24545E-17  2.50082E-17  
691710    3.52342E-15  5.63253E-15  7.68270E-15  
691720    5.43252E-16  5.42289E-16  5.41303E-16  
701670    0.00000E+00  0.00000E+00  0.00000E+00  
701680    0.00000E+00  0.00000E+00  0.00000E+00  
701690    0.00000E+00  0.00000E+00  0.00000E+00  
701691    0.00000E+00  0.00000E+00  0.00000E+00  
701700    2.80209E-19  1.43959E-18  4.13831E-18  
701710    7.70496E-17  2.00430E-16  3.79774E-16  
701720    5.33563E-15  9.20152E-15  1.30604E-14  
701730    5.29059E-20  1.55716E-19  3.12724E-19  
701740    3.97607E-24  2.03134E-23  5.78274E-23  
701750    0.00000E+00  0.00000E+00  0.00000E+00  
701760    0.00000E+00  0.00000E+00  0.00000E+00  
711710    0.00000E+00  0.00000E+00  0.00000E+00  
711711    0.00000E+00  0.00000E+00  0.00000E+00  
711720    0.00000E+00  0.00000E+00  0.00000E+00  
711721    0.00000E+00  0.00000E+00  0.00000E+00  
711750    0.00000E+00  0.00000E+00  0.00000E+00  
711760    0.00000E+00  0.00000E+00  0.00000E+00  
721740    0.00000E+00  0.00000E+00  0.00000E+00  
721750    0.00000E+00  0.00000E+00  0.00000E+00  
721760    0.00000E+00  0.00000E+00  0.00000E+00  
721770    0.00000E+00  0.00000E+00  0.00000E+00  
721780    0.00000E+00  0.00000E+00  0.00000E+00  
721790    0.00000E+00  0.00000E+00  0.00000E+00  
721800    0.00000E+00  0.00000E+00  0.00000E+00  
721810    0.00000E+00  0.00000E+00  0.00000E+00  
721820    0.00000E+00  0.00000E+00  0.00000E+00  
731800    0.00000E+00  0.00000E+00  0.00000E+00  
731810    0.00000E+00  0.00000E+00  0.00000E+00  
731820    0.00000E+00  0.00000E+00  0.00000E+00  
741800    0.00000E+00  0.00000E+00  0.00000E+00  
741810    0.00000E+00  0.00000E+00  0.00000E+00  
741820    0.00000E+00  0.00000E+00  0.00000E+00  
741830    0.00000E+00  0.00000E+00  0.00000E+00  
741840    0.00000E+00  0.00000E+00  0.00000E+00  
741850    0.00000E+00  0.00000E+00  0.00000E+00  
741860    0.00000E+00  0.00000E+00  0.00000E+00  
751850    0.00000E+00  0.00000E+00  0.00000E+00  
751860    0.00000E+00  0.00000E+00  0.00000E+00  
751861    0.00000E+00  0.00000E+00  0.00000E+00  
751870    0.00000E+00  0.00000E+00  0.00000E+00  
761840    0.00000E+00  0.00000E+00  0.00000E+00  
761850    0.00000E+00  0.00000E+00  0.00000E+00  
761860    0.00000E+00  0.00000E+00  0.00000E+00  
761870    0.00000E+00  0.00000E+00  0.00000E+00  
761880    0.00000E+00  0.00000E+00  0.00000E+00  
761890    0.00000E+00  0.00000E+00  0.00000E+00  
761900    0.00000E+00  0.00000E+00  0.00000E+00  
761910    0.00000E+00  0.00000E+00  0.00000E+00  
761920    0.00000E+00  0.00000E+00  0.00000E+00  
771910    0.00000E+00  0.00000E+00  0.00000E+00  
771911    0.00000E+00  0.00000E+00  0.00000E+00  
771920    0.00000E+00  0.00000E+00  0.00000E+00  
771930    0.00000E+00  0.00000E+00  0.00000E+00  
771940    0.00000E+00  0.00000E+00  0.00000E+00  
771941    0.00000E+00  0.00000E+00  0.00000E+00  
781900    0.00000E+00  0.00000E+00  0.00000E+00  
781910    0.00000E+00  0.00000E+00  0.00000E+00  
781920    0.00000E+00  0.00000E+00  0.00000E+00  
781930    0.00000E+00  0.00000E+00  0.00000E+00  
781940    0.00000E+00  0.00000E+00  0.00000E+00  
781950    0.00000E+00  0.00000E+00  0.00000E+00  
781960    0.00000E+00  0.00000E+00  0.00000E+00  
781970    0.00000E+00  0.00000E+00  0.00000E+00  
781980    0.00000E+00  0.00000E+00  0.00000E+00  
791970    0.00000E+00  0.00000E+00  0.00000E+00  
791971    0.00000E+00  0.00000E+00  0.00000E+00  
801960    0.00000E+00  0.00000E+00  0.00000E+00  
801970    0.00000E+00  0.00000E+00  0.00000E+00  
801971    0.00000E+00  0.00000E+00  0.00000E+00  
801980    0.00000E+00  0.00000E+00  0.00000E+00  
801990    0.00000E+00  0.00000E+00  0.00000E+00  
802000    0.00000E+00  0.00000E+00  0.00000E+00  
802010    0.00000E+00  0.00000E+00  0.00000E+00  
802020    0.00000E+00  0.00000E+00  0.00000E+00  
802030    0.00000E+00  0.00000E+00  0.00000E+00  
802040    0.00000E+00  0.00000E+00  0.00000E+00  
802060    0.00000E+00  0.00000E+00  0.00000E+00  
812030    0.00000E+00  0.00000E+00  0.00000E+00  
812040    0.00000E+00  0.00000E+00  0.00000E+00  
812050    0.00000E+00  0.00000E+00  0.00000E+00  
812060    0.00000E+00  0.00000E+00  0.00000E+00  
812070    0.00000E+00  0.00000E+00  0.00000E+00  
812080    0.00000E+00  0.00000E+00  0.00000E+00  
812090    0.00000E+00  0.00000E+00  0.00000E+00  
812100    0.00000E+00  0.00000E+00  0.00000E+00  
822040    0.00000E+00  0.00000E+00  0.00000E+00  
822050    0.00000E+00  0.00000E+00  0.00000E+00  
822060    0.00000E+00  0.00000E+00  0.00000E+00  
822070    6.21286E-24  5.45042E-23  2.09166E-22  
822080    1.69260E-22  1.27057E-21  4.83339E-21  
822090    0.00000E+00  0.00000E+00  0.00000E+00  
822100    7.92945E-24  4.21337E-23  1.19028E-22  
822110    0.00000E+00  0.00000E+00  0.00000E+00  
822120    1.04391E-23  4.74609E-23  1.29020E-22  
822140    0.00000E+00  0.00000E+00  0.00000E+00  
832080    0.00000E+00  0.00000E+00  0.00000E+00  
832090    0.00000E+00  0.00000E+00  0.00000E+00  
832100    0.00000E+00  0.00000E+00  0.00000E+00  
832101    0.00000E+00  0.00000E+00  0.00000E+00  
832110    0.00000E+00  0.00000E+00  0.00000E+00  
832120    0.00000E+00  4.48961E-24  1.22140E-23  
832130    0.00000E+00  0.00000E+00  0.00000E+00  
832140    0.00000E+00  0.00000E+00  0.00000E+00  
832150    0.00000E+00  0.00000E+00  0.00000E+00  
842080    0.00000E+00  0.00000E+00  0.00000E+00  
842090    0.00000E+00  0.00000E+00  0.00000E+00  
842100    0.00000E+00  0.00000E+00  0.00000E+00  
842110    0.00000E+00  0.00000E+00  0.00000E+00  
842120    0.00000E+00  0.00000E+00  0.00000E+00  
842130    0.00000E+00  0.00000E+00  0.00000E+00  
842140    0.00000E+00  0.00000E+00  0.00000E+00  
842150    0.00000E+00  0.00000E+00  0.00000E+00  
842160    0.00000E+00  0.00000E+00  0.00000E+00  
842180    0.00000E+00  0.00000E+00  0.00000E+00  
852150    0.00000E+00  0.00000E+00  0.00000E+00  
852170    0.00000E+00  0.00000E+00  0.00000E+00  
852180    0.00000E+00  0.00000E+00  0.00000E+00  
852190    0.00000E+00  0.00000E+00  0.00000E+00  
862170    0.00000E+00  0.00000E+00  0.00000E+00  
862180    0.00000E+00  0.00000E+00  0.00000E+00  
862190    0.00000E+00  0.00000E+00  0.00000E+00  
862200    0.00000E+00  0.00000E+00  0.00000E+00  
862220    2.41714E-24  6.89463E-24  1.36860E-23  
872210    0.00000E+00  0.00000E+00  0.00000E+00  
872220    0.00000E+00  0.00000E+00  0.00000E+00  
872230    0.00000E+00  0.00000E+00  0.00000E+00  
882220    0.00000E+00  0.00000E+00  0.00000E+00  
882230    1.12142E-23  5.40608E-23  1.41695E-22  
882240    9.01653E-23  4.02771E-22  1.08640E-21  
882250    0.00000E+00  0.00000E+00  0.00000E+00  
882260    4.72362E-19  1.22813E-18  2.33775E-18  
882280    1.34956E-24  3.87418E-24  7.55842E-24  
892250    0.00000E+00  0.00000E+00  0.00000E+00  
892260    0.00000E+00  0.00000E+00  0.00000E+00  
892270    4.72287E-20  1.26108E-19  2.43002E-19  
892280    1.88906E-24  5.06422E-24  9.76123E-24  
902260    0.00000E+00  0.00000E+00  0.00000E+00  
902270    4.05699E-23  1.47391E-22  3.34936E-22  
902280    2.36648E-20  9.43958E-20  2.41165E-19  
902290    2.80778E-20  7.33177E-20  1.39713E-19  
902300    8.43756E-13  1.36015E-12  1.87606E-12  
902310    1.37050E-15  1.38019E-15  1.38982E-15  
902320    5.30388E-13  8.53714E-13  1.17571E-12  
902330    2.08112E-20  3.34054E-20  4.58790E-20  
902340    4.81278E-13  5.82109E-13  6.28153E-13  
912290    0.00000E+00  0.00000E+00  0.00000E+00  
912300    2.03770E-22  4.24854E-22  6.63689E-22  
912310    3.80929E-14  6.24412E-14  8.69219E-14  
912320    4.08724E-18  6.80203E-18  9.51737E-18  
912330    3.93355E-17  9.46292E-17  1.60992E-16  
912340    8.87964E-18  1.07705E-17  1.16341E-17  
912341    1.60729E-17  1.94404E-17  2.09782E-17  
922300    6.96550E-24  2.10670E-23  3.96916E-23  
922310    0.00000E+00  0.00000E+00  0.00000E+00  
922320    5.61730E-17  1.41694E-16  2.65740E-16  
922330    3.22562E-14  5.24628E-14  7.25908E-14  
922340    2.45449E-06  2.45330E-06  2.45211E-06  
922350    3.26501E-04  3.25767E-04  3.25036E-04  
922351    5.70756E-13  5.70177E-13  5.69616E-13  
922360    1.94019E-07  3.12161E-07  4.29712E-07  
922370    5.68572E-10  5.77505E-10  5.80763E-10  
922380    4.51583E-02  4.51576E-02  4.51570E-02  
922390    5.25880E-10  5.24457E-10  5.23060E-10  
922400    5.23585E-15  5.20763E-15  5.17999E-15  
922410    4.67328E-22  4.63559E-22  4.59876E-22  
932340    0.00000E+00  0.00000E+00  0.00000E+00  
932350    1.63121E-20  4.91013E-20  9.92248E-20  
932360    8.23991E-18  2.50123E-17  5.11211E-17  
932361    0.00000E+00  2.01711E-24  4.11768E-24  
932370    2.03140E-09  3.63490E-09  5.25073E-09  
932380    1.86631E-13  3.46554E-13  5.07129E-13  
932390    7.60766E-08  7.58711E-08  7.56690E-08  
932400    3.24062E-14  3.22317E-14  3.20606E-14  
932401    6.97362E-15  6.93607E-15  6.89925E-15  
932410    1.29917E-21  1.28869E-21  1.27846E-21  
942360    4.69560E-24  2.54736E-23  7.56608E-23  
942370    1.02440E-17  2.52811E-17  4.40272E-17  
942380    1.06283E-12  3.44498E-12  7.25737E-12  
942390    9.12746E-07  1.51163E-06  2.10424E-06  
942400    2.03590E-09  5.51359E-09  1.06559E-08  
942410    4.26929E-12  1.89297E-11  5.07923E-11  
942420    3.15547E-15  2.29164E-14  8.55494E-14  
942430    1.48750E-20  1.08914E-19  4.07463E-19  
942440    1.91265E-24  2.33524E-23  1.23097E-22  
942450    0.00000E+00  0.00000E+00  0.00000E+00  
942460    0.00000E+00  0.00000E+00  0.00000E+00  
952400    1.47900E-24  1.18390E-23  4.61890E-23  
952410    6.00510E-15  4.36626E-14  1.63169E-13  
952420    8.45553E-19  6.34431E-18  2.40097E-17  
952421    7.13560E-19  8.42115E-18  4.34500E-17  
952430    4.23450E-19  5.09930E-18  2.66444E-17  
952440    0.00000E+00  6.71818E-24  3.54361E-23  
952441    0.00000E+00  4.49391E-24  2.34314E-23  
952450    0.00000E+00  0.00000E+00  0.00000E+00  
952461    0.00000E+00  0.00000E+00  0.00000E+00  
962400    0.00000E+00  0.00000E+00  0.00000E+00  
962410    0.00000E+00  0.00000E+00  0.00000E+00  
962420    5.88241E-18  7.14636E-17  3.71034E-16  
962430    1.55420E-22  3.11168E-21  2.25454E-20  
962440    1.07196E-22  2.12015E-21  1.54175E-20  
962450    0.00000E+00  0.00000E+00  1.58205E-24  
962460    0.00000E+00  0.00000E+00  0.00000E+00  
962470    0.00000E+00  0.00000E+00  0.00000E+00  
962480    0.00000E+00  0.00000E+00  0.00000E+00  
962490    0.00000E+00  0.00000E+00  0.00000E+00  
962500    0.00000E+00  0.00000E+00  0.00000E+00  
972450    0.00000E+00  0.00000E+00  0.00000E+00  
972460    0.00000E+00  0.00000E+00  0.00000E+00  
972470    0.00000E+00  0.00000E+00  0.00000E+00  
972480    0.00000E+00  0.00000E+00  0.00000E+00  
972490    0.00000E+00  0.00000E+00  0.00000E+00  
972500    0.00000E+00  0.00000E+00  0.00000E+00  
972510    0.00000E+00  0.00000E+00  0.00000E+00  
982460    0.00000E+00  0.00000E+00  0.00000E+00  
982470    0.00000E+00  0.00000E+00  0.00000E+00  
982480    0.00000E+00  0.00000E+00  0.00000E+00  
982490    0.00000E+00  0.00000E+00  0.00000E+00  
982500    0.00000E+00  0.00000E+00  0.00000E+00  
982510    0.00000E+00  0.00000E+00  0.00000E+00  
982520    0.00000E+00  0.00000E+00  0.00000E+00  
982530    0.00000E+00  0.00000E+00  0.00000E+00  
982540    0.00000E+00  0.00000E+00  0.00000E+00  
992510    0.00000E+00  0.00000E+00  0.00000E+00  
992520    0.00000E+00  0.00000E+00  0.00000E+00  
992530    0.00000E+00  0.00000E+00  0.00000E+00  
992540    0.00000E+00  0.00000E+00  0.00000E+00  
992541    0.00000E+00  0.00000E+00  0.00000E+00  
992550    0.00000E+00  0.00000E+00  0.00000E+00  
1002540   0.00000E+00  0.00000E+00  0.00000E+00  
1002550   0.00000E+00  0.00000E+00  0.00000E+00  
