TIME      11400931.85567604814251164.8195950617101397.78351407
SYS BU    6.66667E-02  8.33333E-02  1.00000E-01  
CELL BU   6.66667E-02  8.33333E-02  1.00000E-01  
FLUX      6.41217E+12  6.39242E+12  6.37314E+12  
POW DENS  9.08389E+00  9.08389E+00  9.08389E+00  
POW       6.00000E-02  6.00000E-02  6.00000E-02  

10010     0.00000E+00  0.00000E+00  0.00000E+00  
10020     0.00000E+00  0.00000E+00  0.00000E+00  
10030     0.00000E+00  0.00000E+00  0.00000E+00  
20030     0.00000E+00  0.00000E+00  0.00000E+00  
20040     0.00000E+00  0.00000E+00  0.00000E+00  
30060     0.00000E+00  0.00000E+00  0.00000E+00  
30070     0.00000E+00  0.00000E+00  0.00000E+00  
40070     0.00000E+00  0.00000E+00  0.00000E+00  
40090     0.00000E+00  0.00000E+00  0.00000E+00  
40100     0.00000E+00  0.00000E+00  0.00000E+00  
50100     0.00000E+00  0.00000E+00  0.00000E+00  
50110     0.00000E+00  0.00000E+00  0.00000E+00  
60120     0.00000E+00  0.00000E+00  0.00000E+00  
60130     0.00000E+00  0.00000E+00  0.00000E+00  
60140     0.00000E+00  0.00000E+00  0.00000E+00  
70140     0.00000E+00  0.00000E+00  0.00000E+00  
70150     0.00000E+00  0.00000E+00  0.00000E+00  
80160     0.00000E+00  0.00000E+00  0.00000E+00  
80170     0.00000E+00  0.00000E+00  0.00000E+00  
80180     0.00000E+00  0.00000E+00  0.00000E+00  
90190     0.00000E+00  0.00000E+00  0.00000E+00  
100200    0.00000E+00  0.00000E+00  0.00000E+00  
100210    0.00000E+00  0.00000E+00  0.00000E+00  
100220    0.00000E+00  0.00000E+00  0.00000E+00  
110220    0.00000E+00  0.00000E+00  0.00000E+00  
110230    0.00000E+00  0.00000E+00  0.00000E+00  
120240    0.00000E+00  0.00000E+00  0.00000E+00  
120250    0.00000E+00  0.00000E+00  0.00000E+00  
120260    0.00000E+00  0.00000E+00  0.00000E+00  
130261    0.00000E+00  0.00000E+00  0.00000E+00  
130270    0.00000E+00  0.00000E+00  0.00000E+00  
140280    0.00000E+00  0.00000E+00  0.00000E+00  
140290    0.00000E+00  0.00000E+00  0.00000E+00  
140300    0.00000E+00  0.00000E+00  0.00000E+00  
140310    0.00000E+00  0.00000E+00  0.00000E+00  
140320    0.00000E+00  0.00000E+00  0.00000E+00  
150310    0.00000E+00  0.00000E+00  0.00000E+00  
150320    0.00000E+00  0.00000E+00  0.00000E+00  
160320    0.00000E+00  0.00000E+00  0.00000E+00  
160330    0.00000E+00  0.00000E+00  0.00000E+00  
160340    0.00000E+00  0.00000E+00  0.00000E+00  
160350    0.00000E+00  0.00000E+00  0.00000E+00  
160360    0.00000E+00  0.00000E+00  0.00000E+00  
170350    0.00000E+00  0.00000E+00  0.00000E+00  
170360    0.00000E+00  0.00000E+00  0.00000E+00  
170370    0.00000E+00  0.00000E+00  0.00000E+00  
180360    0.00000E+00  0.00000E+00  0.00000E+00  
180370    0.00000E+00  0.00000E+00  0.00000E+00  
180380    0.00000E+00  0.00000E+00  0.00000E+00  
180390    0.00000E+00  0.00000E+00  0.00000E+00  
180400    0.00000E+00  0.00000E+00  0.00000E+00  
180410    0.00000E+00  0.00000E+00  0.00000E+00  
190390    0.00000E+00  0.00000E+00  0.00000E+00  
190400    0.00000E+00  0.00000E+00  0.00000E+00  
190410    0.00000E+00  0.00000E+00  0.00000E+00  
200400    0.00000E+00  0.00000E+00  0.00000E+00  
200410    0.00000E+00  0.00000E+00  0.00000E+00  
200420    0.00000E+00  0.00000E+00  0.00000E+00  
200430    0.00000E+00  0.00000E+00  0.00000E+00  
200440    0.00000E+00  0.00000E+00  0.00000E+00  
200450    0.00000E+00  0.00000E+00  0.00000E+00  
200460    0.00000E+00  0.00000E+00  0.00000E+00  
200470    0.00000E+00  0.00000E+00  0.00000E+00  
200480    0.00000E+00  0.00000E+00  0.00000E+00  
210450    0.00000E+00  0.00000E+00  0.00000E+00  
210451    0.00000E+00  0.00000E+00  0.00000E+00  
210470    0.00000E+00  0.00000E+00  0.00000E+00  
210480    0.00000E+00  0.00000E+00  0.00000E+00  
220460    0.00000E+00  0.00000E+00  0.00000E+00  
220470    0.00000E+00  0.00000E+00  0.00000E+00  
220480    0.00000E+00  0.00000E+00  0.00000E+00  
220490    0.00000E+00  0.00000E+00  0.00000E+00  
220500    0.00000E+00  0.00000E+00  0.00000E+00  
220660    0.00000E+00  0.00000E+00  0.00000E+00  
230490    0.00000E+00  0.00000E+00  0.00000E+00  
230500    0.00000E+00  0.00000E+00  0.00000E+00  
230510    0.00000E+00  0.00000E+00  0.00000E+00  
230660    2.67899E-21  3.35054E-21  4.02006E-21  
230670    5.19910E-23  6.50238E-23  7.80171E-23  
230680    0.00000E+00  0.00000E+00  0.00000E+00  
230690    0.00000E+00  0.00000E+00  0.00000E+00  
240500    0.00000E+00  0.00000E+00  0.00000E+00  
240510    0.00000E+00  0.00000E+00  0.00000E+00  
240520    0.00000E+00  0.00000E+00  0.00000E+00  
240530    0.00000E+00  0.00000E+00  0.00000E+00  
240540    0.00000E+00  0.00000E+00  0.00000E+00  
240660    0.00000E+00  0.00000E+00  0.00000E+00  
240670    0.00000E+00  0.00000E+00  0.00000E+00  
240680    8.45888E-20  1.05793E-19  1.26933E-19  
240690    1.30196E-20  1.62832E-20  1.95370E-20  
240710    0.00000E+00  0.00000E+00  0.00000E+00  
250540    0.00000E+00  0.00000E+00  0.00000E+00  
250550    0.00000E+00  0.00000E+00  0.00000E+00  
250660    3.30806E-24  3.29787E-24  3.28790E-24  
250670    3.11826E-24  3.10843E-24  3.09882E-24  
250680    0.00000E+00  0.00000E+00  0.00000E+00  
250690    0.00000E+00  0.00000E+00  0.00000E+00  
250700    8.40263E-19  1.05090E-18  1.26089E-18  
250710    4.19162E-20  5.24236E-20  6.28990E-20  
250720    3.85701E-22  4.82404E-22  5.78840E-22  
250730    7.58110E-23  9.48066E-23  1.13743E-22  
250740    0.00000E+00  0.00000E+00  0.00000E+00  
260540    0.00000E+00  0.00000E+00  0.00000E+00  
260550    0.00000E+00  0.00000E+00  0.00000E+00  
260560    0.00000E+00  0.00000E+00  0.00000E+00  
260570    0.00000E+00  0.00000E+00  0.00000E+00  
260580    0.00000E+00  0.00000E+00  0.00000E+00  
260660    3.12957E-22  3.12165E-22  3.11391E-22  
260670    8.74874E-22  8.72040E-22  8.69270E-22  
260680    2.22586E-22  2.21878E-22  2.21185E-22  
260690    4.29076E-23  4.27752E-23  4.26457E-23  
260700    9.03741E-24  9.01009E-24  8.98339E-24  
260710    0.00000E+00  0.00000E+00  0.00000E+00  
260720    0.00000E+00  0.00000E+00  0.00000E+00  
260730    1.97414E-18  2.46829E-18  2.96083E-18  
260740    8.36459E-20  1.04614E-19  1.25518E-19  
260750    1.63254E-21  2.04047E-21  2.44697E-21  
260770    5.90856E-23  7.38969E-23  8.86633E-23  
270580    0.00000E+00  0.00000E+00  0.00000E+00  
270581    0.00000E+00  0.00000E+00  0.00000E+00  
270590    0.00000E+00  0.00000E+00  0.00000E+00  
270660    2.25337E-22  2.25155E-22  2.24980E-22  
270670    2.42355E-21  2.41676E-21  2.41012E-21  
270680    1.19586E-21  1.19296E-21  1.19012E-21  
270690    1.20335E-21  1.20110E-21  1.19891E-21  
270700    3.88674E-22  3.88142E-22  3.87624E-22  
270710    1.28454E-22  1.28158E-22  1.27868E-22  
270720    3.16877E-23  3.16079E-23  3.15298E-23  
270730    1.11446E-23  1.11070E-23  1.10702E-23  
270740    1.10962E-24  1.10576E-24  1.10198E-24  
270750    0.00000E+00  0.00000E+00  0.00000E+00  
270760    2.79490E-18  3.49244E-18  4.18746E-18  
270770    1.15688E-18  1.44681E-18  1.73586E-18  
270780    1.24506E-20  1.55660E-20  1.86712E-20  
270790    2.62734E-21  3.28595E-21  3.94256E-21  
280580    0.00000E+00  0.00000E+00  0.00000E+00  
280590    0.00000E+00  0.00000E+00  0.00000E+00  
280600    0.00000E+00  0.00000E+00  0.00000E+00  
280610    0.00000E+00  0.00000E+00  0.00000E+00  
280620    0.00000E+00  0.00000E+00  0.00000E+00  
280630    6.63952E-23  1.05491E-22  1.53382E-22  
280640    1.10381E-21  1.74553E-21  2.53136E-21  
280660    2.30596E-16  2.30664E-16  2.30733E-16  
280670    1.37105E-19  1.36799E-19  1.36501E-19  
280680    2.74238E-19  2.74085E-19  2.73937E-19  
280690    1.61363E-19  1.61707E-19  1.62046E-19  
280700    1.28862E-19  1.29520E-19  1.30166E-19  
280710    6.62302E-20  6.63273E-20  6.64229E-20  
280720    5.66712E-20  5.66625E-20  5.66541E-20  
280730    3.14472E-20  3.13528E-20  3.12602E-20  
280740    1.48441E-20  1.47867E-20  1.47304E-20  
280750    4.40529E-21  4.38590E-21  4.36687E-21  
280760    5.47879E-22  5.45193E-22  5.42557E-22  
280770    2.26855E-23  2.25855E-23  2.24874E-23  
280780    6.21972E-24  6.19550E-24  6.17179E-24  
280790    6.43134E-17  8.04360E-17  9.65101E-17  
280800    1.05863E-18  1.32379E-18  1.58813E-18  
280810    3.07998E-20  3.85205E-20  4.62179E-20  
290630    0.00000E+00  0.00000E+00  0.00000E+00  
290640    0.00000E+00  0.00000E+00  0.00000E+00  
290650    0.00000E+00  0.00000E+00  1.11489E-24  
290660    3.60461E-19  3.60576E-19  3.60693E-19  
290670    1.45503E-15  1.45187E-15  1.44877E-15  
290680    2.96635E-19  2.96558E-19  2.96485E-19  
290681    1.47713E-20  1.52669E-20  1.57536E-20  
290690    2.56548E-18  2.57606E-18  2.58647E-18  
290700    1.06695E-18  1.07640E-18  1.08569E-18  
290701    1.03194E-19  1.07369E-19  1.11468E-19  
290710    8.58618E-19  8.66422E-19  8.74087E-19  
290720    6.29602E-19  6.34930E-19  6.40160E-19  
290730    1.04640E-18  1.04758E-18  1.04875E-18  
290740    5.50335E-19  5.49770E-19  5.49216E-19  
290750    5.15994E-19  5.14311E-19  5.12659E-19  
290760    2.19458E-19  2.18470E-19  2.17499E-19  
290770    9.20264E-20  9.15877E-20  9.11572E-20  
290780    2.01080E-20  2.00164E-20  1.99264E-20  
290790    1.34670E-21  1.34299E-21  1.33936E-21  
290800    1.48663E-22  1.48140E-22  1.47628E-22  
290810    5.92964E-16  7.41635E-16  8.89867E-16  
290820    5.14335E-17  6.43076E-17  7.71399E-17  
290830    7.43060E-19  9.29231E-19  1.11482E-18  
290840    4.66875E-20  5.83909E-20  7.00588E-20  
300640    0.00000E+00  0.00000E+00  0.00000E+00  
300650    6.22175E-24  9.83127E-24  1.40547E-23  
300660    8.95077E-15  1.12664E-14  1.35829E-14  
300670    4.99268E-14  6.28096E-14  7.56645E-14  
300680    7.48221E-14  9.36584E-14  1.12492E-13  
300690    5.08158E-17  5.10315E-17  5.12437E-17  
300691    5.51148E-19  6.23374E-19  6.94281E-19  
300700    1.98168E-13  2.49492E-13  3.01421E-13  
300710    6.53703E-18  6.60014E-18  6.66212E-18  
300711    2.68526E-17  2.86244E-17  3.03639E-17  
300720    2.06664E-14  2.09846E-14  2.12970E-14  
300730    1.04674E-17  1.05318E-17  1.05950E-17  
300740    1.26037E-16  1.26373E-16  1.26703E-16  
300750    3.46685E-17  3.46317E-17  3.45954E-17  
300760    4.21609E-17  4.20284E-17  4.18982E-17  
300770    2.57244E-17  2.56090E-17  2.54958E-17  
300780    2.08408E-17  2.07377E-17  2.06365E-17  
300790    6.89986E-18  6.86496E-18  6.83071E-18  
300800    6.25200E-19  6.22341E-19  6.19536E-19  
300810    2.60149E-20  2.59587E-20  2.59039E-20  
300820    3.26119E-21  3.24568E-21  3.23047E-21  
300830    1.06790E-22  1.06437E-22  1.06092E-22  
300840    3.76381E-14  4.69138E-14  5.61374E-14  
300850    9.92685E-18  1.24135E-17  1.48923E-17  
300860    7.49552E-18  9.34469E-18  1.11838E-17  
300870    3.32467E-20  4.15808E-20  4.98897E-20  
310660    0.00000E+00  0.00000E+00  0.00000E+00  
310670    0.00000E+00  0.00000E+00  0.00000E+00  
310680    0.00000E+00  1.08099E-24  1.29134E-24  
310690    1.16679E-13  1.46362E-13  1.76170E-13  
310700    1.93543E-21  2.39483E-21  2.85004E-21  
310710    3.55820E-13  4.47825E-13  5.40917E-13  
310720    6.28178E-15  6.38092E-15  6.47824E-15  
310721    1.79861E-22  1.83529E-22  1.87131E-22  
310730    7.90738E-15  7.96302E-15  8.01764E-15  
310740    6.70644E-16  6.73337E-16  6.75980E-16  
310741    3.15681E-19  3.26601E-19  3.37321E-19  
310750    5.26528E-16  5.27096E-16  5.27653E-16  
310760    3.74138E-16  3.73702E-16  3.73273E-16  
310770    3.73322E-16  3.72470E-16  3.71634E-16  
310780    2.77843E-16  2.76927E-16  2.76028E-16  
310790    2.15391E-16  2.14534E-16  2.13693E-16  
310800    8.16548E-17  8.13333E-17  8.10176E-17  
310810    4.17610E-17  4.15718E-17  4.13860E-17  
310820    1.56781E-17  1.55946E-17  1.55127E-17  
310830    5.13909E-19  5.11878E-19  5.09889E-19  
310840    3.53242E-18  3.51209E-18  3.49213E-18  
310850    1.99756E-13  2.49756E-13  2.99594E-13  
310860    3.59378E-21  3.57316E-21  3.55291E-21  
310870    1.39820E-15  1.74539E-15  2.09102E-15  
310880    1.61536E-17  2.01451E-17  2.41158E-17  
310890    3.05583E-19  3.82185E-19  4.58555E-19  
320680    0.00000E+00  0.00000E+00  0.00000E+00  
320690    0.00000E+00  0.00000E+00  0.00000E+00  
320700    6.23176E-18  9.58650E-18  1.36498E-17  
320710    1.51765E-20  1.94738E-20  2.37052E-20  
320711    0.00000E+00  0.00000E+00  0.00000E+00  
320720    9.18775E-13  1.16491E-12  1.41486E-12  
320730    3.50288E-12  4.39735E-12  5.29800E-12  
320731    2.22198E-19  2.23762E-19  2.25298E-19  
320740    1.08353E-11  1.35754E-11  1.63272E-11  
320750    2.08784E-14  2.09066E-14  2.09343E-14  
320751    8.36086E-18  8.41718E-18  8.47246E-18  
320760    9.48351E-11  1.18516E-10  1.42187E-10  
320770    1.25303E-12  1.25192E-12  1.25083E-12  
320771    1.93736E-17  1.96594E-17  1.99400E-17  
320780    4.32445E-13  4.32016E-13  4.31595E-13  
320790    2.27389E-15  2.26963E-15  2.26545E-15  
320791    1.93991E-15  1.94166E-15  1.94337E-15  
320800    1.29529E-14  1.29162E-14  1.28802E-14  
320810    3.84583E-15  3.83312E-15  3.82064E-15  
320811    1.08169E-16  1.07679E-16  1.07198E-16  
320820    2.40244E-15  2.39166E-15  2.38108E-15  
320830    3.84336E-16  3.82579E-16  3.80855E-16  
320840    1.20602E-16  1.19997E-16  1.19403E-16  
320850    7.91132E-18  7.87669E-18  7.84274E-18  
320860    2.23290E-16  2.22002E-16  2.20738E-16  
320870    1.16130E-18  1.15463E-18  1.14809E-18  
320880    1.34806E-20  1.34046E-20  1.33300E-20  
320890    3.77189E-23  3.76008E-23  3.74854E-23  
320900    1.29045E-17  1.61331E-17  1.93531E-17  
320910    1.84255E-18  2.30363E-18  2.76319E-18  
320920    1.74623E-19  2.18397E-19  2.62038E-19  
330710    0.00000E+00  0.00000E+00  0.00000E+00  
330720    1.31263E-23  1.63883E-23  1.95905E-23  
330730    3.41404E-20  4.95193E-20  6.62178E-20  
330740    2.64450E-19  3.36514E-19  4.07648E-19  
330741    1.93714E-18  2.92495E-18  4.10740E-18  
330750    3.30493E-11  4.13455E-11  4.96528E-11  
330760    1.72049E-16  2.00062E-16  2.27802E-16  
330770    4.34995E-12  4.34703E-12  4.34416E-12  
330780    4.48837E-13  4.48493E-13  4.48155E-13  
330790    9.63655E-14  9.63279E-14  9.62908E-14  
330800    7.50086E-15  7.48770E-15  7.47478E-15  
330810    2.53079E-14  2.52781E-14  2.52489E-14  
330820    1.95354E-14  1.94595E-14  1.93850E-14  
330821    1.56408E-15  1.57206E-15  1.57989E-15  
330830    1.82458E-14  1.81793E-14  1.81141E-14  
330840    2.21947E-15  2.21049E-15  2.20168E-15  
330841    3.29635E-09  4.11327E-09  4.92716E-09  
330850    1.13168E-15  1.12631E-15  1.12104E-15  
330860    2.22808E-15  2.21550E-15  2.20313E-15  
330870    1.16939E-16  1.16297E-16  1.15668E-16  
330880    5.24851E-17  5.21838E-17  5.18879E-17  
330890    8.31012E-20  8.27590E-20  8.24237E-20  
330900    1.44232E-21  1.43735E-21  1.43249E-21  
330910    3.89169E-14  4.86419E-14  5.83328E-14  
330920    3.11189E-15  3.89193E-15  4.66960E-15  
330930    5.26432E-18  6.58024E-18  7.89162E-18  
330940    4.56199E-19  5.70557E-19  6.84568E-19  
340730    0.00000E+00  0.00000E+00  0.00000E+00  
340731    0.00000E+00  0.00000E+00  0.00000E+00  
340740    2.14121E-19  3.45442E-19  5.08031E-19  
340750    2.41136E-20  3.57835E-20  4.88723E-20  
340760    9.52943E-15  1.34163E-14  1.78850E-14  
340770    2.40223E-10  3.01554E-10  3.62836E-10  
340771    1.79870E-18  1.79759E-18  1.79650E-18  
340780    6.50916E-10  8.13599E-10  9.76174E-10  
340790    1.40617E-09  1.75733E-09  2.10829E-09  
340791    4.09352E-14  4.09194E-14  4.09039E-14  
340800    3.92403E-09  4.90117E-09  5.87683E-09  
340810    8.76627E-13  8.76017E-13  8.75416E-13  
340811    1.89158E-13  1.90069E-13  1.90962E-13  
340820    1.01760E-08  1.27087E-08  1.52369E-08  
340830    2.55906E-12  2.55164E-12  2.54435E-12  
340831    9.10120E-15  9.10514E-15  9.10900E-15  
340840    5.78003E-13  5.76252E-13  5.74532E-13  
340850    6.25513E-14  6.23434E-14  6.21393E-14  
340851    1.38420E-08  1.72748E-08  2.06969E-08  
340860    6.96359E-14  6.93351E-14  6.90398E-14  
340870    1.69018E-14  1.68238E-14  1.67472E-14  
340880    2.15938E-15  2.14886E-15  2.13853E-15  
340890    1.07448E-16  1.06961E-16  1.06483E-16  
340900    1.17721E-17  1.17194E-17  1.16678E-17  
340910    1.89150E-18  1.88385E-18  1.87636E-18  
340920    5.87239E-20  5.85079E-20  5.82965E-20  
340930    1.42465E-21  1.41934E-21  1.41414E-21  
340940    9.58118E-23  9.57925E-23  9.57750E-23  
340950    1.31656E-17  1.64656E-17  1.97574E-17  
340960    5.04739E-18  6.31148E-18  7.57169E-18  
340970    7.07264E-20  8.84557E-20  1.06131E-19  
350750    0.00000E+00  0.00000E+00  0.00000E+00  
350770    5.67579E-22  7.10735E-22  8.51269E-22  
350771    0.00000E+00  0.00000E+00  0.00000E+00  
350780    1.19495E-22  1.47008E-22  1.74018E-22  
350790    7.69955E-13  9.62503E-13  1.15505E-12  
350791    9.88381E-23  1.18320E-22  1.37446E-22  
350800    7.58493E-19  7.96937E-19  8.34790E-19  
350801    8.22978E-18  8.58855E-18  8.94109E-18  
350810    6.25597E-09  7.81749E-09  9.37794E-09  
350820    5.08569E-14  5.68826E-14  6.28306E-14  
350821    6.50350E-17  7.53013E-17  8.54671E-17  
350830    1.82906E-11  1.82426E-11  1.81955E-11  
350840    5.76855E-12  5.75183E-12  5.73540E-12  
350841    2.42785E-14  2.45167E-14  2.47505E-14  
350850    5.00011E-13  4.98527E-13  4.97070E-13  
350860    3.17147E-13  3.15934E-13  3.14742E-13  
350861    7.09125E-09  8.85899E-09  1.06248E-08  
350870    4.46559E-13  4.44868E-13  4.43208E-13  
350880    1.11459E-13  1.11010E-13  1.10569E-13  
350890    1.99951E-14  1.99184E-14  1.98430E-14  
350900    4.75699E-15  4.74024E-15  4.72380E-15  
350910    5.55546E-16  5.52844E-16  5.50192E-16  
350920    5.38736E-17  5.36331E-17  5.33973E-17  
350930    2.46124E-18  2.46485E-18  2.46841E-18  
350940    1.92634E-19  1.95978E-19  1.99262E-19  
350950    2.43345E-21  2.42580E-21  2.41831E-21  
350960    6.57247E-22  6.54968E-22  6.52735E-22  
350970    1.39757E-15  1.75609E-15  2.11675E-15  
350980    4.33035E-16  5.39772E-16  6.45913E-16  
350990    1.49353E-18  1.86792E-18  2.24118E-18  
351000    2.60481E-20  3.25777E-20  3.90876E-20  
360770    0.00000E+00  0.00000E+00  0.00000E+00  
360780    0.00000E+00  0.00000E+00  0.00000E+00  
360790    2.08357E-22  2.60354E-22  3.11400E-22  
360791    0.00000E+00  0.00000E+00  0.00000E+00  
360800    4.63052E-15  5.95706E-15  7.34874E-15  
360810    1.12418E-16  1.65867E-16  2.29123E-16  
360811    4.24422E-23  5.11489E-23  5.97103E-23  
360820    2.39530E-12  3.24214E-12  4.18343E-12  
360830    1.67261E-08  2.08807E-08  2.50211E-08  
360831    1.39433E-11  1.39067E-11  1.38708E-11  
360840    2.45784E-08  3.06937E-08  3.67968E-08  
360850    5.63742E-09  7.01808E-09  8.38650E-09  
360851    4.66290E-11  4.64905E-11  4.63545E-11  
360860    4.84776E-08  6.04867E-08  7.24524E-08  
360870    4.38571E-11  4.37032E-11  4.35522E-11  
360880    1.33085E-10  1.32599E-10  1.32121E-10  
360890    3.21578E-12  3.20324E-12  3.19091E-12  
360900    6.08299E-13  6.05730E-13  6.03206E-13  
360910    1.15762E-13  1.15246E-13  1.14739E-13  
360920    1.28051E-14  1.27468E-14  1.26896E-14  
360930    2.80736E-15  2.79428E-15  2.78144E-15  
360940    1.06653E-16  1.06238E-16  1.05831E-16  
360950    6.53699E-18  6.51129E-18  6.48612E-18  
360960    1.20160E-17  1.19626E-17  1.19101E-17  
360970    2.78305E-20  2.98893E-20  3.19105E-20  
360980    2.83521E-19  2.81893E-19  2.80295E-19  
360990    1.25760E-22  1.25372E-22  1.24993E-22  
361000    3.06913E-23  3.05159E-23  3.03437E-23  
361010    5.46404E-18  6.82834E-18  8.18769E-18  
361020    5.53415E-19  6.92143E-19  8.30449E-19  
370790    0.00000E+00  0.00000E+00  0.00000E+00  
370810    9.66511E-24  1.20415E-23  1.43744E-23  
370830    1.64555E-17  2.25397E-17  2.90127E-17  
370840    4.52288E-17  5.37520E-17  6.20929E-17  
370850    1.81363E-08  2.26665E-08  2.71917E-08  
370860    1.24250E-13  1.50321E-13  1.76053E-13  
370861    1.60702E-18  1.81073E-18  2.01174E-18  
370870    7.61551E-08  9.50406E-08  1.13861E-07  
370880    1.39757E-11  1.39258E-11  1.38767E-11  
370890    1.62004E-11  1.61409E-11  1.60824E-11  
370900    2.69305E-12  2.68207E-12  2.67128E-12  
370901    1.33486E-12  1.33152E-12  1.32824E-12  
370910    1.29079E-12  1.28614E-12  1.28159E-12  
370920    8.60272E-14  8.57293E-14  8.54367E-14  
370930    8.37699E-14  8.34815E-14  8.31983E-14  
370940    1.89698E-14  1.89084E-14  1.88481E-14  
370950    1.25750E-15  1.25420E-15  1.25096E-15  
370960    2.14810E-16  2.13934E-16  2.13074E-16  
370970    2.77186E-17  2.75935E-17  2.74707E-17  
370980    3.94008E-18  3.92522E-18  3.91067E-18  
370990    2.29419E-19  2.28726E-19  2.28049E-19  
371000    6.63942E-18  6.60116E-18  6.56359E-18  
371010    5.19998E-22  5.17894E-22  5.15834E-22  
371020    4.64894E-23  4.63452E-23  4.62043E-23  
371030    1.24412E-17  1.55643E-17  1.86804E-17  
371040    1.43763E-18  1.79801E-18  2.15730E-18  
371050    3.20111E-19  4.00355E-19  4.80355E-19  
371060    0.00000E+00  0.00000E+00  0.00000E+00  
380830    1.14692E-23  1.43284E-23  1.71353E-23  
380840    2.79830E-18  4.18574E-18  5.81128E-18  
380850    3.51249E-18  4.62758E-18  5.77515E-18  
380851    2.56819E-21  3.04867E-21  3.52034E-21  
380860    3.33776E-13  5.02519E-13  7.03071E-13  
380870    4.97209E-14  6.52815E-14  8.20530E-14  
380871    1.45491E-17  1.57334E-17  1.68968E-17  
380880    1.04012E-07  1.29819E-07  1.55536E-07  
380890    6.55680E-08  7.00327E-08  7.27703E-08  
380900    1.77015E-07  2.20625E-07  2.63982E-07  
380910    7.99950E-10  7.97289E-10  7.94677E-10  
380920    2.27114E-10  2.26451E-10  2.25800E-10  
380930    1.07166E-11  1.06903E-11  1.06644E-11  
380940    1.78907E-12  1.78478E-12  1.78057E-12  
380950    5.01480E-13  5.00214E-13  4.98970E-13  
380960    1.64771E-14  1.64287E-14  1.63811E-14  
380970    3.13433E-15  3.12440E-15  3.11466E-15  
380980    2.36540E-15  2.35737E-15  2.34949E-15  
380990    1.99440E-16  1.98680E-16  1.97935E-16  
381000    3.87926E-17  3.86379E-17  3.84862E-17  
381010    3.34114E-18  3.32624E-18  3.31163E-18  
381020    1.48681E-19  1.48113E-19  1.47557E-19  
381030    3.01147E-21  3.00288E-21  2.99449E-21  
381040    2.29820E-22  2.29061E-22  2.28318E-22  
381050    5.54507E-23  5.52795E-23  5.51124E-23  
381060    0.00000E+00  1.09190E-24  3.03191E-24  
381070    0.00000E+00  0.00000E+00  0.00000E+00  
381080    0.00000E+00  0.00000E+00  0.00000E+00  
381090    0.00000E+00  0.00000E+00  0.00000E+00  
390850    0.00000E+00  0.00000E+00  0.00000E+00  
390870    7.93365E-20  9.67766E-20  1.13897E-19  
390871    0.00000E+00  0.00000E+00  0.00000E+00  
390880    1.28226E-16  1.87798E-16  2.56752E-16  
390890    7.66079E-08  1.07365E-07  1.39723E-07  
390891    2.26971E-17  2.42435E-17  2.51925E-17  
390900    4.36519E-11  5.47388E-11  6.57624E-11  
390901    2.91651E-16  3.15374E-16  3.38755E-16  
390910    9.23667E-08  1.00104E-07  1.05215E-07  
390911    4.04946E-11  4.03600E-11  4.02279E-11  
390920    3.00131E-10  2.99258E-10  2.98400E-10  
390930    8.97269E-10  8.95147E-10  8.93064E-10  
390931    6.89813E-15  6.88212E-15  6.86640E-15  
390940    2.83665E-11  2.83091E-11  2.82528E-11  
390950    1.56420E-11  1.56163E-11  1.55911E-11  
390960    8.69160E-14  8.66763E-14  8.64409E-14  
390961    7.59846E-14  7.60149E-14  7.60447E-14  
390970    4.69322E-14  4.68449E-14  4.67592E-14  
390971    8.63844E-15  8.63023E-15  8.62216E-15  
390980    4.50063E-15  4.49396E-15  4.48741E-15  
390981    9.19872E-15  9.19892E-15  9.19911E-15  
390990    1.32958E-14  1.32707E-14  1.32460E-14  
391000    2.23695E-15  2.23115E-15  2.22547E-15  
391010    6.40963E-16  6.38522E-16  6.36127E-16  
391020    4.06536E-16  4.04361E-16  4.02225E-16  
391030    9.58079E-18  9.55018E-18  9.52024E-18  
391040    1.08725E-18  1.08315E-18  1.07913E-18  
391050    7.68172E-20  7.65911E-20  7.63703E-20  
391060    0.00000E+00  0.00000E+00  0.00000E+00  
391070    0.00000E+00  0.00000E+00  0.00000E+00  
391080    0.00000E+00  0.00000E+00  0.00000E+00  
391090    1.33053E-19  1.65824E-19  1.98408E-19  
391100    2.35859E-21  2.93958E-21  3.51729E-21  
391110    2.62360E-20  3.28127E-20  3.93695E-20  
400870    0.00000E+00  0.00000E+00  0.00000E+00  
400880    1.17418E-21  1.70698E-21  2.28733E-21  
400890    4.96045E-20  7.26338E-20  9.99296E-20  
400891    0.00000E+00  0.00000E+00  0.00000E+00  
400900    7.30033E-10  1.15191E-09  1.66858E-09  
400901    3.09634E-24  3.63598E-24  4.16585E-24  
400910    9.00670E-08  1.27775E-07  1.67960E-07  
400920    1.86716E-07  2.33194E-07  2.79539E-07  
400930    1.93167E-07  2.41408E-07  2.89537E-07  
400940    2.00831E-07  2.50803E-07  3.00677E-07  
400950    1.08603E-07  1.18749E-07  1.25781E-07  
400960    2.01742E-07  2.52008E-07  3.02202E-07  
400970    1.45486E-09  1.45363E-09  1.45243E-09  
400980    6.94213E-13  6.94023E-13  6.93836E-13  
400990    4.82147E-14  4.81817E-14  4.81493E-14  
401000    1.61978E-13  1.61861E-13  1.61746E-13  
401010    2.98430E-14  2.97988E-14  2.97554E-14  
401020    2.55716E-14  2.55094E-14  2.54483E-14  
401030    3.32431E-15  3.31376E-15  3.30341E-15  
401040    6.76392E-16  6.74868E-16  6.73377E-16  
401050    2.90688E-16  2.89176E-16  2.87692E-16  
401060    5.32527E-20  5.41436E-20  5.50209E-20  
401070    9.71385E-22  1.01360E-21  1.05507E-21  
401080    2.01831E-23  2.09004E-23  2.16057E-23  
401090    1.74170E-22  1.73181E-22  1.72210E-22  
401100    3.40540E-24  3.38582E-24  3.36659E-24  
401110    6.42254E-16  8.03250E-16  9.63758E-16  
401120    2.00385E-19  2.50605E-19  3.00671E-19  
401130    1.48329E-20  1.85511E-20  2.22581E-20  
401140    7.28480E-22  9.11092E-22  1.09315E-21  
410890    0.00000E+00  0.00000E+00  0.00000E+00  
410900    0.00000E+00  0.00000E+00  0.00000E+00  
410910    2.74443E-20  4.30328E-20  6.19945E-20  
410911    0.00000E+00  0.00000E+00  0.00000E+00  
410920    3.09337E-18  4.63260E-18  6.46793E-18  
410930    7.23378E-16  1.12873E-15  1.63780E-15  
410931    1.53412E-14  2.39592E-14  3.44664E-14  
410940    1.32634E-14  1.84425E-14  2.43238E-14  
410941    3.56929E-19  4.08853E-19  4.59826E-19  
410950    4.36843E-08  5.27259E-08  5.96132E-08  
410951    6.49322E-11  7.14894E-11  7.60367E-11  
410960    2.77773E-13  2.99983E-13  3.17969E-13  
410970    1.04623E-10  1.04541E-10  1.04460E-10  
410971    1.34680E-12  1.34567E-12  1.34457E-12  
410980    6.59429E-14  6.59261E-14  6.59096E-14  
410981    4.55646E-13  4.55977E-13  4.56302E-13  
410990    2.24772E-13  2.24637E-13  2.24504E-13  
410991    1.48402E-12  1.48464E-12  1.48525E-12  
411000    3.61396E-14  3.61282E-14  3.61169E-14  
411001    3.82491E-15  3.85150E-15  3.87760E-15  
411010    1.46246E-13  1.46331E-13  1.46414E-13  
411020    5.20714E-14  5.20429E-14  5.20149E-14  
411021    4.27936E-15  4.29864E-15  4.31757E-15  
411030    1.32132E-14  1.32376E-14  1.32615E-14  
411040    9.91687E-15  9.93550E-15  9.95383E-15  
411041    1.37262E-15  1.37739E-15  1.38208E-15  
411050    4.35598E-15  4.36658E-15  4.37702E-15  
411060    1.90483E-16  1.90445E-16  1.90411E-16  
411070    1.33018E-17  1.33166E-17  1.33312E-17  
411080    8.86608E-19  8.87542E-19  8.88474E-19  
411090    4.13245E-19  4.11048E-19  4.08891E-19  
411100    1.42586E-20  1.41885E-20  1.41198E-20  
411110    5.73857E-21  5.72074E-21  5.70332E-21  
411120    3.14817E-23  3.13825E-23  3.12856E-23  
411130    1.09035E-24  1.08697E-24  1.08367E-24  
411140    1.29460E-17  1.61936E-17  1.94322E-17  
411150    1.48045E-20  1.85156E-20  2.22156E-20  
411160    8.68273E-22  1.08593E-21  1.30292E-21  
420910    0.00000E+00  0.00000E+00  0.00000E+00  
420920    0.00000E+00  0.00000E+00  0.00000E+00  
420930    1.15377E-20  2.43116E-20  4.29356E-20  
420931    1.20548E-23  1.50220E-23  1.79349E-23  
420940    4.68888E-16  9.53113E-16  1.67913E-15  
420950    5.17907E-08  8.34346E-08  1.20265E-07  
420960    2.66065E-11  3.98378E-11  5.68069E-11  
420970    1.89506E-07  2.37196E-07  2.84849E-07  
420980    1.83114E-07  2.28886E-07  2.74649E-07  
420990    5.89867E-09  5.89752E-09  5.89640E-09  
421000    2.02305E-07  2.52919E-07  3.03540E-07  
421010    1.86777E-11  1.86873E-11  1.86966E-11  
421020    1.22063E-11  1.22274E-11  1.22482E-11  
421030    8.84292E-13  8.89293E-13  8.94203E-13  
421040    4.99427E-13  5.03890E-13  5.08274E-13  
421050    1.68437E-13  1.70638E-13  1.72800E-13  
421060    1.89845E-14  1.93035E-14  1.96168E-14  
421070    2.94880E-15  2.97990E-15  3.01047E-15  
421080    2.80766E-16  2.84599E-16  2.88364E-16  
421090    5.32387E-17  5.30572E-17  5.28795E-17  
421100    8.84580E-18  8.80680E-18  8.76858E-18  
421110    9.96113E-19  9.92576E-19  9.89116E-19  
421120    1.64887E-19  1.64348E-19  1.63823E-19  
421130    4.08059E-21  4.06785E-21  4.05540E-21  
421140    1.63734E-22  1.64154E-22  1.64568E-22  
421150    4.24509E-24  4.23224E-24  4.21971E-24  
421160    2.30392E-17  2.88158E-17  3.45754E-17  
421170    4.85787E-20  6.07532E-20  7.28903E-20  
421180    7.93742E-21  9.92713E-21  1.19108E-20  
430950    0.00000E+00  0.00000E+00  0.00000E+00  
430951    0.00000E+00  0.00000E+00  0.00000E+00  
430970    3.93206E-18  6.34273E-18  9.32031E-18  
430971    1.18344E-18  1.67358E-18  2.20438E-18  
430980    2.78888E-14  3.51979E-14  4.26438E-14  
430990    1.89578E-07  2.38542E-07  2.87489E-07  
430991    4.71966E-10  4.71875E-10  4.71785E-10  
431000    2.60063E-16  3.26136E-16  3.91801E-16  
431010    1.81550E-11  1.81645E-11  1.81738E-11  
431020    9.52617E-14  9.54291E-14  9.55933E-14  
431021    1.00773E-14  1.02089E-14  1.03382E-14  
431030    7.27903E-13  7.32112E-13  7.36245E-13  
431040    9.57485E-12  9.66689E-12  9.75727E-12  
431050    2.31115E-12  2.35419E-12  2.39645E-12  
431060    8.67829E-14  8.94345E-14  9.20383E-14  
431070    2.32972E-14  2.42891E-14  2.52632E-14  
431080    2.16403E-15  2.24763E-15  2.32974E-15  
431090    1.76378E-16  1.83115E-16  1.89731E-16  
431100    8.77333E-17  8.81100E-17  8.84807E-17  
431110    9.45233E-18  9.45099E-18  9.44976E-18  
431120    2.46834E-18  2.46240E-18  2.45661E-18  
431130    3.84381E-19  3.83237E-19  3.82119E-19  
431140    5.77165E-20  5.83786E-20  5.90294E-20  
431150    2.98142E-21  2.97492E-21  2.96860E-21  
431160    5.20195E-22  5.18860E-22  5.17559E-22  
431170    4.82635E-24  4.81141E-24  4.79682E-24  
431180    1.18436E-24  1.18070E-24  1.17713E-24  
431190    3.84422E-19  4.80802E-19  5.76895E-19  
431200    1.34511E-20  1.68230E-20  2.01846E-20  
431210    9.43376E-22  1.17986E-21  1.41562E-21  
440960    0.00000E+00  0.00000E+00  0.00000E+00  
440970    0.00000E+00  0.00000E+00  0.00000E+00  
440980    1.45482E-19  2.29586E-19  3.33082E-19  
440990    6.27263E-12  7.92892E-12  9.59931E-12  
441000    6.45792E-11  1.01983E-10  1.47792E-10  
441010    1.67801E-07  2.09834E-07  2.51888E-07  
441020    1.42042E-07  1.77750E-07  2.13525E-07  
441030    4.07156E-08  4.28825E-08  4.42083E-08  
441040    6.73639E-08  8.46565E-08  1.02114E-07  
441050    8.10637E-11  8.25886E-11  8.40858E-11  
441060    1.60821E-08  1.99188E-08  2.36810E-08  
441070    2.63472E-13  2.77977E-13  2.92220E-13  
441080    1.44387E-13  1.56187E-13  1.67774E-13  
441090    8.65876E-15  9.29082E-15  9.91146E-15  
441091    1.92703E-10  2.93931E-10  4.15672E-10  
441100    2.10956E-15  2.25249E-15  2.39284E-15  
441110    2.12419E-16  2.22815E-16  2.33024E-16  
441120    1.05901E-16  1.08857E-16  1.11760E-16  
441130    2.84270E-17  2.89355E-17  2.94349E-17  
441140    6.80116E-18  6.94944E-18  7.09507E-18  
441150    2.57185E-18  2.59052E-18  2.60890E-18  
441160    1.91331E-19  1.91540E-19  1.91749E-19  
441170    1.99672E-20  1.99278E-20  1.98895E-20  
441180    2.69402E-21  2.68619E-21  2.67853E-21  
441190    1.94317E-22  1.93725E-22  1.93147E-22  
441200    6.93665E-24  6.91483E-24  6.89351E-24  
441210    2.31029E-17  2.88942E-17  3.46680E-17  
441220    1.18958E-19  1.48777E-19  1.78506E-19  
441230    2.56992E-21  3.21413E-21  3.85639E-21  
450990    0.00000E+00  0.00000E+00  0.00000E+00  
451010    9.74270E-19  1.23042E-18  1.49220E-18  
451011    1.17344E-21  1.47666E-21  1.77434E-21  
451020    2.51729E-16  4.20338E-16  6.32890E-16  
451021    1.43150E-17  1.79081E-17  2.15051E-17  
451030    6.37345E-08  8.80540E-08  1.13342E-07  
451031    3.99469E-11  4.20750E-11  4.33769E-11  
451040    1.46185E-15  2.01343E-15  2.58385E-15  
451041    6.84206E-16  9.42360E-16  1.20933E-15  
451050    6.41804E-10  6.53918E-10  6.65812E-10  
451051    5.74991E-14  5.85807E-14  5.96427E-14  
451060    1.54226E-14  1.90200E-14  2.25475E-14  
451061    8.11099E-14  8.24210E-14  8.37007E-14  
451070    1.53309E-12  1.61912E-12  1.70360E-12  
451080    8.91401E-15  9.64721E-15  1.03671E-14  
451081    6.13917E-16  7.64566E-16  9.12460E-16  
451090    2.03282E-14  2.18550E-14  2.33543E-14  
451091    1.22140E-11  1.91347E-11  2.75506E-11  
451100    4.92467E-18  5.96342E-18  6.98321E-18  
451101    5.22683E-15  5.58725E-15  5.94115E-15  
451110    1.18068E-15  1.24470E-15  1.30758E-15  
451120    1.52453E-16  1.57476E-16  1.62407E-16  
451130    1.86752E-16  1.90676E-16  1.94529E-16  
451140    7.11000E-17  7.26541E-17  7.41801E-17  
451150    2.36997E-17  2.40040E-17  2.43030E-17  
451160    6.59146E-18  6.66570E-18  6.73865E-18  
451170    2.09614E-18  2.10115E-18  2.10610E-18  
451180    3.73262E-19  3.72728E-19  3.72210E-19  
451190    4.74537E-20  4.73335E-20  4.72163E-20  
451200    5.89751E-21  5.87681E-21  5.85656E-21  
451210    3.96091E-22  3.94872E-22  3.93682E-22  
451220    1.61306E-23  1.60806E-23  1.60318E-23  
451230    0.00000E+00  0.00000E+00  0.00000E+00  
451240    1.08843E-18  1.36114E-18  1.63300E-18  
451250    1.59675E-20  1.99702E-20  2.39607E-20  
461010    0.00000E+00  0.00000E+00  0.00000E+00  
461020    7.30317E-18  1.53649E-17  2.80563E-17  
461030    8.81698E-20  1.67133E-19  2.76641E-19  
461040    1.04913E-10  1.85498E-10  2.92175E-10  
461050    3.74938E-08  4.75306E-08  5.77525E-08  
461060    2.17943E-09  3.33679E-09  4.72973E-09  
461070    8.18582E-09  1.05735E-08  1.30902E-08  
461071    2.81872E-20  3.64854E-20  4.51922E-20  
461080    3.47169E-09  4.56537E-09  5.74521E-09  
461090    1.25192E-11  1.34642E-11  1.43925E-11  
461091    1.33662E-18  1.75178E-18  2.19735E-18  
461100    1.24557E-09  1.62322E-09  2.02623E-09  
461110    1.50727E-13  1.58900E-13  1.66926E-13  
461111    3.79605E-16  3.85171E-16  3.90738E-16  
461120    5.52549E-12  5.70662E-12  5.88448E-12  
461130    6.61373E-15  6.74245E-15  6.86884E-15  
461140    8.03544E-15  8.18120E-15  8.32432E-15  
461150    1.34231E-15  1.35740E-15  1.37222E-15  
461160    4.93168E-16  5.01522E-16  5.09724E-16  
461170    1.93064E-16  1.94238E-16  1.95390E-16  
461180    3.97013E-17  3.98729E-17  4.00417E-17  
461190    5.93469E-18  5.94501E-18  5.95522E-18  
461200    6.10226E-18  6.07243E-18  6.04316E-18  
461210    1.89653E-19  1.89082E-19  1.88524E-19  
461220    2.06631E-20  2.05968E-20  2.05321E-20  
461230    3.50891E-21  3.49726E-21  3.48588E-21  
461240    7.76623E-23  7.73182E-23  7.69810E-23  
461250    1.98335E-23  1.97721E-23  1.97121E-23  
461260    0.00000E+00  0.00000E+00  0.00000E+00  
461270    0.00000E+00  0.00000E+00  0.00000E+00  
461280    3.99800E-20  4.98270E-20  5.96179E-20  
461290    0.00000E+00  0.00000E+00  0.00000E+00  
461300    2.02585E-18  2.52481E-18  3.02093E-18  
461310    0.00000E+00  0.00000E+00  0.00000E+00  
471050    0.00000E+00  0.00000E+00  0.00000E+00  
471051    0.00000E+00  0.00000E+00  0.00000E+00  
471060    0.00000E+00  0.00000E+00  0.00000E+00  
471061    4.50862E-22  5.73210E-22  6.93380E-22  
471070    1.50776E-16  2.41154E-16  3.55173E-16  
471071    3.21608E-24  4.00520E-24  4.77987E-24  
471080    6.06448E-22  7.76839E-22  9.53435E-22  
471081    6.97467E-18  1.09375E-17  1.57580E-17  
471090    1.67530E-09  2.19334E-09  2.74842E-09  
471091    1.00461E-14  1.08045E-14  1.15494E-14  
471100    1.68056E-17  2.19350E-17  2.74037E-17  
471101    1.07953E-13  1.70083E-13  2.46350E-13  
471110    6.73304E-11  7.10763E-11  7.47503E-11  
471111    6.90793E-15  7.28252E-15  7.65034E-15  
471120    8.22270E-13  8.49232E-13  8.75707E-13  
471130    9.00878E-13  9.18413E-13  9.35631E-13  
471131    4.67928E-15  4.77032E-15  4.85972E-15  
471140    2.70391E-16  2.74932E-16  2.79392E-16  
471150    6.66862E-14  6.74200E-14  6.81406E-14  
471151    9.33812E-17  9.31210E-17  9.28653E-17  
471160    1.42527E-14  1.44164E-14  1.45771E-14  
471161    6.50136E-17  6.62934E-17  6.75496E-17  
471170    3.79598E-15  3.82864E-15  3.86070E-15  
471171    3.64937E-17  3.73781E-17  3.82463E-17  
471180    1.47312E-16  1.48335E-16  1.49339E-16  
471181    3.21838E-17  3.24911E-17  3.27928E-17  
471190    8.23226E-17  8.26262E-17  8.29244E-17  
471200    2.27518E-17  2.27494E-17  2.27472E-17  
471201    1.46987E-18  1.48335E-18  1.49661E-18  
471210    1.15537E-17  1.15377E-17  1.15221E-17  
471220    1.37865E-18  1.37525E-18  1.37191E-18  
471221    4.97631E-19  4.96419E-19  4.95232E-19  
471230    6.23686E-19  6.21237E-19  6.18837E-19  
471240    3.97399E-19  3.95221E-19  3.93082E-19  
471250    6.99004E-21  6.96839E-21  6.94725E-21  
471260    0.00000E+00  0.00000E+00  0.00000E+00  
471270    0.00000E+00  0.00000E+00  0.00000E+00  
471280    0.00000E+00  0.00000E+00  0.00000E+00  
471290    0.00000E+00  0.00000E+00  0.00000E+00  
471300    1.24419E-21  1.23703E-21  1.23000E-21  
471310    4.75767E-15  5.92953E-15  7.09472E-15  
471320    1.29529E-17  1.61999E-17  1.94371E-17  
471330    6.52252E-19  8.15756E-19  9.78763E-19  
481060    0.00000E+00  0.00000E+00  0.00000E+00  
481070    0.00000E+00  0.00000E+00  0.00000E+00  
481080    1.57447E-17  2.50117E-17  3.66055E-17  
481090    7.24596E-21  1.39037E-20  2.35418E-20  
481100    2.51403E-12  4.07261E-12  6.06111E-12  
481110    6.83593E-10  8.97346E-10  1.12255E-09  
481111    1.07558E-21  1.73730E-21  2.57802E-21  
481120    5.30478E-10  6.76844E-10  8.27901E-10  
481130    3.48807E-10  4.02346E-10  4.47546E-10  
481131    6.05462E-12  7.63773E-12  9.24501E-12  
481140    6.29101E-10  8.32545E-10  1.04894E-09  
481150    1.08550E-11  1.09640E-11  1.10711E-11  
481151    1.06191E-11  1.13581E-11  1.18545E-11  
481160    4.86419E-10  6.12023E-10  7.39106E-10  
481170    4.45298E-13  4.49858E-13  4.54334E-13  
481171    1.31540E-13  1.33073E-13  1.34577E-13  
481180    1.67453E-13  1.68684E-13  1.69893E-13  
481190    6.22607E-15  6.26055E-15  6.29440E-15  
481191    2.63081E-15  2.65085E-15  2.67053E-15  
481200    2.86380E-15  2.87851E-15  2.89296E-15  
481210    3.99829E-16  4.01659E-16  4.03457E-16  
481211    1.49790E-16  1.51048E-16  1.52283E-16  
481220    3.01416E-16  3.01773E-16  3.02124E-16  
481230    9.86500E-17  9.83537E-17  9.80629E-17  
481240    6.58775E-17  6.55226E-17  6.51742E-17  
481250    1.57191E-17  1.56338E-17  1.55501E-17  
481260    1.56464E-17  1.55566E-17  1.54685E-17  
481270    1.13100E-17  1.12450E-17  1.11811E-17  
481280    3.72553E-18  3.70408E-18  3.68303E-18  
481290    3.83463E-21  3.82147E-21  3.80859E-21  
481300    5.31463E-17  5.28403E-17  5.25398E-17  
481310    3.50064E-18  3.48047E-18  3.46065E-18  
481320    4.24729E-21  4.23532E-21  4.22364E-21  
481330    1.61004E-14  2.01360E-14  2.41595E-14  
481340    1.79717E-16  2.24757E-16  2.69660E-16  
481350    1.67795E-18  2.09857E-18  2.51791E-18  
481360    6.36328E-21  7.95840E-21  9.54867E-21  
491090    0.00000E+00  0.00000E+00  0.00000E+00  
491110    0.00000E+00  0.00000E+00  0.00000E+00  
491120    0.00000E+00  0.00000E+00  0.00000E+00  
491121    0.00000E+00  0.00000E+00  0.00000E+00  
491130    5.28992E-14  8.32307E-14  1.20629E-13  
491131    0.00000E+00  0.00000E+00  0.00000E+00  
491140    2.73967E-22  4.34389E-22  6.36561E-22  
491141    4.96729E-18  8.94150E-18  1.43084E-17  
491150    4.15104E-10  5.25927E-10  6.37867E-10  
491151    9.10779E-13  9.19933E-13  9.28922E-13  
491160    1.47443E-18  1.86228E-18  2.25180E-18  
491161    5.60466E-16  7.07965E-16  8.56102E-16  
491170    9.43689E-14  9.53751E-14  9.63631E-14  
491171    3.18192E-13  3.21452E-13  3.24653E-13  
491180    2.77544E-16  2.79589E-16  2.81597E-16  
491181    1.06560E-18  1.11483E-18  1.16316E-18  
491190    3.88952E-15  3.91631E-15  3.94262E-15  
491191    3.77288E-14  3.79408E-14  3.81491E-14  
491200    1.76360E-16  1.77308E-16  1.78238E-16  
491201    4.09216E-17  4.17553E-17  4.25736E-17  
491210    8.82449E-16  8.90545E-16  8.98494E-16  
491211    4.98574E-15  5.01667E-15  5.04706E-15  
491220    9.23853E-17  9.26910E-17  9.29912E-17  
491221    4.19000E-17  4.32980E-17  4.46705E-17  
491230    2.04708E-16  2.06406E-16  2.08073E-16  
491231    1.62274E-15  1.62236E-15  1.62199E-15  
491240    1.97029E-16  1.97147E-16  1.97262E-16  
491241    3.86588E-17  3.98489E-17  4.10174E-17  
491250    7.84263E-17  7.88753E-17  7.93162E-17  
491251    4.28792E-16  4.30987E-16  4.33141E-16  
491260    6.46028E-17  6.47359E-17  6.48667E-17  
491261    1.94221E-17  1.98506E-17  2.02713E-17  
491270    2.12235E-16  2.11601E-16  2.10978E-16  
491271    1.23703E-16  1.24974E-16  1.26222E-16  
491280    6.27320E-17  6.30188E-17  6.33005E-17  
491281    4.42846E-17  4.45851E-17  4.48801E-17  
491290    7.29267E-17  7.26003E-17  7.22800E-17  
491291    1.36935E-16  1.36335E-16  1.35747E-16  
491300    9.72316E-17  9.67457E-17  9.62686E-17  
491301    1.00979E-17  1.01776E-17  1.02558E-17  
491310    1.14059E-17  1.13678E-17  1.13304E-17  
491311    8.52381E-18  8.50926E-18  8.49498E-18  
491320    8.05487E-18  8.02403E-18  7.99379E-18  
491330    3.98977E-19  3.97595E-19  3.96242E-19  
491340    1.03283E-12  1.29138E-12  1.54911E-12  
491350    3.80752E-22  3.79580E-22  3.78436E-22  
491360    5.14841E-16  6.43879E-16  7.72525E-16  
491370    1.13049E-17  1.41107E-17  1.69037E-17  
491380    1.57286E-19  1.96713E-19  2.36021E-19  
501110    0.00000E+00  0.00000E+00  0.00000E+00  
501120    7.12925E-23  1.38552E-22  2.39252E-22  
501130    2.98904E-24  6.33202E-24  9.97411E-24  
501131    0.00000E+00  0.00000E+00  0.00000E+00  
501140    1.05890E-17  2.04050E-17  3.52244E-17  
501150    2.11876E-11  2.67742E-11  3.24151E-11  
501160    1.05580E-12  1.67884E-12  2.44710E-12  
501170    4.65649E-10  5.85716E-10  7.07027E-10  
501171    1.48740E-13  1.50534E-13  1.52158E-13  
501180    4.30410E-10  5.40325E-10  6.51043E-10  
501190    4.56395E-10  5.73109E-10  6.90742E-10  
501191    1.33904E-11  1.62038E-11  1.88321E-11  
501200    4.52908E-10  5.67969E-10  6.83674E-10  
501210    5.48520E-12  5.52845E-12  5.57093E-12  
501211    3.44358E-11  4.32742E-11  5.21970E-11  
501220    5.24605E-10  6.58179E-10  7.92625E-10  
501230    2.63891E-11  3.14356E-11  3.60404E-11  
501231    1.63183E-13  1.64003E-13  1.64808E-13  
501240    9.12841E-10  1.14654E-09  1.38230E-09  
501250    3.66307E-11  3.74708E-11  3.82928E-11  
501251    5.92514E-14  5.95815E-14  5.99056E-14  
501260    1.83464E-09  2.30839E-09  2.78790E-09  
501270    2.99098E-12  3.02429E-12  3.05698E-12  
501271    5.92579E-14  5.98433E-14  6.04180E-14  
501280    4.80790E-12  4.82785E-12  4.84744E-12  
501281    4.30091E-15  4.31901E-15  4.33677E-15  
501290    1.71978E-13  1.73075E-13  1.74151E-13  
501291    3.40431E-13  3.41119E-13  3.41794E-13  
501300    5.58125E-13  5.57331E-13  5.56551E-13  
501301    2.42622E-13  2.42345E-13  2.42074E-13  
501310    1.12594E-13  1.12364E-13  1.12139E-13  
501311    1.13694E-13  1.13465E-13  1.13240E-13  
501320    1.08891E-13  1.08729E-13  1.08571E-13  
501330    9.91596E-16  9.87591E-16  9.83661E-16  
501340    1.15712E-16  1.15254E-16  1.14806E-16  
501350    5.46497E-11  6.82824E-11  8.18674E-11  
501360    9.99016E-20  9.95635E-20  9.92329E-20  
501370    6.74473E-13  8.41122E-13  1.00690E-12  
501380    4.27109E-15  5.34135E-15  6.40832E-15  
501390    3.18965E-17  3.98874E-17  4.78533E-17  
501400    1.64067E-18  2.05194E-18  2.46197E-18  
501410    4.88795E-19  6.11324E-19  7.33481E-19  
511150    0.00000E+00  0.00000E+00  0.00000E+00  
511170    0.00000E+00  0.00000E+00  0.00000E+00  
511180    0.00000E+00  0.00000E+00  0.00000E+00  
511181    4.71608E-24  5.87507E-24  7.01288E-24  
511190    1.22797E-20  1.48373E-20  1.73482E-20  
511200    2.25832E-21  2.73642E-21  3.20852E-21  
511201    1.23336E-18  1.49241E-18  1.74675E-18  
511210    4.31642E-10  5.43269E-10  6.55762E-10  
511220    4.89821E-15  6.08452E-15  7.26929E-15  
511221    9.11197E-19  1.08787E-18  1.26267E-18  
511230    5.39490E-10  6.78978E-10  8.20005E-10  
511240    1.73417E-13  2.00241E-13  2.24149E-13  
511241    8.12425E-19  8.81662E-19  9.49800E-19  
511250    1.06015E-09  1.32645E-09  1.58986E-09  
511260    3.20464E-12  3.22357E-12  3.24096E-12  
511261    3.81753E-15  3.82732E-15  3.83692E-15  
511270    2.20245E-10  2.22648E-10  2.25007E-10  
511280    3.09023E-12  3.13312E-12  3.17523E-12  
511281    8.64598E-13  8.68781E-13  8.72887E-13  
511290    3.71884E-11  3.74484E-11  3.77036E-11  
511291    4.95001E-14  4.96001E-14  4.96983E-14  
511300    6.92583E-12  6.93853E-12  6.95100E-12  
511301    1.60235E-12  1.60265E-12  1.60295E-12  
511310    1.45277E-11  1.45219E-11  1.45161E-11  
511320    1.35895E-12  1.35994E-12  1.36091E-12  
511321    8.79866E-13  8.77891E-13  8.75953E-13  
511330    1.49333E-12  1.48899E-12  1.48474E-12  
511340    1.36884E-15  1.36508E-15  1.36139E-15  
511341    1.67510E-14  1.67061E-14  1.66620E-14  
511350    1.33189E-15  1.32772E-15  1.32364E-15  
511360    9.27868E-17  9.24515E-17  9.21231E-17  
511370    1.29130E-16  1.28399E-16  1.27681E-16  
511380    1.88500E-19  1.87874E-19  1.87262E-19  
511390    6.34697E-13  7.93636E-13  9.52072E-13  
511400    3.34332E-14  4.17959E-14  5.01307E-14  
511410    9.42023E-15  1.17816E-14  1.41359E-14  
511420    7.12292E-18  8.90616E-18  1.06836E-17  
511430    6.59434E-19  8.24738E-19  9.89540E-19  
521180    0.00000E+00  0.00000E+00  0.00000E+00  
521190    0.00000E+00  0.00000E+00  0.00000E+00  
521200    8.45361E-22  1.32592E-21  1.91052E-21  
521210    2.44763E-20  3.33013E-20  4.24993E-20  
521211    5.18697E-20  7.79430E-20  1.07706E-19  
521220    8.24013E-14  1.27341E-13  1.81982E-13  
521230    1.99100E-16  3.28777E-16  4.97671E-16  
521231    2.93595E-16  4.23592E-16  5.67760E-16  
521240    1.75141E-13  2.53210E-13  3.41229E-13  
521250    4.03583E-11  6.45126E-11  9.44958E-11  
521251    6.89760E-12  9.82827E-12  1.29404E-11  
521260    4.27708E-11  5.43637E-11  6.60048E-11  
521270    2.04984E-11  2.09996E-11  2.14446E-11  
521271    5.43149E-10  6.28294E-10  6.98480E-10  
521280    1.11740E-08  1.40139E-08  1.68703E-08  
521290    9.27290E-12  9.36992E-12  9.44989E-12  
521291    1.05374E-09  1.09655E-09  1.12176E-09  
521300    5.81839E-08  7.27880E-08  8.74108E-08  
521310    1.60147E-11  1.60249E-11  1.60350E-11  
521311    1.92671E-10  1.94233E-10  1.95767E-10  
521320    4.90321E-09  4.90662E-09  4.90997E-09  
521330    1.13343E-11  1.13241E-11  1.13141E-11  
521331    4.52010E-11  4.51685E-11  4.51366E-11  
521340    7.00166E-11  6.98832E-11  6.97522E-11  
521350    2.64762E-13  2.64223E-13  2.63693E-13  
521360    1.02646E-13  1.02287E-13  1.01935E-13  
521370    4.61659E-15  4.59944E-15  4.58260E-15  
521380    5.33949E-16  5.31722E-16  5.29538E-16  
521390    1.87459E-17  1.86708E-17  1.85973E-17  
521400    2.05709E-17  2.04568E-17  2.03448E-17  
521410    3.09450E-19  3.08469E-19  3.07510E-19  
521420    6.01196E-21  5.99164E-21  5.97176E-21  
521430    1.61561E-14  2.02060E-14  2.42437E-14  
521440    1.24986E-17  1.56299E-17  1.87528E-17  
521450    1.14767E-18  1.43537E-18  1.72219E-18  
521460    8.24610E-20  1.03132E-19  1.23740E-19  
531210    0.00000E+00  0.00000E+00  0.00000E+00  
531230    4.72266E-22  5.88857E-22  7.03313E-22  
531250    1.72544E-20  2.25282E-20  2.77885E-20  
531260    7.85152E-18  1.01361E-17  1.24877E-17  
531270    4.31385E-09  5.53351E-09  6.78119E-09  
531280    2.65472E-16  3.37440E-16  4.10553E-16  
531290    1.74294E-08  2.21027E-08  2.68253E-08  
531300    9.86683E-14  1.15047E-13  1.31412E-13  
531301    5.58186E-16  6.68835E-16  7.79669E-16  
531310    8.22838E-09  8.24065E-09  8.25238E-09  
531320    1.47085E-10  1.47227E-10  1.47366E-10  
531321    2.39390E-13  2.52377E-13  2.65126E-13  
531330    2.03832E-09  2.03817E-09  2.03803E-09  
531331    1.56317E-14  1.57115E-14  1.57898E-14  
531340    9.92849E-11  9.92299E-11  9.91758E-11  
531341    3.25053E-13  3.28626E-13  3.32133E-13  
531350    6.04689E-10  6.04642E-10  6.04597E-10  
531360    9.29525E-13  9.27584E-13  9.25680E-13  
531361    2.41049E-13  2.41363E-13  2.41671E-13  
531370    3.09761E-13  3.09338E-13  3.08923E-13  
531380    4.07286E-14  4.06810E-14  4.06342E-14  
531390    7.88133E-15  7.85480E-15  7.82877E-15  
531400    6.80332E-16  6.78006E-16  6.75725E-16  
531410    9.22084E-17  9.18129E-17  9.14250E-17  
531420    7.14557E-18  7.12220E-18  7.09929E-18  
531430    5.52306E-19  5.50613E-19  5.48960E-19  
531440    5.88550E-21  5.86676E-21  5.84843E-21  
531450    3.57515E-22  3.56415E-22  3.55341E-22  
531460    1.46720E-15  1.83499E-15  2.20166E-15  
531470    1.88510E-18  2.35495E-18  2.82298E-18  
531480    1.29529E-19  1.61999E-19  1.94370E-19  
541230    0.00000E+00  0.00000E+00  0.00000E+00  
541240    0.00000E+00  0.00000E+00  0.00000E+00  
541250    0.00000E+00  0.00000E+00  0.00000E+00  
541251    0.00000E+00  0.00000E+00  0.00000E+00  
541260    1.20909E-17  1.96032E-17  2.90567E-17  
541270    1.40690E-21  2.52365E-21  4.02814E-21  
541271    0.00000E+00  0.00000E+00  0.00000E+00  
541280    6.22106E-13  9.91206E-13  1.44918E-12  
541290    1.55424E-16  2.54702E-16  3.83166E-16  
541291    3.06253E-19  5.06273E-19  7.57968E-19  
541300    1.25503E-11  1.76549E-11  2.35521E-11  
541310    8.47664E-08  1.08147E-07  1.31545E-07  
541311    1.31323E-10  1.31689E-10  1.31906E-10  
541320    1.35295E-07  1.70526E-07  2.05808E-07  
541330    1.23268E-08  1.23265E-08  1.23262E-08  
541331    1.48472E-10  1.48591E-10  1.48708E-10  
541340    2.50156E-07  3.12699E-07  3.75220E-07  
541341    4.13420E-17  4.23492E-17  4.33379E-17  
541350    7.25029E-10  7.25823E-10  7.26601E-10  
541351    4.54546E-12  4.55620E-12  4.56674E-12  
541360    2.31640E-07  2.89638E-07  3.47638E-07  
541370    5.55553E-12  5.55372E-12  5.55194E-12  
541380    2.11113E-11  2.10862E-11  2.10617E-11  
541390    8.05262E-13  8.03391E-13  8.01555E-13  
541400    2.02853E-13  2.02193E-13  2.01546E-13  
541410    9.48342E-15  9.45017E-15  9.41754E-15  
541420    2.48062E-15  2.47132E-15  2.46219E-15  
541430    4.54201E-17  4.52380E-17  4.50594E-17  
541431    1.19918E-09  1.49695E-09  1.79355E-09  
541440    5.99575E-17  5.97207E-17  5.94888E-17  
541450    6.38898E-19  6.37014E-19  6.35174E-19  
541460    9.75092E-20  9.71803E-20  9.68588E-20  
541470    1.06170E-21  1.05664E-21  1.05167E-21  
541480    3.46927E-15  4.33879E-15  5.20566E-15  
541490    4.45372E-18  5.56892E-18  6.68055E-18  
541500    5.45694E-19  6.82486E-19  8.18863E-19  
541510    8.52150E-20  1.06576E-19  1.27873E-19  
551270    0.00000E+00  0.00000E+00  0.00000E+00  
551290    0.00000E+00  0.00000E+00  0.00000E+00  
551310    4.68880E-19  6.07812E-19  7.41895E-19  
551320    3.13756E-16  3.58004E-16  4.02075E-16  
551330    2.00150E-07  2.53819E-07  3.07475E-07  
551340    8.20149E-11  1.29951E-10  1.88143E-10  
551341    2.25086E-14  2.84180E-14  3.42906E-14  
551350    1.72466E-07  2.15995E-07  2.59570E-07  
551351    4.65483E-15  5.06112E-15  5.46000E-15  
551360    2.85263E-11  3.15288E-11  3.44854E-11  
551361    2.79835E-16  2.98588E-16  3.17003E-16  
551370    1.92604E-07  2.40544E-07  2.88392E-07  
551380    5.34334E-11  5.33891E-11  5.33455E-11  
551381    1.55900E-13  1.57241E-13  1.58557E-13  
551390    1.41590E-11  1.41442E-11  1.41298E-11  
551400    1.46884E-12  1.46593E-12  1.46307E-12  
551410    4.24216E-13  4.23647E-13  4.23088E-13  
551420    1.88484E-14  1.87998E-14  1.87521E-14  
551430    1.07918E-14  1.07591E-14  1.07270E-14  
551440    2.03245E-15  2.02532E-15  2.01833E-15  
551450    2.47582E-16  2.46724E-16  2.45883E-16  
551460    1.83393E-17  1.82726E-17  1.82073E-17  
551470    2.72130E-18  2.70791E-18  2.69477E-18  
551480    9.33048E-20  9.30015E-20  9.27052E-20  
551490    5.78556E-22  5.76595E-22  5.74679E-22  
551500    5.81727E-23  5.79923E-23  5.78161E-23  
551510    1.04406E-23  1.04083E-23  1.03767E-23  
551520    1.07133E-18  1.33987E-18  1.60759E-18  
551530    5.73079E-20  7.16735E-20  8.59956E-20  
551540    0.00000E+00  0.00000E+00  0.00000E+00  
561300    0.00000E+00  0.00000E+00  0.00000E+00  
561310    0.00000E+00  0.00000E+00  0.00000E+00  
561320    5.71400E-17  7.92844E-17  1.04342E-16  
561330    4.61302E-19  7.19561E-19  1.03847E-18  
561340    3.15635E-12  6.34228E-12  1.11376E-11  
561350    1.56638E-14  2.38794E-14  3.38274E-14  
561351    6.84263E-17  8.17974E-17  9.49988E-17  
561360    1.90027E-10  2.57329E-10  3.30790E-10  
561361    8.66152E-19  9.57934E-19  1.04830E-18  
561370    8.10186E-10  1.26349E-09  1.81673E-09  
561371    2.95567E-14  3.68940E-14  4.42170E-14  
561380    2.11990E-07  2.64925E-07  3.17823E-07  
561390    1.28247E-10  1.28131E-10  1.28018E-10  
561400    2.75262E-08  2.75181E-08  2.74947E-08  
561410    2.57434E-11  2.57212E-11  2.56994E-11  
561420    1.45487E-11  1.45300E-11  1.45117E-11  
561430    3.17763E-13  3.17086E-13  3.16421E-13  
561440    2.02517E-13  2.01954E-13  2.01402E-13  
561450    3.45744E-14  3.44605E-14  3.43487E-14  
561460    8.79305E-15  8.75680E-15  8.72122E-15  
561470    1.00255E-15  9.97928E-16  9.93397E-16  
561480    8.78037E-17  8.74309E-17  8.70656E-17  
561490    5.24022E-18  5.22206E-18  5.20428E-18  
561500    4.48266E-19  4.46805E-19  4.45377E-19  
561510    6.09071E-20  6.07202E-20  6.05377E-20  
561520    8.34678E-22  8.32086E-22  8.29555E-22  
561530    2.82317E-23  2.81445E-23  2.80592E-23  
561540    1.34252E-17  1.67906E-17  2.01457E-17  
561550    7.46949E-20  9.34191E-20  1.12086E-19  
561560    4.80655E-21  6.01143E-21  7.21266E-21  
571330    0.00000E+00  0.00000E+00  0.00000E+00  
571350    2.31019E-21  2.88241E-21  3.44415E-21  
571370    1.15362E-15  1.74241E-15  2.44733E-15  
571380    9.70269E-13  1.21613E-12  1.46328E-12  
571390    2.03193E-07  2.53924E-07  3.04609E-07  
571400    3.62596E-09  3.62545E-09  3.62260E-09  
571410    3.32469E-10  3.32199E-10  3.31933E-10  
571420    1.27154E-10  1.27017E-10  1.26882E-10  
571430    1.99483E-11  1.99162E-11  1.98846E-11  
571440    8.88240E-13  8.86425E-13  8.84643E-13  
571450    3.84237E-13  3.83433E-13  3.82644E-13  
571460    4.35576E-14  4.34285E-14  4.33017E-14  
571461    2.98615E-14  2.98188E-14  2.97769E-14  
571470    1.59667E-14  1.59374E-14  1.59086E-14  
571480    2.10595E-15  2.09815E-15  2.09049E-15  
571490    5.00148E-16  4.98573E-16  4.97030E-16  
571500    7.93720E-17  7.91326E-17  7.88983E-17  
571510    1.13924E-17  1.13571E-17  1.13226E-17  
571520    7.08888E-19  7.06723E-19  7.04608E-19  
571530    5.52618E-20  5.50921E-20  5.49264E-20  
571540    1.56347E-21  1.55869E-21  1.55402E-21  
571550    3.36949E-23  3.35912E-23  3.34900E-23  
571560    8.53796E-17  1.06783E-16  1.28121E-16  
571570    1.69090E-19  2.11476E-19  2.53734E-19  
571580    3.54427E-21  4.43273E-21  5.31850E-21  
571590    1.92202E-22  2.40382E-22  2.88416E-22  
581350    0.00000E+00  0.00000E+00  0.00000E+00  
581360    0.00000E+00  0.00000E+00  0.00000E+00  
581370    2.46751E-22  3.07559E-22  3.67252E-22  
581371    0.00000E+00  0.00000E+00  0.00000E+00  
581380    1.73653E-17  2.28293E-17  2.87195E-17  
581390    9.34985E-16  1.44859E-15  2.04534E-15  
581391    1.27556E-21  1.55231E-21  1.82399E-21  
581400    1.66742E-07  2.16124E-07  2.65478E-07  
581410    6.21323E-08  6.41052E-08  6.50557E-08  
581420    1.83797E-07  2.29672E-07  2.75500E-07  
581430    2.79879E-09  2.79431E-09  2.78991E-09  
581440    1.48393E-07  1.78439E-07  2.06088E-07  
581450    2.86348E-12  2.85904E-12  2.85469E-12  
581460    9.91405E-12  9.90141E-12  9.88899E-12  
581470    4.41506E-13  4.41323E-13  4.41142E-13  
581480    3.66295E-13  3.65479E-13  3.64679E-13  
581490    1.76389E-14  1.76109E-14  1.75834E-14  
581500    7.13716E-15  7.12323E-15  7.10956E-15  
581510    8.77954E-16  8.75873E-16  8.73833E-16  
581520    1.72938E-16  1.72469E-16  1.72010E-16  
581530    1.95201E-17  1.94653E-17  1.94117E-17  
581540    1.76446E-18  1.75971E-18  1.75508E-18  
581550    1.00455E-19  1.00167E-19  9.98864E-20  
581560    4.91197E-21  4.89753E-21  4.88343E-21  
581570    1.28237E-22  1.27849E-22  1.27469E-22  
581580    9.41512E-17  1.17754E-16  1.41286E-16  
581590    4.70509E-18  5.88457E-18  7.06048E-18  
581600    1.14426E-20  1.43110E-20  1.71706E-20  
581610    1.53446E-22  1.91911E-22  2.30260E-22  
591390    2.05911E-22  2.78779E-22  3.52808E-22  
591400    2.50878E-20  3.40072E-20  4.30727E-20  
591410    1.23605E-07  1.68070E-07  2.13519E-07  
591420    2.26271E-13  3.07636E-13  3.90383E-13  
591421    1.01452E-15  1.37527E-15  1.74194E-15  
591430    2.75418E-08  2.75286E-08  2.74911E-08  
591440    6.25536E-12  7.52087E-12  8.68544E-12  
591441    2.69747E-14  3.20047E-14  3.66314E-14  
591450    3.41594E-10  3.41068E-10  3.40551E-10  
591460    1.77310E-11  1.77089E-11  1.76872E-11  
591470    7.38401E-12  7.37752E-12  7.37114E-12  
591480    9.22622E-13  9.21401E-13  9.20202E-13  
591481    2.09705E-14  2.16551E-14  2.23272E-14  
591490    6.10814E-13  6.10850E-13  6.10885E-13  
591500    1.66497E-14  1.66647E-14  1.66795E-14  
591510    2.81549E-14  2.81799E-14  2.82045E-14  
591520    2.13879E-15  2.14108E-15  2.14334E-15  
591530    9.42227E-16  9.42280E-16  9.42337E-16  
591540    9.90405E-17  9.90982E-17  9.91560E-17  
591550    8.49946E-18  8.49355E-18  8.48786E-18  
591560    1.05367E-18  1.05215E-18  1.05068E-18  
591570    1.05543E-19  1.05299E-19  1.05061E-19  
591580    1.52401E-21  1.51981E-21  1.51572E-21  
591590    5.54393E-23  5.52767E-23  5.51181E-23  
591600    1.08861E-16  1.36155E-16  1.63368E-16  
591610    2.95409E-18  3.69467E-18  4.43302E-18  
591620    3.15605E-21  3.94793E-21  4.73770E-21  
591630    1.20335E-22  1.50500E-22  1.80573E-22  
591640    0.00000E+00  0.00000E+00  0.00000E+00  
601400    0.00000E+00  0.00000E+00  0.00000E+00  
601410    1.61095E-21  2.12737E-21  2.66206E-21  
601420    1.01743E-11  1.78224E-11  2.78257E-11  
601430    1.55492E-07  2.01646E-07  2.47693E-07  
601440    2.55105E-08  3.88874E-08  5.46381E-08  
601450    1.25057E-07  1.56278E-07  1.87446E-07  
601460    9.67823E-08  1.20940E-07  1.45075E-07  
601470    8.69724E-09  8.69220E-09  8.68525E-09  
601480    5.44641E-08  6.80750E-08  8.16802E-08  
601490    2.82100E-11  2.82180E-11  2.82258E-11  
601500    2.22045E-08  2.77881E-08  3.33824E-08  
601510    1.35567E-12  1.35999E-12  1.36423E-12  
601520    7.93937E-13  7.97608E-13  8.01212E-13  
601530    2.15556E-14  2.16382E-14  2.17193E-14  
601540    7.76486E-15  7.81338E-15  7.86103E-15  
601550    9.07809E-16  9.13307E-16  9.18710E-16  
601560    1.73670E-16  1.74768E-16  1.75848E-16  
601570    1.14996E-17  1.15441E-17  1.15880E-17  
601580    1.36622E-18  1.36756E-18  1.36891E-18  
601590    8.73910E-20  8.73049E-20  8.72224E-20  
601600    5.46661E-21  5.45582E-21  5.44533E-21  
601610    2.05650E-22  2.05130E-22  2.04624E-22  
601620    8.38073E-17  1.04834E-16  1.25804E-16  
601630    2.94594E-18  3.68455E-18  4.42098E-18  
601640    7.32600E-20  9.16244E-20  1.09933E-19  
601650    3.47233E-22  4.34276E-22  5.21054E-22  
601660    1.34301E-23  1.72990E-23  2.11561E-23  
601670    0.00000E+00  0.00000E+00  0.00000E+00  
611430    0.00000E+00  0.00000E+00  0.00000E+00  
611440    3.35119E-22  5.11114E-22  7.16378E-22  
611450    7.31697E-18  1.20480E-17  1.78513E-17  
611460    5.81290E-16  7.88296E-16  9.94081E-16  
611470    6.10082E-08  7.73669E-08  9.33070E-08  
611480    9.51725E-12  1.22460E-11  1.48923E-11  
611481    3.19640E-11  4.47259E-11  5.75820E-11  
611490    8.66215E-10  8.66658E-10  8.67098E-10  
611500    2.81499E-14  2.83108E-14  2.84692E-14  
611510    1.85959E-10  1.86573E-10  1.87176E-10  
611520    2.88068E-13  2.89448E-13  2.90803E-13  
611521    2.02376E-15  2.12087E-15  2.21620E-15  
611530    2.27299E-13  2.28516E-13  2.29712E-13  
611540    3.37140E-14  3.39945E-14  3.42699E-14  
611541    4.01933E-15  4.15264E-15  4.28352E-15  
611550    6.70189E-15  6.79636E-15  6.88914E-15  
611560    1.83735E-15  1.87320E-15  1.90840E-15  
611570    2.59190E-16  2.64711E-16  2.70135E-16  
611580    3.26387E-17  3.31800E-17  3.37120E-17  
611590    2.35052E-18  2.38047E-18  2.40994E-18  
611600    4.11221E-19  4.14063E-19  4.16865E-19  
611610    3.59110E-20  3.60331E-20  3.61539E-20  
611620    6.07432E-22  6.07915E-22  6.08399E-22  
611630    5.12899E-23  5.11816E-23  5.10761E-23  
611640    1.43045E-16  1.78921E-16  2.14695E-16  
611650    6.68468E-18  8.36060E-18  1.00315E-17  
611660    2.74110E-19  3.42825E-19  4.11331E-19  
611670    2.24074E-20  2.80243E-20  3.36243E-20  
611680    4.52640E-23  5.66105E-23  6.79227E-23  
611690    0.00000E+00  0.00000E+00  0.00000E+00  
621440    0.00000E+00  0.00000E+00  0.00000E+00  
621450    2.27425E-20  4.74352E-20  8.43862E-20  
621460    5.59069E-17  1.13936E-16  2.02190E-16  
621470    2.64696E-09  4.29710E-09  6.33168E-09  
621480    9.53391E-11  1.63762E-10  2.51368E-10  
621490    1.78855E-08  1.95408E-08  2.06868E-08  
621500    1.69520E-08  2.42405E-08  3.20400E-08  
621510    1.30759E-08  1.61323E-08  1.90931E-08  
621520    1.00649E-08  1.28941E-08  1.58381E-08  
621530    1.22281E-10  1.23370E-10  1.24462E-10  
621540    2.71740E-09  3.41648E-09  4.12281E-09  
621550    2.25260E-13  2.28891E-13  2.32457E-13  
621560    2.84998E-12  2.92503E-12  2.99871E-12  
621570    1.86788E-14  1.93199E-14  1.99494E-14  
621580    6.13826E-15  6.35339E-15  6.56465E-15  
621590    7.21136E-17  7.50418E-17  7.79175E-17  
621600    1.86682E-17  1.94350E-17  2.01882E-17  
621610    1.88392E-18  1.95788E-18  2.03054E-18  
621620    1.41119E-19  1.46348E-19  1.51483E-19  
621630    2.29969E-20  2.32207E-20  2.34408E-20  
621640    3.28323E-21  3.28391E-21  3.28464E-21  
621650    2.67881E-22  2.67278E-22  2.66690E-22  
621660    3.30501E-16  4.13395E-16  4.96056E-16  
621670    2.49032E-17  3.11461E-17  3.73703E-17  
621680    1.20086E-18  1.50188E-18  1.80200E-18  
621690    5.09307E-20  6.36978E-20  7.64262E-20  
621700    0.00000E+00  0.00000E+00  0.00000E+00  
621710    0.00000E+00  0.00000E+00  0.00000E+00  
621720    0.00000E+00  0.00000E+00  0.00000E+00  
631470    0.00000E+00  0.00000E+00  0.00000E+00  
631490    4.26016E-22  7.98855E-22  1.30462E-21  
631510    1.75640E-11  2.70041E-11  3.82022E-11  
631520    4.90936E-13  9.39987E-13  1.58875E-12  
631521    3.33548E-15  5.12125E-15  7.23136E-15  
631530    5.51808E-09  6.95441E-09  8.40104E-09  
631540    1.92719E-11  3.01784E-11  4.34291E-11  
631541    2.30927E-16  2.89861E-16  3.48863E-16  
631550    1.18455E-09  1.46609E-09  1.74199E-09  
631560    1.26310E-10  1.34638E-10  1.42597E-10  
631570    2.14815E-12  2.22498E-12  2.30043E-12  
631580    5.58013E-14  5.79695E-14  6.00986E-14  
631590    8.21697E-15  8.64967E-15  9.07457E-15  
631600    1.04643E-16  1.11277E-16  1.17792E-16  
631610    2.26846E-17  2.45727E-17  2.64268E-17  
631620    2.07168E-18  2.28506E-18  2.49455E-18  
631630    5.19987E-19  5.53594E-19  5.86591E-19  
631640    6.04123E-20  6.17765E-20  6.31166E-20  
631650    1.61111E-20  1.62104E-20  1.63082E-20  
631660    7.96383E-22  7.95950E-22  7.95538E-22  
631670    9.68973E-23  9.66265E-23  9.63621E-23  
631680    5.09945E-16  6.37788E-16  7.65249E-16  
631690    4.45117E-17  5.56700E-17  6.67944E-17  
631700    2.19033E-18  2.73940E-18  3.28679E-18  
631710    5.80555E-20  7.26085E-20  8.71175E-20  
631720    1.27340E-20  1.59261E-20  1.91086E-20  
641490    0.00000E+00  0.00000E+00  0.00000E+00  
641500    1.70806E-24  5.27784E-24  1.16850E-23  
641510    9.18910E-22  2.14587E-21  4.25985E-21  
641520    1.92653E-13  3.73175E-13  6.37522E-13  
641530    5.29507E-16  1.25544E-15  2.51869E-15  
641540    1.84262E-13  3.62669E-13  6.28951E-13  
641550    2.69019E-11  4.01961E-11  5.53970E-11  
641560    5.69121E-10  7.69664E-10  9.84184E-10  
641570    1.19836E-10  1.30838E-10  1.39544E-10  
641580    3.11584E-10  4.20333E-10  5.35683E-10  
641590    5.06213E-13  5.33476E-13  5.60256E-13  
641600    1.94528E-11  2.53180E-11  3.15640E-11  
641610    2.24989E-16  2.46705E-16  2.68029E-16  
641620    1.65023E-16  1.87790E-16  2.10141E-16  
641630    9.58681E-18  1.07361E-17  1.18644E-17  
641640    2.57407E-18  2.80349E-18  3.02873E-18  
641650    2.58293E-19  2.71217E-19  2.83907E-19  
641660    6.31649E-20  6.46170E-20  6.60433E-20  
641670    1.90156E-20  1.90253E-20  1.90351E-20  
641680    6.76199E-22  6.74549E-22  6.72940E-22  
641690    5.17427E-22  5.15895E-22  5.14399E-22  
641700    6.57205E-16  8.21959E-16  9.86216E-16  
641710    6.45197E-17  8.06935E-17  9.68183E-17  
641720    1.53385E-17  1.91834E-17  2.30167E-17  
651530    0.00000E+00  0.00000E+00  0.00000E+00  
651550    1.73097E-22  2.18369E-22  2.62818E-22  
651560    1.09224E-20  1.37836E-20  1.65927E-20  
651561    2.18175E-22  2.72347E-22  3.25527E-22  
651570    2.88778E-18  4.48020E-18  6.40855E-18  
651580    3.10867E-17  4.47254E-17  5.96794E-17  
651581    1.07486E-23  1.32523E-23  1.57101E-23  
651590    5.27965E-11  6.81990E-11  8.43995E-11  
651600    1.94703E-14  2.84954E-14  3.86420E-14  
651610    5.93576E-13  6.53235E-13  7.11761E-13  
651620    1.51090E-16  1.72036E-16  1.92598E-16  
651621    1.18790E-14  1.81735E-14  2.57532E-14  
651630    1.76159E-16  1.98422E-16  2.20278E-16  
651640    1.16899E-17  1.29011E-17  1.40902E-17  
651650    4.14244E-18  4.46921E-18  4.79003E-18  
651660    4.80927E-19  5.07060E-19  5.32719E-19  
651670    2.23906E-19  2.26719E-19  2.29484E-19  
651680    5.05243E-20  5.05698E-20  5.06153E-20  
651690    5.86842E-21  5.85785E-21  5.84756E-21  
651700    2.92513E-21  2.91673E-21  2.90853E-21  
651710    1.44298E-22  1.43863E-22  1.43439E-22  
651720    1.43509E-15  1.79483E-15  2.15349E-15  
661540    0.00000E+00  0.00000E+00  0.00000E+00  
661550    0.00000E+00  0.00000E+00  0.00000E+00  
661560    0.00000E+00  0.00000E+00  0.00000E+00  
661570    0.00000E+00  0.00000E+00  0.00000E+00  
661580    5.52185E-21  9.32869E-21  1.43141E-20  
661590    7.11633E-20  1.06354E-19  1.46213E-19  
661600    8.87225E-15  1.64176E-14  2.69942E-14  
661610    5.83664E-12  7.88153E-12  1.01163E-11  
661620    1.88126E-12  2.59486E-12  3.40263E-12  
661630    8.78455E-13  1.19709E-12  1.55384E-12  
661640    3.96671E-13  5.28912E-13  6.73515E-13  
661650    2.98025E-16  3.26642E-16  3.55320E-16  
661651    1.02899E-19  1.35948E-19  1.71729E-19  
661660    6.00204E-15  6.40036E-15  6.79138E-15  
661670    4.70835E-18  4.81146E-18  4.91274E-18  
661680    3.81079E-18  3.84323E-18  3.87514E-18  
661690    1.65029E-19  1.65469E-19  1.65904E-19  
661700    6.92753E-20  6.91799E-20  6.90873E-20  
661710    7.14294E-21  7.12658E-21  7.11064E-21  
661720    4.76909E-21  4.75467E-21  4.74060E-21  
671590    0.00000E+00  0.00000E+00  0.00000E+00  
671591    0.00000E+00  0.00000E+00  0.00000E+00  
671610    2.35495E-24  2.93348E-24  3.50141E-24  
671611    0.00000E+00  0.00000E+00  0.00000E+00  
671620    4.18588E-24  5.21338E-24  6.22207E-24  
671621    1.78342E-23  2.22123E-23  2.65102E-23  
671630    3.69262E-19  5.79077E-19  8.34314E-19  
671631    0.00000E+00  0.00000E+00  0.00000E+00  
671640    1.05537E-21  1.31458E-21  1.56911E-21  
671641    9.53927E-22  1.18805E-21  1.41788E-21  
671650    2.24757E-13  2.98028E-13  3.78009E-13  
671660    1.97029E-15  2.10307E-15  2.23359E-15  
671661    5.38881E-17  8.27891E-17  1.17361E-16  
671670    1.41581E-16  1.44752E-16  1.47868E-16  
671680    1.31613E-18  1.32838E-18  1.34042E-18  
671690    1.21710E-18  1.22212E-18  1.22707E-18  
671700    3.91137E-19  3.90788E-19  3.90453E-19  
671701    2.26866E-21  2.31502E-21  2.36056E-21  
671710    7.32397E-20  7.31637E-20  7.30903E-20  
671720    5.85741E-20  5.84084E-20  5.82467E-20  
681610    0.00000E+00  0.00000E+00  0.00000E+00  
681620    0.00000E+00  0.00000E+00  0.00000E+00  
681630    0.00000E+00  0.00000E+00  0.00000E+00  
681640    9.45725E-19  1.48336E-18  2.13748E-18  
681650    8.88639E-23  1.12730E-22  1.36901E-22  
681660    1.31984E-13  1.73638E-13  2.17981E-13  
681670    9.32292E-14  1.17823E-13  1.42810E-13  
681671    3.44516E-21  3.52583E-21  3.60541E-21  
681680    5.74786E-14  7.27460E-14  8.83159E-14  
681690    3.47522E-15  3.49363E-15  3.50859E-15  
681700    1.88814E-14  2.36472E-14  2.84115E-14  
681710    3.75534E-17  3.75306E-17  3.75089E-17  
681720    4.23160E-16  4.22034E-16  4.20935E-16  
691650    0.00000E+00  0.00000E+00  0.00000E+00  
691660    0.00000E+00  0.00000E+00  0.00000E+00  
691670    0.00000E+00  0.00000E+00  0.00000E+00  
691680    8.36653E-22  1.24527E-21  1.70125E-21  
691690    2.97534E-14  3.81982E-14  4.66735E-14  
691700    4.54893E-17  7.05828E-17  9.95287E-17  
691710    1.01210E-14  1.24775E-14  1.47545E-14  
691720    5.47115E-16  5.45957E-16  5.44818E-16  
701670    0.00000E+00  0.00000E+00  0.00000E+00  
701680    0.00000E+00  0.00000E+00  0.00000E+00  
701690    0.00000E+00  0.00000E+00  0.00000E+00  
701691    0.00000E+00  0.00000E+00  0.00000E+00  
701700    1.03211E-17  2.05608E-17  3.56068E-17  
701710    6.70047E-16  1.03838E-15  1.48210E-15  
701720    1.77696E-14  2.24812E-14  2.71830E-14  
701730    5.71783E-19  9.09020E-19  1.32383E-18  
701740    1.43641E-22  2.87730E-22  5.04982E-22  
701750    0.00000E+00  0.00000E+00  0.00000E+00  
701760    0.00000E+00  0.00000E+00  0.00000E+00  
711710    0.00000E+00  0.00000E+00  0.00000E+00  
711711    0.00000E+00  0.00000E+00  0.00000E+00  
711720    0.00000E+00  0.00000E+00  0.00000E+00  
711721    0.00000E+00  0.00000E+00  0.00000E+00  
711750    0.00000E+00  0.00000E+00  0.00000E+00  
711760    0.00000E+00  0.00000E+00  0.00000E+00  
721740    0.00000E+00  0.00000E+00  0.00000E+00  
721750    0.00000E+00  0.00000E+00  0.00000E+00  
721760    0.00000E+00  0.00000E+00  0.00000E+00  
721770    0.00000E+00  0.00000E+00  0.00000E+00  
721780    0.00000E+00  0.00000E+00  0.00000E+00  
721790    0.00000E+00  0.00000E+00  0.00000E+00  
721800    0.00000E+00  0.00000E+00  0.00000E+00  
721810    0.00000E+00  0.00000E+00  0.00000E+00  
721820    0.00000E+00  0.00000E+00  0.00000E+00  
731800    0.00000E+00  0.00000E+00  0.00000E+00  
731810    0.00000E+00  0.00000E+00  0.00000E+00  
731820    0.00000E+00  0.00000E+00  0.00000E+00  
741800    0.00000E+00  0.00000E+00  0.00000E+00  
741810    0.00000E+00  0.00000E+00  0.00000E+00  
741820    0.00000E+00  0.00000E+00  0.00000E+00  
741830    0.00000E+00  0.00000E+00  0.00000E+00  
741840    0.00000E+00  0.00000E+00  0.00000E+00  
741850    0.00000E+00  0.00000E+00  0.00000E+00  
741860    0.00000E+00  0.00000E+00  0.00000E+00  
751850    0.00000E+00  0.00000E+00  0.00000E+00  
751860    0.00000E+00  0.00000E+00  0.00000E+00  
751861    0.00000E+00  0.00000E+00  0.00000E+00  
751870    0.00000E+00  0.00000E+00  0.00000E+00  
761840    0.00000E+00  0.00000E+00  0.00000E+00  
761850    0.00000E+00  0.00000E+00  0.00000E+00  
761860    0.00000E+00  0.00000E+00  0.00000E+00  
761870    0.00000E+00  0.00000E+00  0.00000E+00  
761880    0.00000E+00  0.00000E+00  0.00000E+00  
761890    0.00000E+00  0.00000E+00  0.00000E+00  
761900    0.00000E+00  0.00000E+00  0.00000E+00  
761910    0.00000E+00  0.00000E+00  0.00000E+00  
761920    0.00000E+00  0.00000E+00  0.00000E+00  
771910    0.00000E+00  0.00000E+00  0.00000E+00  
771911    0.00000E+00  0.00000E+00  0.00000E+00  
771920    0.00000E+00  0.00000E+00  0.00000E+00  
771930    0.00000E+00  0.00000E+00  0.00000E+00  
771940    0.00000E+00  0.00000E+00  0.00000E+00  
771941    0.00000E+00  0.00000E+00  0.00000E+00  
781900    0.00000E+00  0.00000E+00  0.00000E+00  
781910    0.00000E+00  0.00000E+00  0.00000E+00  
781920    0.00000E+00  0.00000E+00  0.00000E+00  
781930    0.00000E+00  0.00000E+00  0.00000E+00  
781940    0.00000E+00  0.00000E+00  0.00000E+00  
781950    0.00000E+00  0.00000E+00  0.00000E+00  
781960    0.00000E+00  0.00000E+00  0.00000E+00  
781970    0.00000E+00  0.00000E+00  0.00000E+00  
781980    0.00000E+00  0.00000E+00  0.00000E+00  
791970    0.00000E+00  0.00000E+00  0.00000E+00  
791971    0.00000E+00  0.00000E+00  0.00000E+00  
801960    0.00000E+00  0.00000E+00  0.00000E+00  
801970    0.00000E+00  0.00000E+00  0.00000E+00  
801971    0.00000E+00  0.00000E+00  0.00000E+00  
801980    0.00000E+00  0.00000E+00  0.00000E+00  
801990    0.00000E+00  0.00000E+00  0.00000E+00  
802000    0.00000E+00  0.00000E+00  0.00000E+00  
802010    0.00000E+00  0.00000E+00  0.00000E+00  
802020    0.00000E+00  0.00000E+00  0.00000E+00  
802030    0.00000E+00  0.00000E+00  0.00000E+00  
802040    0.00000E+00  0.00000E+00  0.00000E+00  
802060    0.00000E+00  0.00000E+00  0.00000E+00  
812030    0.00000E+00  0.00000E+00  0.00000E+00  
812040    0.00000E+00  0.00000E+00  0.00000E+00  
812050    0.00000E+00  0.00000E+00  0.00000E+00  
812060    0.00000E+00  0.00000E+00  0.00000E+00  
812070    0.00000E+00  0.00000E+00  0.00000E+00  
812080    0.00000E+00  1.05482E-24  1.82858E-24  
812090    0.00000E+00  0.00000E+00  0.00000E+00  
812100    0.00000E+00  0.00000E+00  0.00000E+00  
822040    0.00000E+00  0.00000E+00  0.00000E+00  
822050    0.00000E+00  0.00000E+00  0.00000E+00  
822060    0.00000E+00  0.00000E+00  0.00000E+00  
822070    6.53230E-22  1.52296E-21  2.97724E-21  
822080    1.57314E-20  3.90124E-20  8.15824E-20  
822090    0.00000E+00  0.00000E+00  0.00000E+00  
822100    2.89501E-22  5.65352E-22  9.67532E-22  
822110    0.00000E+00  1.24566E-24  1.97317E-24  
822120    3.11828E-22  6.14434E-22  1.06493E-21  
822140    0.00000E+00  0.00000E+00  0.00000E+00  
832080    0.00000E+00  0.00000E+00  0.00000E+00  
832090    0.00000E+00  1.33349E-24  4.50391E-24  
832100    0.00000E+00  0.00000E+00  0.00000E+00  
832101    0.00000E+00  0.00000E+00  0.00000E+00  
832110    0.00000E+00  0.00000E+00  0.00000E+00  
832120    2.95343E-23  5.82120E-23  1.00912E-22  
832130    0.00000E+00  0.00000E+00  0.00000E+00  
832140    0.00000E+00  0.00000E+00  0.00000E+00  
832150    0.00000E+00  0.00000E+00  0.00000E+00  
842080    0.00000E+00  0.00000E+00  0.00000E+00  
842090    0.00000E+00  0.00000E+00  0.00000E+00  
842100    0.00000E+00  0.00000E+00  1.49557E-24  
842110    0.00000E+00  0.00000E+00  0.00000E+00  
842120    0.00000E+00  0.00000E+00  0.00000E+00  
842130    0.00000E+00  0.00000E+00  0.00000E+00  
842140    0.00000E+00  0.00000E+00  0.00000E+00  
842150    0.00000E+00  0.00000E+00  0.00000E+00  
842160    0.00000E+00  0.00000E+00  0.00000E+00  
842180    0.00000E+00  0.00000E+00  0.00000E+00  
852150    0.00000E+00  0.00000E+00  0.00000E+00  
852170    0.00000E+00  0.00000E+00  0.00000E+00  
852180    0.00000E+00  0.00000E+00  0.00000E+00  
852190    0.00000E+00  0.00000E+00  0.00000E+00  
862170    0.00000E+00  0.00000E+00  0.00000E+00  
862180    0.00000E+00  0.00000E+00  0.00000E+00  
862190    0.00000E+00  0.00000E+00  0.00000E+00  
862200    0.00000E+00  0.00000E+00  1.56082E-24  
862220    2.50027E-23  3.97046E-23  5.77868E-23  
872210    0.00000E+00  0.00000E+00  0.00000E+00  
872220    0.00000E+00  0.00000E+00  0.00000E+00  
872230    0.00000E+00  0.00000E+00  0.00000E+00  
882220    0.00000E+00  0.00000E+00  0.00000E+00  
882230    3.15903E-22  5.68259E-22  9.00042E-22  
882240    2.61248E-21  5.13217E-21  8.87723E-21  
882250    1.08098E-24  2.01305E-24  3.09991E-24  
882260    4.15403E-18  6.48759E-18  9.33770E-18  
882280    1.35481E-23  2.11878E-23  3.04512E-23  
892250    0.00000E+00  1.03819E-24  1.76529E-24  
892260    0.00000E+00  0.00000E+00  0.00000E+00  
892270    4.35414E-19  6.83605E-19  9.87593E-19  
892280    1.74789E-23  2.73889E-23  3.94789E-23  
902260    0.00000E+00  0.00000E+00  0.00000E+00  
902270    6.76298E-22  1.14537E-21  1.74304E-21  
902280    5.59062E-19  1.07377E-18  1.82924E-18  
902290    2.47777E-19  3.86680E-19  5.56250E-19  
902300    2.50000E-12  3.12323E-12  3.74577E-12  
902310    1.40250E-15  1.41427E-15  1.42595E-15  
902320    1.56358E-12  1.94958E-12  2.33374E-12  
902330    6.14004E-20  7.63181E-20  9.10772E-20  
902340    6.51865E-13  6.61039E-13  6.64585E-13  
912290    0.00000E+00  0.00000E+00  0.00000E+00  
912300    9.48083E-22  1.24078E-21  1.53585E-21  
912310    1.16755E-13  1.46786E-13  1.77011E-13  
912320    1.27928E-17  1.60817E-17  1.93730E-17  
912330    2.48949E-16  3.40322E-16  4.33189E-16  
912340    1.20790E-17  1.22513E-17  1.23181E-17  
912341    2.17702E-17  2.20765E-17  2.21950E-17  
922300    6.47841E-23  9.11572E-23  1.18218E-22  
922310    0.00000E+00  0.00000E+00  0.00000E+00  
922320    4.68500E-16  7.27549E-16  1.04285E-15  
922330    9.78143E-14  1.22933E-13  1.47951E-13  
922340    2.45067E-06  2.44923E-06  2.44780E-06  
922350    3.24157E-04  3.23282E-04  3.22413E-04  
922351    5.74998E-13  5.74349E-13  5.73727E-13  
922360    5.71273E-07  7.11998E-07  8.51903E-07  
922370    5.84420E-10  5.87907E-10  5.91368E-10  
922380    4.51562E-02  4.51554E-02  4.51546E-02  
922390    5.22225E-10  5.20608E-10  5.19029E-10  
922400    5.19971E-15  5.16764E-15  5.13643E-15  
922410    4.63763E-22  4.59483E-22  4.55330E-22  
932340    0.00000E+00  0.00000E+00  0.00000E+00  
932350    1.93585E-19  3.13654E-19  4.57909E-19  
932360    9.45804E-17  1.51242E-16  2.20926E-16  
932361    8.05800E-24  1.30872E-23  1.91127E-23  
932370    7.21616E-09  9.19148E-09  1.11765E-08  
932380    7.04482E-13  8.99403E-13  1.09415E-12  
932390    7.55482E-08  7.53143E-08  7.50858E-08  
932400    3.21343E-14  3.19361E-14  3.17432E-14  
932401    6.91510E-15  6.87245E-15  6.83094E-15  
932410    1.28926E-21  1.27736E-21  1.26582E-21  
942360    2.00967E-22  4.17418E-22  7.46071E-22  
942370    7.47895E-17  1.06756E-16  1.39201E-16  
942380    1.38098E-11  2.24617E-11  3.32054E-11  
942390    2.81435E-06  3.51572E-06  4.20840E-06  
942400    1.90244E-08  2.97199E-08  4.26876E-08  
942410    1.23293E-10  2.42123E-10  4.17828E-10  
942420    2.75846E-13  6.80659E-13  1.41572E-12  
942430    1.32372E-18  3.26242E-18  6.77359E-18  
942440    5.41476E-22  1.69864E-21  4.30800E-21  
942450    0.00000E+00  0.00000E+00  0.00000E+00  
942460    0.00000E+00  0.00000E+00  0.00000E+00  
952400    1.51746E-22  3.80887E-22  8.00690E-22  
952410    5.27608E-13  1.30393E-12  2.71536E-12  
952420    7.79587E-17  1.93241E-16  4.02819E-16  
952421    1.85667E-16  5.70158E-16  1.41769E-15  
952430    1.15980E-16  3.60110E-16  9.03975E-16  
952440    1.55884E-22  4.84811E-22  1.21718E-21  
952441    1.02312E-22  3.16759E-22  7.92861E-22  
952450    0.00000E+00  0.00000E+00  0.00000E+00  
952461    0.00000E+00  0.00000E+00  0.00000E+00  
962400    0.00000E+00  0.00000E+00  0.00000E+00  
962410    1.73922E-24  6.72216E-24  1.87824E-23  
962420    1.58113E-15  4.82041E-15  1.18723E-14  
962430    1.29909E-19  4.97346E-19  1.47598E-18  
962440    9.00630E-20  3.50511E-19  1.05766E-18  
962450    1.33701E-23  6.53767E-23  2.36265E-22  
962460    0.00000E+00  0.00000E+00  0.00000E+00  
962470    0.00000E+00  0.00000E+00  0.00000E+00  
962480    0.00000E+00  0.00000E+00  0.00000E+00  
962490    0.00000E+00  0.00000E+00  0.00000E+00  
962500    0.00000E+00  0.00000E+00  0.00000E+00  
972450    0.00000E+00  0.00000E+00  0.00000E+00  
972460    0.00000E+00  0.00000E+00  0.00000E+00  
972470    0.00000E+00  0.00000E+00  0.00000E+00  
972480    0.00000E+00  0.00000E+00  0.00000E+00  
972490    0.00000E+00  0.00000E+00  0.00000E+00  
972500    0.00000E+00  0.00000E+00  0.00000E+00  
972510    0.00000E+00  0.00000E+00  0.00000E+00  
982460    0.00000E+00  0.00000E+00  0.00000E+00  
982470    0.00000E+00  0.00000E+00  0.00000E+00  
982480    0.00000E+00  0.00000E+00  0.00000E+00  
982490    0.00000E+00  0.00000E+00  0.00000E+00  
982500    0.00000E+00  0.00000E+00  0.00000E+00  
982510    0.00000E+00  0.00000E+00  0.00000E+00  
982520    0.00000E+00  0.00000E+00  0.00000E+00  
982530    0.00000E+00  0.00000E+00  0.00000E+00  
982540    0.00000E+00  0.00000E+00  0.00000E+00  
992510    0.00000E+00  0.00000E+00  0.00000E+00  
992520    0.00000E+00  0.00000E+00  0.00000E+00  
992530    0.00000E+00  0.00000E+00  0.00000E+00  
992540    0.00000E+00  0.00000E+00  0.00000E+00  
992541    0.00000E+00  0.00000E+00  0.00000E+00  
992550    0.00000E+00  0.00000E+00  0.00000E+00  
1002540   0.00000E+00  0.00000E+00  0.00000E+00  
1002550   0.00000E+00  0.00000E+00  0.00000E+00  
