TIME      91207454.8454083796907920.77324638102608386.7010844
SYS BU    5.33333E-01  5.66667E-01  6.00000E-01  
CELL BU   5.33333E-01  5.66667E-01  6.00000E-01  
FLUX      6.22388E+12  6.20130E+12  6.17960E+12  
POW DENS  9.08389E+00  9.08389E+00  9.08389E+00  
POW       6.00000E-02  6.00000E-02  6.00000E-02  

10010     0.00000E+00  0.00000E+00  0.00000E+00  
10020     0.00000E+00  0.00000E+00  0.00000E+00  
10030     0.00000E+00  0.00000E+00  0.00000E+00  
20030     0.00000E+00  0.00000E+00  0.00000E+00  
20040     0.00000E+00  0.00000E+00  0.00000E+00  
30060     0.00000E+00  0.00000E+00  0.00000E+00  
30070     0.00000E+00  0.00000E+00  0.00000E+00  
40070     0.00000E+00  0.00000E+00  0.00000E+00  
40090     0.00000E+00  0.00000E+00  0.00000E+00  
40100     0.00000E+00  0.00000E+00  0.00000E+00  
50100     0.00000E+00  0.00000E+00  0.00000E+00  
50110     0.00000E+00  0.00000E+00  0.00000E+00  
60120     0.00000E+00  0.00000E+00  0.00000E+00  
60130     0.00000E+00  0.00000E+00  0.00000E+00  
60140     0.00000E+00  0.00000E+00  0.00000E+00  
70140     0.00000E+00  0.00000E+00  0.00000E+00  
70150     0.00000E+00  0.00000E+00  0.00000E+00  
80160     0.00000E+00  0.00000E+00  0.00000E+00  
80170     0.00000E+00  0.00000E+00  0.00000E+00  
80180     0.00000E+00  0.00000E+00  0.00000E+00  
90190     0.00000E+00  0.00000E+00  0.00000E+00  
100200    0.00000E+00  0.00000E+00  0.00000E+00  
100210    0.00000E+00  0.00000E+00  0.00000E+00  
100220    0.00000E+00  0.00000E+00  0.00000E+00  
110220    0.00000E+00  0.00000E+00  0.00000E+00  
110230    0.00000E+00  0.00000E+00  0.00000E+00  
120240    0.00000E+00  0.00000E+00  0.00000E+00  
120250    0.00000E+00  0.00000E+00  0.00000E+00  
120260    0.00000E+00  0.00000E+00  0.00000E+00  
130261    0.00000E+00  0.00000E+00  0.00000E+00  
130270    0.00000E+00  0.00000E+00  0.00000E+00  
140280    0.00000E+00  0.00000E+00  0.00000E+00  
140290    0.00000E+00  0.00000E+00  0.00000E+00  
140300    0.00000E+00  0.00000E+00  0.00000E+00  
140310    0.00000E+00  0.00000E+00  0.00000E+00  
140320    0.00000E+00  0.00000E+00  0.00000E+00  
150310    0.00000E+00  0.00000E+00  0.00000E+00  
150320    0.00000E+00  0.00000E+00  0.00000E+00  
160320    0.00000E+00  0.00000E+00  0.00000E+00  
160330    0.00000E+00  0.00000E+00  0.00000E+00  
160340    0.00000E+00  0.00000E+00  0.00000E+00  
160350    0.00000E+00  0.00000E+00  0.00000E+00  
160360    0.00000E+00  0.00000E+00  0.00000E+00  
170350    0.00000E+00  0.00000E+00  0.00000E+00  
170360    0.00000E+00  0.00000E+00  0.00000E+00  
170370    0.00000E+00  0.00000E+00  0.00000E+00  
180360    0.00000E+00  0.00000E+00  0.00000E+00  
180370    0.00000E+00  0.00000E+00  0.00000E+00  
180380    0.00000E+00  0.00000E+00  0.00000E+00  
180390    0.00000E+00  0.00000E+00  0.00000E+00  
180400    0.00000E+00  0.00000E+00  0.00000E+00  
180410    0.00000E+00  0.00000E+00  0.00000E+00  
190390    0.00000E+00  0.00000E+00  0.00000E+00  
190400    0.00000E+00  0.00000E+00  0.00000E+00  
190410    0.00000E+00  0.00000E+00  0.00000E+00  
200400    0.00000E+00  0.00000E+00  0.00000E+00  
200410    0.00000E+00  0.00000E+00  0.00000E+00  
200420    0.00000E+00  0.00000E+00  0.00000E+00  
200430    0.00000E+00  0.00000E+00  0.00000E+00  
200440    0.00000E+00  0.00000E+00  0.00000E+00  
200450    0.00000E+00  0.00000E+00  0.00000E+00  
200460    0.00000E+00  0.00000E+00  0.00000E+00  
200470    0.00000E+00  0.00000E+00  0.00000E+00  
200480    0.00000E+00  0.00000E+00  0.00000E+00  
210450    0.00000E+00  0.00000E+00  0.00000E+00  
210451    0.00000E+00  0.00000E+00  0.00000E+00  
210470    0.00000E+00  0.00000E+00  0.00000E+00  
210480    0.00000E+00  0.00000E+00  0.00000E+00  
220460    0.00000E+00  0.00000E+00  0.00000E+00  
220470    0.00000E+00  0.00000E+00  0.00000E+00  
220480    0.00000E+00  0.00000E+00  0.00000E+00  
220490    0.00000E+00  0.00000E+00  0.00000E+00  
220500    0.00000E+00  0.00000E+00  0.00000E+00  
220660    0.00000E+00  0.00000E+00  0.00000E+00  
230490    0.00000E+00  0.00000E+00  0.00000E+00  
230500    0.00000E+00  0.00000E+00  0.00000E+00  
230510    0.00000E+00  0.00000E+00  0.00000E+00  
230660    2.15702E-20  2.29287E-20  2.42825E-20  
230670    4.18619E-22  4.44985E-22  4.71259E-22  
230680    2.08878E-23  2.25048E-23  2.41160E-23  
230690    0.00000E+00  0.00000E+00  0.00000E+00  
240500    0.00000E+00  0.00000E+00  0.00000E+00  
240510    0.00000E+00  0.00000E+00  0.00000E+00  
240520    0.00000E+00  0.00000E+00  0.00000E+00  
240530    0.00000E+00  0.00000E+00  0.00000E+00  
240540    0.00000E+00  0.00000E+00  0.00000E+00  
240660    0.00000E+00  0.00000E+00  0.00000E+00  
240670    0.00000E+00  0.00000E+00  0.00000E+00  
240680    6.81088E-19  7.23986E-19  7.66732E-19  
240690    1.04829E-19  1.11432E-19  1.18011E-19  
240710    1.42656E-23  1.53699E-23  1.64703E-23  
250540    0.00000E+00  0.00000E+00  0.00000E+00  
250550    0.00000E+00  0.00000E+00  0.00000E+00  
250660    3.33444E-24  3.32218E-24  3.31038E-24  
250670    3.14414E-24  3.13232E-24  3.12096E-24  
250680    0.00000E+00  0.00000E+00  0.00000E+00  
250690    0.00000E+00  0.00000E+00  0.00000E+00  
250700    6.76561E-18  7.19174E-18  7.61636E-18  
250710    3.37499E-19  3.58756E-19  3.79938E-19  
250720    3.10923E-21  3.30527E-21  3.50069E-21  
250730    6.09232E-22  6.47526E-22  6.85681E-22  
250740    2.06547E-23  2.22536E-23  2.38468E-23  
260540    0.00000E+00  0.00000E+00  0.00000E+00  
260550    0.00000E+00  0.00000E+00  0.00000E+00  
260560    0.00000E+00  0.00000E+00  0.00000E+00  
260570    0.00000E+00  0.00000E+00  0.00000E+00  
260580    0.00000E+00  0.00000E+00  0.00000E+00  
260660    3.15282E-22  3.14327E-22  3.13409E-22  
260670    8.73600E-22  8.70159E-22  8.66844E-22  
260680    2.22533E-22  2.21673E-22  2.20846E-22  
260690    4.30141E-23  4.28538E-23  4.26995E-23  
260700    9.06471E-24  9.03166E-24  8.99984E-24  
260710    0.00000E+00  0.00000E+00  0.00000E+00  
260720    0.00000E+00  0.00000E+00  0.00000E+00  
260730    1.57930E-17  1.67809E-17  1.77651E-17  
260740    6.73516E-19  7.15939E-19  7.58212E-19  
260750    1.29600E-20  1.37641E-20  1.45647E-20  
260770    4.75743E-22  5.05707E-22  5.35566E-22  
270580    0.00000E+00  0.00000E+00  0.00000E+00  
270581    0.00000E+00  0.00000E+00  0.00000E+00  
270590    0.00000E+00  0.00000E+00  0.00000E+00  
270660    2.35161E-22  2.34972E-22  2.34797E-22  
270670    2.43228E-21  2.42408E-21  2.41618E-21  
270680    1.20981E-21  1.20634E-21  1.20300E-21  
270690    1.22677E-21  1.22411E-21  1.22157E-21  
270700    4.00081E-22  3.99472E-22  3.98893E-22  
270710    1.28521E-22  1.28162E-22  1.27817E-22  
270720    3.13670E-23  3.12681E-23  3.11726E-23  
270730    1.09248E-23  1.08783E-23  1.08334E-23  
270740    1.08511E-24  1.08032E-24  1.07570E-24  
270750    0.00000E+00  0.00000E+00  0.00000E+00  
270760    2.20713E-17  2.34329E-17  2.47883E-17  
270770    9.30553E-18  9.89101E-18  1.04744E-17  
270780    9.94574E-20  1.05670E-19  1.11857E-19  
270790    2.11547E-20  2.24871E-20  2.38148E-20  
280580    0.00000E+00  0.00000E+00  0.00000E+00  
280590    0.00000E+00  0.00000E+00  0.00000E+00  
280600    0.00000E+00  0.00000E+00  0.00000E+00  
280610    0.00000E+00  0.00000E+00  0.00000E+00  
280620    0.00000E+00  0.00000E+00  0.00000E+00  
280630    4.66478E-21  5.28268E-21  5.93674E-21  
280640    7.49206E-20  8.46658E-20  9.49717E-20  
280660    2.46015E-16  2.46147E-16  2.46283E-16  
280670    1.38982E-19  1.38618E-19  1.38268E-19  
280680    2.86312E-19  2.86164E-19  2.86028E-19  
280690    1.76513E-19  1.76976E-19  1.77431E-19  
280700    1.47858E-19  1.48714E-19  1.49550E-19  
280710    7.00231E-20  7.01552E-20  7.02854E-20  
280720    5.71857E-20  5.71721E-20  5.71591E-20  
280730    2.99838E-20  2.98625E-20  2.97448E-20  
280740    1.37846E-20  1.37106E-20  1.36386E-20  
280750    4.04106E-21  4.01608E-21  3.99177E-21  
280760    4.94905E-22  4.91440E-22  4.88067E-22  
280770    2.12156E-23  2.10886E-23  2.09652E-23  
280780    6.01074E-24  5.98057E-24  5.95136E-24  
280790    5.17967E-16  5.50600E-16  5.83118E-16  
280800    8.49492E-18  9.02807E-18  9.55923E-18  
280810    2.47993E-19  2.63613E-19  2.79177E-19  
290630    2.79734E-23  3.41220E-23  4.10571E-23  
290640    0.00000E+00  0.00000E+00  0.00000E+00  
290650    2.87653E-22  3.38497E-22  3.94010E-22  
290660    3.84757E-19  3.84974E-19  3.85197E-19  
290670    1.47652E-15  1.47275E-15  1.46913E-15  
290680    3.11600E-19  3.11553E-19  3.11517E-19  
290681    2.62784E-20  2.69168E-20  2.75392E-20  
290690    2.91680E-18  2.93071E-18  2.94433E-18  
290700    1.31191E-18  1.32415E-18  1.33610E-18  
290701    1.98182E-19  2.03552E-19  2.08786E-19  
290710    1.04936E-18  1.05952E-18  1.06944E-18  
290720    7.53461E-19  7.60247E-19  7.66856E-19  
290730    1.08351E-18  1.08498E-18  1.08641E-18  
290740    5.41475E-19  5.40713E-19  5.39971E-19  
290750    4.80571E-19  4.78374E-19  4.76232E-19  
290760    1.98099E-19  1.96814E-19  1.95562E-19  
290770    8.31429E-20  8.25757E-20  8.20234E-20  
290780    1.85475E-20  1.84302E-20  1.83162E-20  
290790    1.37301E-21  1.36860E-21  1.36438E-21  
290800    1.46256E-22  1.45612E-22  1.44990E-22  
290810    4.77901E-15  5.08030E-15  5.38057E-15  
290820    4.11443E-16  4.37181E-16  4.62818E-16  
290830    5.96941E-18  6.34450E-18  6.71822E-18  
290840    3.75916E-19  3.99593E-19  4.23186E-19  
300640    0.00000E+00  0.00000E+00  0.00000E+00  
300650    2.58732E-22  2.83727E-22  3.08546E-22  
300660    7.59587E-14  8.09004E-14  8.58452E-14  
300670    4.12695E-13  4.38798E-13  4.64835E-13  
300680    6.15908E-13  6.55531E-13  6.95156E-13  
300690    5.79084E-17  5.81918E-17  5.84691E-17  
300691    2.15935E-18  2.25200E-18  2.34224E-18  
300700    1.85430E-12  1.98743E-12  2.12212E-12  
300710    8.07022E-18  8.15231E-18  8.23246E-18  
300711    6.63430E-17  6.86264E-17  7.08519E-17  
300720    2.78676E-14  2.82734E-14  2.86686E-14  
300730    1.19600E-17  1.20417E-17  1.21212E-17  
300740    1.33606E-16  1.34023E-16  1.34429E-16  
300750    3.38231E-17  3.37723E-17  3.37226E-17  
300760    3.91533E-17  3.89792E-17  3.88094E-17  
300770    2.31522E-17  2.30018E-17  2.28553E-17  
300780    1.85818E-17  1.84479E-17  1.83174E-17  
300790    6.16922E-18  6.12403E-18  6.08003E-18  
300800    5.71054E-19  5.67372E-19  5.63789E-19  
300810    2.68639E-20  2.67989E-20  2.67369E-20  
300820    3.00384E-21  2.98403E-21  2.96478E-21  
300830    1.06726E-22  1.06298E-22  1.05885E-22  
300840    2.80456E-13  2.96631E-13  3.12672E-13  
300850    7.96762E-17  8.46779E-17  8.96612E-17  
300860    5.61287E-17  5.93856E-17  6.26167E-17  
300870    2.67694E-19  2.84555E-19  3.01356E-19  
310660    0.00000E+00  0.00000E+00  0.00000E+00  
310670    0.00000E+00  0.00000E+00  0.00000E+00  
310680    6.11680E-24  6.43712E-24  6.75155E-24  
310690    1.00694E-12  1.07457E-12  1.14254E-12  
310700    1.38702E-20  1.46634E-20  1.54496E-20  
310710    3.30904E-12  3.54546E-12  3.78469E-12  
310720    8.52460E-15  8.65111E-15  8.77430E-15  
310721    2.62647E-22  2.67355E-22  2.71942E-22  
310730    9.18956E-15  9.26022E-15  9.32902E-15  
310740    7.30924E-16  7.34302E-16  7.37587E-16  
310741    5.57537E-19  5.71474E-19  5.85041E-19  
310750    5.38571E-16  5.39242E-16  5.39893E-16  
310760    3.63750E-16  3.63152E-16  3.62568E-16  
310770    3.54027E-16  3.52897E-16  3.51795E-16  
310780    2.57598E-16  2.56401E-16  2.55235E-16  
310790    1.96905E-16  1.95789E-16  1.94702E-16  
310800    7.47791E-17  7.43606E-17  7.39529E-17  
310810    3.77938E-17  3.75484E-17  3.73094E-17  
310820    1.39113E-17  1.38033E-17  1.36980E-17  
310830    4.91733E-19  4.89186E-19  4.86718E-19  
310840    3.07078E-18  3.04434E-18  3.01856E-18  
310850    1.59797E-12  1.69793E-12  1.79751E-12  
310860    3.12727E-21  3.10044E-21  3.07430E-21  
310870    1.07880E-14  1.14365E-14  1.20811E-14  
310880    1.21869E-16  1.29005E-16  1.36088E-16  
310890    2.46048E-18  2.61545E-18  2.76987E-18  
320680    0.00000E+00  0.00000E+00  0.00000E+00  
320690    0.00000E+00  0.00000E+00  0.00000E+00  
320700    3.56088E-16  4.00272E-16  4.46904E-16  
320710    1.13673E-19  1.19546E-19  1.25301E-19  
320711    0.00000E+00  0.00000E+00  0.00000E+00  
320720    9.07458E-12  9.74198E-12  1.04191E-11  
320730    3.06288E-11  3.27046E-11  3.47959E-11  
320731    2.58244E-19  2.60230E-19  2.62164E-19  
320740    9.14117E-11  9.74202E-11  1.03458E-10  
320750    2.14818E-14  2.15157E-14  2.15485E-14  
320751    9.60024E-18  9.67142E-18  9.74068E-18  
320760    7.54224E-10  8.01003E-10  8.47754E-10  
320770    1.22689E-12  1.22533E-12  1.22380E-12  
320771    2.56738E-17  2.60378E-17  2.63921E-17  
320780    4.22730E-13  4.22144E-13  4.21572E-13  
320790    2.18195E-15  2.17629E-15  2.17077E-15  
320791    1.97734E-15  1.97939E-15  1.98137E-15  
320800    1.21190E-14  1.20707E-14  1.20235E-14  
320810    3.56083E-15  3.54418E-15  3.52794E-15  
320811    9.78930E-17  9.72574E-17  9.66384E-17  
320820    2.16755E-15  2.15353E-15  2.13988E-15  
320830    3.48429E-16  3.46158E-16  3.43947E-16  
320840    1.08422E-16  1.07641E-16  1.06881E-16  
320850    7.42366E-18  7.37982E-18  7.33728E-18  
320860    1.93967E-16  1.92291E-16  1.90658E-16  
320870    1.01057E-18  1.00190E-18  9.93456E-19  
320880    1.18044E-20  1.17057E-20  1.16096E-20  
320890    3.80969E-23  3.79553E-23  3.78190E-23  
320900    1.03125E-16  1.09567E-16  1.15988E-16  
320910    1.47223E-17  1.56421E-17  1.65583E-17  
320920    1.40602E-18  1.49458E-18  1.58283E-18  
330710    0.00000E+00  0.00000E+00  0.00000E+00  
330720    8.54625E-23  8.96297E-23  9.36864E-23  
330730    5.00252E-19  5.27661E-19  5.54611E-19  
330740    1.93967E-18  2.03839E-18  2.13449E-18  
330741    9.27002E-17  1.03441E-16  1.14677E-16  
330750    2.68818E-10  2.85868E-10  3.02944E-10  
330760    8.88805E-16  9.35221E-16  9.81162E-16  
330770    4.28011E-12  4.27591E-12  4.27179E-12  
330780    4.40997E-13  4.40519E-13  4.40052E-13  
330790    9.55695E-14  9.55121E-14  9.54559E-14  
330800    7.19657E-15  7.17892E-15  7.16169E-15  
330810    2.46202E-14  2.45795E-14  2.45397E-14  
330820    1.78526E-14  1.77536E-14  1.76572E-14  
330821    1.74672E-15  1.75689E-15  1.76680E-15  
330830    1.68080E-14  1.67214E-14  1.66371E-14  
330840    2.03488E-15  2.02326E-15  2.01195E-15  
330841    2.52513E-08  2.67557E-08  2.82522E-08  
330850    1.02535E-15  1.01843E-15  1.01170E-15  
330860    1.94562E-15  1.92925E-15  1.91331E-15  
330870    1.02882E-16  1.02050E-16  1.01239E-16  
330880    4.56577E-17  4.52657E-17  4.48837E-17  
330890    7.93642E-20  7.89350E-20  7.85192E-20  
330900    1.40438E-21  1.39825E-21  1.39233E-21  
330910    3.09026E-13  3.28206E-13  3.47303E-13  
330920    2.50511E-14  2.66286E-14  2.82005E-14  
330930    4.18635E-17  4.44661E-17  4.70578E-17  
330940    3.67320E-18  3.90456E-18  4.13509E-18  
340730    0.00000E+00  0.00000E+00  0.00000E+00  
340731    0.00000E+00  0.00000E+00  0.00000E+00  
340740    1.42686E-17  1.59955E-17  1.78061E-17  
340750    4.70215E-19  4.99979E-19  5.29383E-19  
340760    3.25285E-13  3.63206E-13  4.03036E-13  
340770    1.94025E-09  2.06030E-09  2.18021E-09  
340771    1.77216E-18  1.77057E-18  1.76902E-18  
340780    5.17124E-09  5.49135E-09  5.81117E-09  
340790    1.11770E-08  1.18695E-08  1.25615E-08  
340791    4.06019E-14  4.05778E-14  4.05542E-14  
340800    3.07921E-08  3.26754E-08  3.45548E-08  
340810    8.62072E-13  8.61201E-13  8.60348E-13  
340811    2.08971E-13  2.10115E-13  2.11227E-13  
340820    7.96510E-08  8.45091E-08  8.93554E-08  
340830    2.39638E-12  2.38666E-12  2.37718E-12  
340831    9.16752E-15  9.17167E-15  9.17567E-15  
340840    5.38957E-13  5.36662E-13  5.34425E-13  
340850    5.79957E-14  5.77241E-14  5.74594E-14  
340851    1.06463E-07  1.12832E-07  1.19174E-07  
340860    6.30158E-14  6.26245E-14  6.22431E-14  
340870    1.52120E-14  1.51107E-14  1.50120E-14  
340880    1.93580E-15  1.92216E-15  1.90889E-15  
340890    9.90542E-17  9.84318E-17  9.78269E-17  
340900    1.09119E-17  1.08450E-17  1.07800E-17  
340910    1.81815E-18  1.80861E-18  1.79937E-18  
340920    5.74568E-20  5.71903E-20  5.69328E-20  
340930    1.37426E-21  1.36768E-21  1.36132E-21  
340940    1.02714E-22  1.02712E-22  1.02714E-22  
340950    1.06055E-16  1.12736E-16  1.19398E-16  
340960    4.04811E-17  4.30201E-17  4.55499E-17  
340970    5.69471E-19  6.05339E-19  6.41080E-19  
350750    0.00000E+00  0.00000E+00  0.00000E+00  
350770    3.74198E-21  3.92484E-21  4.10284E-21  
350771    3.61433E-24  3.79022E-24  3.96144E-24  
350780    7.30123E-22  7.65333E-22  7.99614E-22  
350790    6.16744E-12  6.55313E-12  6.93888E-12  
350791    5.30873E-22  5.55770E-22  5.80006E-22  
350800    1.66259E-18  1.71715E-18  1.77064E-18  
350801    1.63121E-17  1.67861E-17  1.72487E-17  
350810    4.96155E-08  5.26833E-08  5.57481E-08  
350820    2.01049E-13  2.10387E-13  2.19584E-13  
350821    3.37298E-16  3.54814E-16  3.72151E-16  
350830    1.72345E-11  1.71714E-11  1.71100E-11  
350840    5.39515E-12  5.37321E-12  5.35181E-12  
350841    2.95125E-14  2.98152E-14  3.01098E-14  
350850    4.67033E-13  4.65088E-13  4.63192E-13  
350860    2.90375E-13  2.88793E-13  2.87251E-13  
350861    5.59359E-08  5.93757E-08  6.28103E-08  
350870    4.09298E-13  4.07094E-13  4.04946E-13  
350880    1.01603E-13  1.01018E-13  1.00449E-13  
350890    1.83986E-14  1.82990E-14  1.82021E-14  
350900    4.42598E-15  4.40431E-15  4.38323E-15  
350910    5.02250E-16  4.98768E-16  4.95380E-16  
350920    4.99967E-17  4.96907E-17  4.93934E-17  
350930    2.63700E-18  2.64188E-18  2.64670E-18  
350940    2.77377E-19  2.81678E-19  2.85871E-19  
350950    2.40787E-21  2.39856E-21  2.38957E-21  
350960    6.34361E-22  6.31498E-22  6.28725E-22  
350970    1.25090E-14  1.33767E-14  1.42501E-14  
350980    3.22933E-15  3.41577E-15  3.60067E-15  
350990    1.20258E-17  1.27832E-17  1.35380E-17  
351000    2.09733E-19  2.22943E-19  2.36106E-19  
360770    0.00000E+00  0.00000E+00  0.00000E+00  
360780    0.00000E+00  0.00000E+00  0.00000E+00  
360790    1.36239E-21  1.42893E-21  1.49372E-21  
360791    0.00000E+00  0.00000E+00  0.00000E+00  
360800    6.36840E-14  6.94445E-14  7.53891E-14  
360810    4.80104E-15  5.35231E-15  5.92894E-15  
360811    2.40160E-22  2.51903E-22  2.63385E-22  
360820    5.93075E-11  6.57835E-11  7.25512E-11  
360830    1.28397E-07  1.36039E-07  1.43642E-07  
360831    1.31383E-11  1.30903E-11  1.30434E-11  
360840    1.91979E-07  2.03669E-07  2.15330E-07  
360850    4.01060E-08  4.22657E-08  4.43893E-08  
360851    4.35496E-11  4.33681E-11  4.31912E-11  
360860    3.70739E-07  3.92780E-07  4.14707E-07  
360870    4.04402E-11  4.02391E-11  4.00432E-11  
360880    1.22203E-10  1.21568E-10  1.20948E-10  
360890    2.93550E-12  2.91912E-12  2.90316E-12  
360900    5.51178E-13  5.47831E-13  5.44569E-13  
360910    1.04512E-13  1.03842E-13  1.03188E-13  
360920    1.15703E-14  1.14948E-14  1.14213E-14  
360930    2.54603E-15  2.52918E-15  2.51278E-15  
360940    1.00260E-16  9.97334E-17  9.92221E-17  
360950    6.23793E-18  6.20581E-18  6.17471E-18  
360960    1.08443E-17  1.07746E-17  1.07067E-17  
360970    7.44481E-20  7.70815E-20  7.96456E-20  
360980    2.46680E-19  2.44562E-19  2.42499E-19  
360990    1.27305E-22  1.26841E-22  1.26394E-22  
361000    2.67466E-23  2.65186E-23  2.62964E-23  
361010    4.32305E-17  4.59031E-17  4.85638E-17  
361020    4.45596E-18  4.73662E-18  5.01628E-18  
370790    0.00000E+00  0.00000E+00  0.00000E+00  
370810    6.23651E-23  6.54012E-23  6.83569E-23  
370830    1.92446E-16  2.02742E-16  2.12861E-16  
370840    2.92605E-16  3.10851E-16  3.27259E-16  
370850    1.43534E-07  1.52396E-07  1.61249E-07  
370860    8.02322E-13  8.46407E-13  8.89902E-13  
370861    6.60149E-18  6.91149E-18  7.21668E-18  
370870    5.84072E-07  6.18889E-07  6.53539E-07  
370880    1.28581E-11  1.27928E-11  1.27292E-11  
370890    1.48699E-11  1.47921E-11  1.47163E-11  
370900    2.44865E-12  2.43433E-12  2.42037E-12  
370901    1.25914E-12  1.25473E-12  1.25044E-12  
370910    1.18833E-12  1.18227E-12  1.17637E-12  
370920    7.95151E-14  7.91267E-14  7.87483E-14  
370930    7.75762E-14  7.72010E-14  7.68355E-14  
370940    1.77262E-14  1.76468E-14  1.75695E-14  
370950    1.19341E-15  1.18914E-15  1.18498E-15  
370960    1.99618E-16  1.98501E-16  1.97415E-16  
370970    2.51613E-17  2.50005E-17  2.48440E-17  
370980    3.79277E-18  3.77426E-18  3.75635E-18  
370990    2.31792E-19  2.30962E-19  2.30165E-19  
371000    5.76914E-18  5.71936E-18  5.67084E-18  
371010    4.99548E-22  4.96929E-22  4.94395E-22  
371020    4.70288E-23  4.68561E-23  4.66901E-23  
371030    1.00890E-16  1.07290E-16  1.13673E-16  
371040    1.15756E-17  1.23047E-17  1.30312E-17  
371050    2.57745E-18  2.73979E-18  2.90156E-18  
371060    0.00000E+00  0.00000E+00  0.00000E+00  
380830    7.48743E-23  7.85271E-23  8.20830E-23  
380840    1.31850E-16  1.48752E-16  1.66608E-16  
380850    3.17448E-17  3.33530E-17  3.49373E-17  
380851    1.32232E-20  1.38373E-20  1.44351E-20  
380860    1.65668E-11  1.85912E-11  2.07230E-11  
380870    8.78978E-13  9.64852E-13  1.05384E-12  
380871    4.10889E-17  4.26441E-17  4.41617E-17  
380880    7.97096E-07  8.44535E-07  8.91738E-07  
380890    7.20194E-08  7.16369E-08  7.12654E-08  
380900    1.31261E-06  1.38755E-06  1.46177E-06  
380910    7.41141E-10  7.37662E-10  7.34272E-10  
380920    2.12508E-10  2.11640E-10  2.10793E-10  
380930    1.01374E-11  1.01027E-11  1.00690E-11  
380940    1.69488E-12  1.68924E-12  1.68376E-12  
380950    4.74076E-13  4.72419E-13  4.70806E-13  
380960    1.54625E-14  1.53996E-14  1.53384E-14  
380970    2.92959E-15  2.91675E-15  2.90426E-15  
380980    2.21052E-15  2.20017E-15  2.19010E-15  
380990    1.87365E-16  1.86402E-16  1.85468E-16  
381000    3.64795E-17  3.62835E-17  3.60932E-17  
381010    3.11404E-18  3.09515E-18  3.07680E-18  
381020    1.44359E-19  1.43657E-19  1.42978E-19  
381030    3.02041E-21  3.01014E-21  3.00027E-21  
381040    2.29782E-22  2.28863E-22  2.27978E-22  
381050    5.61336E-23  5.59288E-23  5.57320E-23  
381060    2.21391E-21  2.76022E-21  3.39503E-21  
381070    0.00000E+00  0.00000E+00  0.00000E+00  
381080    0.00000E+00  0.00000E+00  0.00000E+00  
381090    0.00000E+00  0.00000E+00  0.00000E+00  
390850    0.00000E+00  0.00000E+00  0.00000E+00  
390870    4.66011E-19  4.88286E-19  5.09969E-19  
390871    0.00000E+00  0.00000E+00  0.00000E+00  
390880    3.12365E-15  3.33022E-15  3.53510E-15  
390890    1.01503E-06  1.08001E-06  1.14465E-06  
390891    2.49780E-17  2.48486E-17  2.47229E-17  
390900    3.32385E-10  3.51439E-10  3.70307E-10  
390901    8.27538E-16  8.58755E-16  8.89188E-16  
390910    1.08580E-07  1.08064E-07  1.07561E-07  
390911    3.75193E-11  3.73433E-11  3.71718E-11  
390920    2.80874E-10  2.79729E-10  2.78614E-10  
390930    8.50646E-10  8.47855E-10  8.45135E-10  
390931    6.54617E-15  6.52509E-15  6.50456E-15  
390940    2.71031E-11  2.70274E-11  2.69536E-11  
390950    1.50843E-11  1.50503E-11  1.50171E-11  
390960    8.18884E-14  8.15766E-14  8.12730E-14  
390961    7.65625E-14  7.65953E-14  7.66271E-14  
390970    4.51336E-14  4.50194E-14  4.49084E-14  
390971    8.46948E-15  8.45847E-15  8.44775E-15  
390980    4.38142E-15  4.37275E-15  4.36433E-15  
390981    9.23686E-15  9.23685E-15  9.23688E-15  
390990    1.28379E-14  1.28055E-14  1.27740E-14  
391000    2.14989E-15  2.14260E-15  2.13554E-15  
391010    5.98536E-16  5.95429E-16  5.92413E-16  
391020    3.60768E-16  3.57958E-16  3.55222E-16  
391030    9.49034E-18  9.45334E-18  9.41771E-18  
391040    1.05198E-18  1.04690E-18  1.04198E-18  
391050    7.80075E-20  7.77384E-20  7.74799E-20  
391060    0.00000E+00  0.00000E+00  0.00000E+00  
391070    0.00000E+00  0.00000E+00  0.00000E+00  
391080    0.00000E+00  0.00000E+00  0.00000E+00  
391090    9.88948E-19  1.04584E-18  1.10225E-18  
391100    1.75393E-20  1.85485E-20  1.95492E-20  
391110    2.11246E-19  2.24551E-19  2.37809E-19  
400870    0.00000E+00  0.00000E+00  0.00000E+00  
400880    1.75929E-20  1.85622E-20  1.95150E-20  
400890    2.34544E-18  2.62378E-18  2.91597E-18  
400891    0.00000E+00  0.00000E+00  0.00000E+00  
400900    4.67387E-08  5.26025E-08  5.87915E-08  
400901    1.50743E-23  1.57649E-23  1.64372E-23  
400910    1.29845E-06  1.38308E-06  1.46731E-06  
400920    1.44555E-06  1.53247E-06  1.61904E-06  
400930    1.50814E-06  1.59952E-06  1.69061E-06  
400940    1.56892E-06  1.66441E-06  1.75964E-06  
400950    1.37924E-07  1.37613E-07  1.37312E-07  
400960    1.58713E-06  1.68447E-06  1.78162E-06  
400970    1.42984E-09  1.42817E-09  1.42656E-09  
400980    6.91436E-13  6.91153E-13  6.90879E-13  
400990    4.75948E-14  4.75503E-14  4.75071E-14  
401000    1.59807E-13  1.59649E-13  1.59495E-13  
401010    2.90288E-14  2.89718E-14  2.89165E-14  
401020    2.43833E-14  2.43034E-14  2.42258E-14  
401030    3.15343E-15  3.14015E-15  3.12729E-15  
401040    6.65696E-16  6.63851E-16  6.62075E-16  
401050    2.58766E-16  2.56812E-16  2.54910E-16  
401060    7.83259E-20  7.97397E-20  8.11500E-20  
401070    1.97904E-21  2.03579E-21  2.09140E-21  
401080    3.81782E-23  3.92255E-23  4.02611E-23  
401090    1.52174E-22  1.50900E-22  1.49659E-22  
401100    2.95974E-24  2.93427E-24  2.90944E-24  
401110    5.17123E-15  5.49693E-15  5.82148E-15  
401120    1.61181E-18  1.71322E-18  1.81427E-18  
401130    1.19431E-19  1.26953E-19  1.34449E-19  
401140    5.86554E-21  6.23497E-21  6.60311E-21  
410890    0.00000E+00  0.00000E+00  0.00000E+00  
410900    0.00000E+00  0.00000E+00  0.00000E+00  
410910    1.55647E-18  1.73930E-18  1.93070E-18  
410911    0.00000E+00  0.00000E+00  0.00000E+00  
410920    1.42177E-16  1.58587E-16  1.75751E-16  
410930    7.30818E-14  8.49570E-14  9.79918E-14  
410931    9.34990E-13  1.05150E-12  1.17436E-12  
410940    3.75615E-13  4.15874E-13  4.57794E-13  
410941    1.50808E-18  1.57442E-18  1.63901E-18  
410950    7.54403E-08  7.52679E-08  7.51001E-08  
410951    8.40531E-11  8.38646E-11  8.36815E-11  
410960    4.53004E-13  4.59348E-13  4.65560E-13  
410970    1.02962E-10  1.02851E-10  1.02742E-10  
410971    1.32399E-12  1.32247E-12  1.32099E-12  
410980    6.57005E-14  6.56753E-14  6.56507E-14  
410981    4.61528E-13  4.61898E-13  4.62255E-13  
410990    2.22282E-13  2.22098E-13  2.21919E-13  
410991    1.50003E-12  1.50074E-12  1.50143E-12  
411000    3.59743E-14  3.59578E-14  3.59418E-14  
411001    4.40956E-15  4.44338E-15  4.47631E-15  
411010    1.48573E-13  1.48676E-13  1.48777E-13  
411020    5.17626E-14  5.17259E-14  5.16906E-14  
411021    4.71870E-15  4.74343E-15  4.76755E-15  
411030    1.38974E-14  1.39294E-14  1.39607E-14  
411040    1.05527E-14  1.05784E-14  1.06038E-14  
411041    1.50298E-15  1.50936E-15  1.51562E-15  
411050    4.70187E-15  4.71634E-15  4.73058E-15  
411060    2.00762E-16  2.00838E-16  2.00931E-16  
411070    1.44968E-17  1.45237E-17  1.45511E-17  
411080    9.74395E-19  9.76163E-19  9.77967E-19  
411090    3.69060E-19  3.66243E-19  3.63502E-19  
411100    1.30379E-20  1.29482E-20  1.28610E-20  
411110    5.80462E-21  5.78326E-21  5.76273E-21  
411120    3.17712E-23  3.16521E-23  3.15376E-23  
411130    1.10353E-24  1.09949E-24  1.09560E-24  
411140    1.04592E-16  1.11202E-16  1.17791E-16  
411150    1.19272E-19  1.26797E-19  1.34298E-19  
411160    6.99147E-21  7.43189E-21  7.87077E-21  
420910    0.00000E+00  0.00000E+00  0.00000E+00  
420920    0.00000E+00  0.00000E+00  0.00000E+00  
420930    4.86039E-18  5.65141E-18  6.49307E-18  
420931    7.78576E-23  8.16487E-23  8.53394E-23  
420940    1.46865E-13  1.69057E-13  1.92681E-13  
420950    1.38737E-06  1.48565E-06  1.58370E-06  
420960    2.09631E-09  2.38073E-09  2.68244E-09  
420970    1.51418E-06  1.60796E-06  1.70164E-06  
420980    1.46322E-06  1.55444E-06  1.64564E-06  
420990    5.88464E-09  5.88287E-09  5.88115E-09  
421000    1.62341E-06  1.72506E-06  1.82672E-06  
421010    1.89433E-11  1.89549E-11  1.89662E-11  
421020    1.27282E-11  1.27551E-11  1.27814E-11  
421030    1.00143E-12  1.00786E-12  1.01412E-12  
421040    6.03391E-13  6.09158E-13  6.14784E-13  
421050    2.19849E-13  2.22700E-13  2.25482E-13  
421060    2.64834E-14  2.68998E-14  2.73063E-14  
421070    3.73652E-15  3.77815E-15  3.81893E-15  
421080    3.77445E-16  3.82540E-16  3.87528E-16  
421090    5.09350E-17  5.07198E-17  5.05128E-17  
421100    8.32738E-18  8.27810E-18  8.23029E-18  
421110    9.83781E-19  9.79446E-19  9.75261E-19  
421120    1.65402E-19  1.64751E-19  1.64125E-19  
421130    4.12403E-21  4.10876E-21  4.09407E-21  
421140    1.85864E-22  1.86442E-22  1.87011E-22  
421150    4.31709E-24  4.30423E-24  4.29219E-24  
421160    1.85711E-16  1.97423E-16  2.09095E-16  
421170    3.90752E-19  4.15342E-19  4.39846E-19  
421180    6.39101E-20  6.79354E-20  7.19466E-20  
430950    0.00000E+00  0.00000E+00  0.00000E+00  
430951    0.00000E+00  0.00000E+00  0.00000E+00  
430970    2.36775E-16  2.65036E-16  2.94776E-16  
430971    1.63025E-17  1.71991E-17  1.80799E-17  
430980    2.90573E-13  3.14308E-13  3.38642E-13  
430990    1.55629E-06  1.65347E-06  1.75060E-06  
430991    4.70850E-10  4.70708E-10  4.70571E-10  
431000    2.05537E-15  2.17575E-15  2.29546E-15  
431010    1.84180E-11  1.84295E-11  1.84408E-11  
431020    9.93846E-14  9.95974E-14  9.98052E-14  
431021    1.29652E-14  1.31323E-14  1.32948E-14  
431030    8.26204E-13  8.31608E-13  8.36877E-13  
431040    1.17065E-11  1.18252E-11  1.19411E-11  
431050    3.29963E-12  3.35518E-12  3.40934E-12  
431060    1.47404E-13  1.50842E-13  1.54195E-13  
431070    4.59806E-14  4.72717E-14  4.85317E-14  
431080    4.09535E-15  4.20586E-15  4.31390E-15  
431090    3.31183E-16  3.40061E-16  3.48737E-16  
431100    9.87499E-17  9.92901E-17  9.98240E-17  
431110    9.75774E-18  9.75916E-18  9.76102E-18  
431120    2.47521E-18  2.46824E-18  2.46156E-18  
431130    3.83043E-19  3.81666E-19  3.80341E-19  
431140    7.64666E-20  7.73265E-20  7.81661E-20  
431150    3.08740E-21  3.08199E-21  3.07712E-21  
431160    5.32750E-22  5.31244E-22  5.29810E-22  
431170    4.87594E-24  4.85841E-24  4.84159E-24  
431180    1.19895E-24  1.19458E-24  1.19038E-24  
431190    3.09762E-18  3.29288E-18  3.48746E-18  
431200    1.08306E-19  1.15127E-19  1.21925E-19  
431210    7.59583E-21  8.07425E-21  8.55098E-21  
440960    0.00000E+00  0.00000E+00  0.00000E+00  
440970    3.80648E-24  4.06309E-24  4.32207E-24  
440980    1.10532E-17  1.25999E-17  1.42481E-17  
440990    5.80282E-11  6.21471E-11  6.63222E-11  
441000    4.21759E-09  4.75714E-09  5.32732E-09  
441010    1.35307E-06  1.43819E-06  1.52336E-06  
441020    1.16573E-06  1.24040E-06  1.31524E-06  
441030    5.13206E-08  5.16726E-08  5.20137E-08  
441040    6.07411E-07  6.49740E-07  6.92495E-07  
441050    1.16077E-10  1.18045E-10  1.19965E-10  
441060    1.00672E-07  1.05255E-07  1.09693E-07  
441070    5.92525E-13  6.11327E-13  6.29665E-13  
441080    4.10478E-13  4.25806E-13  4.40758E-13  
441090    2.29214E-14  2.37449E-14  2.45486E-14  
441091    9.69045E-09  1.08201E-08  1.20026E-08  
441100    5.32838E-15  5.51463E-15  5.69640E-15  
441110    4.47024E-16  4.60581E-16  4.73812E-16  
441120    1.73472E-16  1.77321E-16  1.81078E-16  
441130    4.03357E-17  4.10031E-17  4.16553E-17  
441140    1.03172E-17  1.05103E-17  1.06989E-17  
441150    3.13405E-18  3.15990E-18  3.18533E-18  
441160    2.09869E-19  2.10228E-19  2.10592E-19  
441170    2.05990E-20  2.05554E-20  2.05141E-20  
441180    2.73542E-21  2.72615E-21  2.71726E-21  
441190    1.96866E-22  1.96162E-22  1.95485E-22  
441200    6.99897E-24  6.97280E-24  6.94763E-24  
441210    1.86022E-16  1.97739E-16  2.09415E-16  
441220    9.57816E-19  1.01814E-18  1.07826E-18  
441230    2.06923E-20  2.19956E-20  2.32943E-20  
450990    0.00000E+00  0.00000E+00  0.00000E+00  
451010    1.10690E-17  1.20731E-17  1.31001E-17  
451011    7.89759E-21  8.28502E-21  8.66220E-21  
451020    1.52004E-14  1.67768E-14  1.83323E-14  
451021    1.12966E-16  1.19647E-16  1.26267E-16  
451030    8.36372E-07  8.94594E-07  9.53108E-07  
451031    5.03573E-11  5.07026E-11  5.10373E-11  
451040    1.83151E-14  1.95190E-14  2.07229E-14  
451041    8.57180E-15  9.13523E-15  9.69867E-15  
451050    9.19967E-10  9.35608E-10  9.50858E-10  
451051    8.23346E-14  8.37308E-14  8.50922E-14  
451060    9.47350E-14  9.90311E-14  1.03193E-13  
451061    1.09771E-13  1.11267E-13  1.12718E-13  
451070    3.48364E-12  3.59512E-12  3.70384E-12  
451080    2.54449E-14  2.63971E-14  2.73260E-14  
451081    3.95791E-15  4.15093E-15  4.33890E-15  
451090    5.47608E-14  5.67492E-14  5.86895E-14  
451091    6.91270E-10  7.72586E-10  8.57737E-10  
451100    2.80024E-17  2.93373E-17  3.06378E-17  
451101    1.33407E-14  1.38102E-14  1.42683E-14  
451110    2.62204E-15  2.70536E-15  2.78665E-15  
451120    2.66382E-16  2.72904E-16  2.79266E-16  
451130    2.76367E-16  2.81472E-16  2.86454E-16  
451140    1.06935E-16  1.08950E-16  1.10916E-16  
451150    3.10611E-17  3.14576E-17  3.18447E-17  
451160    8.55851E-18  8.65618E-18  8.75167E-18  
451170    2.30962E-18  2.31661E-18  2.32352E-18  
451180    3.88545E-19  3.87985E-19  3.87460E-19  
451190    4.85300E-20  4.83910E-20  4.82581E-20  
451200    5.81302E-21  5.78773E-21  5.76332E-21  
451210    4.00397E-22  3.98941E-22  3.97543E-22  
451220    1.63165E-23  1.62567E-23  1.61993E-23  
451230    0.00000E+00  0.00000E+00  0.00000E+00  
451240    8.74451E-18  9.29401E-18  9.84150E-18  
451250    1.28567E-19  1.36664E-19  1.44733E-19  
461010    0.00000E+00  0.00000E+00  0.00000E+00  
461020    4.38002E-15  5.15592E-15  6.00779E-15  
461030    1.76405E-17  2.01168E-17  2.26693E-17  
461040    1.28612E-08  1.46170E-08  1.64847E-08  
461050    3.80393E-07  4.09053E-07  4.38188E-07  
461060    1.11058E-07  1.23934E-07  1.37374E-07  
461070    1.17694E-07  1.28405E-07  1.39449E-07  
461071    3.96779E-19  4.31702E-19  4.67509E-19  
461080    6.23991E-08  6.85274E-08  7.48786E-08  
461090    3.39325E-11  3.51764E-11  3.63913E-11  
461091    2.35856E-17  2.58101E-17  2.81061E-17  
461100    2.01395E-08  2.20537E-08  2.40339E-08  
461110    3.34737E-13  3.45374E-13  3.55754E-13  
461111    5.36963E-16  5.48599E-16  5.60284E-16  
461120    9.63382E-12  9.86898E-12  1.00984E-11  
461130    9.55348E-15  9.72094E-15  9.88437E-15  
461140    1.13719E-14  1.15602E-14  1.17438E-14  
461150    1.69291E-15  1.71234E-15  1.73129E-15  
461160    6.86564E-16  6.97296E-16  7.07756E-16  
461170    2.21600E-16  2.23109E-16  2.24581E-16  
461180    4.47105E-17  4.49364E-17  4.51575E-17  
461190    6.51244E-18  6.52764E-18  6.54277E-18  
461200    5.50674E-18  5.46834E-18  5.43098E-18  
461210    1.88082E-19  1.87392E-19  1.86727E-19  
461220    2.06018E-20  2.05217E-20  2.04446E-20  
461230    3.50358E-21  3.48947E-21  3.47588E-21  
461240    7.30408E-23  7.26058E-23  7.21838E-23  
461250    2.00736E-23  2.00001E-23  1.99294E-23  
461260    0.00000E+00  0.00000E+00  0.00000E+00  
461270    0.00000E+00  0.00000E+00  0.00000E+00  
461280    2.97087E-19  3.14164E-19  3.31095E-19  
461290    0.00000E+00  0.00000E+00  0.00000E+00  
461300    1.50538E-17  1.59191E-17  1.67771E-17  
461310    0.00000E+00  0.00000E+00  0.00000E+00  
471050    0.00000E+00  0.00000E+00  0.00000E+00  
471051    0.00000E+00  0.00000E+00  0.00000E+00  
471060    2.77977E-24  2.91832E-24  3.05375E-24  
471061    3.16428E-21  3.32052E-21  3.47268E-21  
471070    1.52740E-14  1.76399E-14  2.02146E-14  
471071    2.07170E-23  2.17254E-23  2.27072E-23  
471080    8.39614E-21  9.10927E-21  9.84098E-21  
471081    3.95803E-16  4.42312E-16  4.91002E-16  
471090    2.82801E-08  3.09959E-08  3.38059E-08  
471091    2.72295E-14  2.82277E-14  2.92025E-14  
471100    2.71348E-16  2.96330E-16  3.22066E-16  
471101    6.95139E-12  7.79117E-12  8.66928E-12  
471110    1.51508E-10  1.56370E-10  1.61115E-10  
471111    1.53411E-14  1.58287E-14  1.63044E-14  
471120    1.43380E-12  1.46881E-12  1.50296E-12  
471130    1.30135E-12  1.32416E-12  1.34642E-12  
471131    6.75864E-15  6.87709E-15  6.99269E-15  
471140    3.74343E-16  3.80208E-16  3.85928E-16  
471150    8.37183E-14  8.46628E-14  8.55837E-14  
471151    8.73009E-17  8.69560E-17  8.66194E-17  
471160    1.80328E-14  1.82425E-14  1.84470E-14  
471161    9.33091E-17  9.49387E-17  9.65248E-17  
471170    4.56337E-15  4.60524E-15  4.64604E-15  
471171    5.61650E-17  5.72938E-17  5.83928E-17  
471180    1.72435E-16  1.73753E-16  1.75038E-16  
471181    3.92877E-17  3.96812E-17  4.00646E-17  
471190    9.04420E-17  9.08361E-17  9.12213E-17  
471200    2.32356E-17  2.32351E-17  2.32351E-17  
471201    1.83994E-18  1.85778E-18  1.87524E-18  
471210    1.14813E-17  1.14619E-17  1.14432E-17  
471220    1.35778E-18  1.35361E-18  1.34960E-18  
471221    4.89809E-19  4.88326E-19  4.86895E-19  
471230    5.93758E-19  5.90686E-19  5.87710E-19  
471240    3.51284E-19  3.48463E-19  3.45716E-19  
471250    7.07452E-21  7.04861E-21  7.02370E-21  
471260    0.00000E+00  0.00000E+00  0.00000E+00  
471270    0.00000E+00  0.00000E+00  0.00000E+00  
471280    0.00000E+00  0.00000E+00  0.00000E+00  
471290    0.00000E+00  0.00000E+00  0.00000E+00  
471300    1.08110E-21  1.07178E-21  1.06270E-21  
471310    3.53613E-14  3.73943E-14  3.94102E-14  
471320    1.04296E-16  1.10865E-16  1.17411E-16  
471330    5.25182E-18  5.58261E-18  5.91223E-18  
481060    0.00000E+00  0.00000E+00  0.00000E+00  
481070    0.00000E+00  0.00000E+00  0.00000E+00  
481080    1.50238E-15  1.73696E-15  1.99093E-15  
481090    3.67180E-18  4.46538E-18  5.35161E-18  
481100    2.92963E-10  3.39622E-10  3.90488E-10  
481110    1.04203E-08  1.13699E-08  1.23490E-08  
481111    1.18621E-19  1.37015E-19  1.56986E-19  
481120    6.18113E-09  6.69003E-09  7.21115E-09  
481130    8.86055E-10  9.07287E-10  9.27925E-10  
481131    5.78494E-11  6.20022E-11  6.62008E-11  
481140    8.82433E-09  9.53071E-09  1.02496E-08  
481150    1.33871E-11  1.35275E-11  1.36644E-11  
481151    1.53590E-11  1.55415E-11  1.57183E-11  
481160    4.50021E-09  4.82027E-09  5.14412E-09  
481170    5.50995E-13  5.56835E-13  5.62524E-13  
481171    1.66591E-13  1.68550E-13  1.70458E-13  
481180    1.96922E-13  1.98502E-13  2.00043E-13  
481190    7.06644E-15  7.11073E-15  7.15392E-15  
481191    3.09782E-15  3.12346E-15  3.14844E-15  
481200    3.22193E-15  3.24085E-15  3.25929E-15  
481210    4.46390E-16  4.48754E-16  4.51061E-16  
481211    1.79018E-16  1.80632E-16  1.82206E-16  
481220    3.12378E-16  3.12835E-16  3.13281E-16  
481230    9.31425E-17  9.27619E-17  9.23921E-17  
481240    5.83386E-17  5.78797E-17  5.74330E-17  
481250    1.39097E-17  1.37992E-17  1.36916E-17  
481260    1.36104E-17  1.34937E-17  1.33799E-17  
481270    9.83058E-18  9.74591E-18  9.66339E-18  
481280    3.23771E-18  3.20981E-18  3.18261E-18  
481290    3.79124E-21  3.77519E-21  3.75972E-21  
481300    4.61742E-17  4.57760E-17  4.53878E-17  
481310    3.04092E-18  3.01466E-18  2.98907E-18  
481320    4.32480E-21  4.31062E-21  4.29701E-21  
481330    1.29599E-13  1.37760E-13  1.45891E-13  
481340    1.44567E-15  1.53663E-15  1.62727E-15  
481350    1.35105E-17  1.43615E-17  1.52095E-17  
481360    5.12355E-20  5.44626E-20  5.76782E-20  
491090    0.00000E+00  0.00000E+00  0.00000E+00  
491110    0.00000E+00  0.00000E+00  0.00000E+00  
491120    4.52037E-24  5.12046E-24  5.75958E-24  
491121    0.00000E+00  0.00000E+00  0.00000E+00  
491130    3.87129E-12  4.40117E-12  4.96789E-12  
491131    0.00000E+00  0.00000E+00  0.00000E+00  
491140    2.33246E-20  2.64967E-20  2.98833E-20  
491141    7.56821E-16  8.63926E-16  9.78615E-16  
491150    3.81515E-09  4.07561E-09  4.33788E-09  
491151    1.12329E-12  1.13508E-12  1.14657E-12  
491160    1.30547E-17  1.38953E-17  1.47377E-17  
491161    4.96349E-15  5.28312E-15  5.60342E-15  
491170    1.17595E-13  1.18883E-13  1.20137E-13  
491171    3.93754E-13  3.97929E-13  4.01996E-13  
491180    3.26488E-16  3.29113E-16  3.31672E-16  
491181    2.15475E-18  2.21756E-18  2.27870E-18  
491190    4.51670E-15  4.55096E-15  4.58435E-15  
491191    4.28896E-14  4.31620E-14  4.34277E-14  
491200    1.99301E-16  2.00518E-16  2.01706E-16  
491201    5.93292E-17  6.03917E-17  6.14259E-17  
491210    1.06878E-15  1.07914E-15  1.08924E-15  
491211    5.74118E-15  5.78099E-15  5.81982E-15  
491220    1.00065E-16  1.00456E-16  1.00837E-16  
491221    7.30839E-17  7.48731E-17  7.66155E-17  
491230    2.44283E-16  2.46459E-16  2.48580E-16  
491231    1.63275E-15  1.63226E-15  1.63180E-15  
491240    2.01099E-16  2.01242E-16  2.01383E-16  
491241    6.58008E-17  6.73289E-17  6.88177E-17  
491250    8.90861E-17  8.96618E-17  9.02231E-17  
491251    4.81208E-16  4.84020E-16  4.86762E-16  
491260    6.79668E-17  6.81372E-17  6.83037E-17  
491261    2.95114E-17  3.00657E-17  3.06064E-17  
491270    1.98245E-16  1.97416E-16  1.96608E-16  
491271    1.54167E-16  1.55808E-16  1.57409E-16  
491280    6.95693E-17  6.99337E-17  7.02888E-17  
491281    5.13872E-17  5.17706E-17  5.21442E-17  
491290    6.62775E-17  6.58560E-17  6.54457E-17  
491291    1.24855E-16  1.24081E-16  1.23327E-16  
491300    8.62668E-17  8.56337E-17  8.50166E-17  
491301    1.21076E-17  1.22098E-17  1.23095E-17  
491310    1.06036E-17  1.05548E-17  1.05073E-17  
491311    8.27400E-18  8.25595E-18  8.23851E-18  
491320    7.61464E-18  7.57558E-18  7.53768E-18  
491330    3.91705E-19  3.90012E-19  3.88377E-19  
491340    8.26676E-12  8.78417E-12  9.29966E-12  
491350    3.85315E-22  3.83913E-22  3.82565E-22  
491360    4.14275E-15  4.40351E-15  4.66335E-15  
491370    8.70378E-17  9.22573E-17  9.74447E-17  
491380    1.26642E-18  1.34619E-18  1.42567E-18  
501110    0.00000E+00  0.00000E+00  0.00000E+00  
501120    4.27686E-20  5.20748E-20  6.25784E-20  
501130    3.43747E-22  4.26978E-22  4.97931E-22  
501131    0.00000E+00  0.00000E+00  0.00000E+00  
501140    6.51335E-15  7.87743E-15  9.42097E-15  
501150    1.95907E-10  2.09609E-10  2.23448E-10  
501160    7.60280E-11  8.60885E-11  9.67782E-11  
501170    4.24748E-09  4.54577E-09  4.84725E-09  
501171    1.86242E-13  1.88315E-13  1.90332E-13  
501180    3.78855E-09  4.04724E-09  4.30799E-09  
501190    4.02021E-09  4.29348E-09  4.56871E-09  
501191    5.16262E-11  5.27089E-11  5.36996E-11  
501200    3.90073E-09  4.16212E-09  4.42517E-09  
501210    6.50204E-12  6.55801E-12  6.61260E-12  
501211    3.09023E-10  3.30353E-10  3.51865E-10  
501220    4.56451E-09  4.87311E-09  5.18395E-09  
501230    9.91571E-11  1.02370E-10  1.05507E-10  
501231    1.83019E-13  1.84069E-13  1.85093E-13  
501240    8.13983E-09  8.70168E-09  9.26876E-09  
501250    5.52587E-11  5.63256E-11  5.73651E-11  
501251    6.68407E-14  6.72612E-14  6.76710E-14  
501260    1.69839E-08  1.81921E-08  1.94150E-08  
501270    3.72972E-12  3.77217E-12  3.81351E-12  
501271    7.24825E-14  7.32305E-14  7.39592E-14  
501280    5.25631E-12  5.28158E-12  5.30619E-12  
501281    4.70723E-15  4.73016E-15  4.75248E-15  
501290    1.97861E-13  1.99266E-13  2.00636E-13  
501291    3.56556E-13  3.57419E-13  3.58260E-13  
501300    5.42582E-13  5.41543E-13  5.40533E-13  
501301    2.37506E-13  2.37144E-13  2.36791E-13  
501310    1.08483E-13  1.08189E-13  1.07903E-13  
501311    1.09612E-13  1.09318E-13  1.09032E-13  
501320    1.06523E-13  1.06314E-13  1.06111E-13  
501330    9.19534E-16  9.14429E-16  9.09470E-16  
501340    1.09065E-16  1.08488E-16  1.07927E-16  
501350    4.30779E-10  4.57299E-10  4.83704E-10  
501360    9.92466E-20  9.88361E-20  9.84404E-20  
501370    5.08689E-12  5.38464E-12  5.68016E-12  
501380    3.43355E-14  3.64945E-14  3.86458E-14  
501390    2.56151E-16  2.72241E-16  2.88272E-16  
501400    1.32109E-17  1.40431E-17  1.48724E-17  
501410    3.93566E-18  4.18354E-18  4.43055E-18  
511150    0.00000E+00  0.00000E+00  0.00000E+00  
511170    0.00000E+00  0.00000E+00  0.00000E+00  
511180    0.00000E+00  0.00000E+00  0.00000E+00  
511181    3.04330E-23  3.19159E-23  3.33598E-23  
511190    6.90323E-20  7.23044E-20  7.54900E-20  
511200    1.46666E-20  1.54503E-20  1.62237E-20  
511201    6.97688E-18  7.30771E-18  7.62977E-18  
511210    3.85367E-09  4.11799E-09  4.38456E-09  
511220    3.90511E-14  4.14834E-14  4.39172E-14  
511221    5.35780E-18  5.64529E-18  5.92960E-18  
511230    4.88803E-09  5.22565E-09  5.56614E-09  
511240    6.94115E-13  7.28218E-13  7.62398E-13  
511241    2.42308E-18  2.51994E-18  2.61491E-18  
511250    7.47738E-09  7.85809E-09  8.22966E-09  
511260    3.58315E-12  3.60496E-12  3.62628E-12  
511261    4.02574E-15  4.03785E-15  4.04959E-15  
511270    2.73822E-10  2.76885E-10  2.79867E-10  
511280    4.03968E-12  4.09428E-12  4.14744E-12  
511281    9.58381E-13  9.63685E-13  9.68851E-13  
511290    4.31685E-11  4.35004E-11  4.38237E-11  
511291    5.18448E-14  5.19703E-14  5.20925E-14  
511300    7.22582E-12  7.24174E-12  7.25726E-12  
511301    1.61234E-12  1.61265E-12  1.61295E-12  
511310    1.44444E-11  1.44363E-11  1.44285E-11  
511320    1.38825E-12  1.38947E-12  1.39066E-12  
511321    8.39753E-13  8.37205E-13  8.34728E-13  
511330    1.40406E-12  1.39847E-12  1.39303E-12  
511340    1.30390E-15  1.29911E-15  1.29447E-15  
511341    1.59655E-14  1.59083E-14  1.58528E-14  
511350    1.27015E-15  1.26490E-15  1.25981E-15  
511360    8.95257E-17  8.91116E-17  8.87113E-17  
511370    1.12816E-16  1.11866E-16  1.10941E-16  
511380    1.87805E-19  1.87050E-19  1.86322E-19  
511390    5.08759E-12  5.40654E-12  5.72431E-12  
511400    2.66641E-13  2.83269E-13  2.99830E-13  
511410    7.58504E-14  8.06279E-14  8.53885E-14  
511420    5.70284E-17  6.05992E-17  6.41565E-17  
511430    5.30960E-18  5.64402E-18  5.97726E-18  
521180    0.00000E+00  0.00000E+00  0.00000E+00  
521190    0.00000E+00  0.00000E+00  0.00000E+00  
521200    4.80812E-20  5.37408E-20  5.96674E-20  
521210    2.91232E-19  3.08440E-19  3.25358E-19  
521211    1.16993E-18  1.24512E-18  1.31888E-18  
521220    5.11259E-12  5.77092E-12  6.46903E-12  
521230    2.09174E-14  2.37521E-14  2.67588E-14  
521231    5.09399E-15  5.41600E-15  5.73474E-15  
521240    5.24106E-12  5.81180E-12  6.40947E-12  
521250    2.77965E-09  3.12246E-09  3.48245E-09  
521251    9.17976E-11  9.69654E-11  1.02008E-10  
521260    3.82532E-10  4.07809E-10  4.33212E-10  
521270    2.72121E-11  2.75217E-11  2.78232E-11  
521271    1.16783E-09  1.18232E-09  1.19647E-09  
521280    9.58501E-08  1.02234E-07  1.08657E-07  
521290    1.08340E-11  1.09171E-11  1.09981E-11  
521291    1.29959E-09  1.30933E-09  1.31882E-09  
521300    4.73602E-07  5.03678E-07  5.33801E-07  
521310    1.62876E-11  1.63000E-11  1.63122E-11  
521311    2.27314E-10  2.29296E-10  2.31227E-10  
521320    4.99245E-09  4.99657E-09  5.00059E-09  
521330    1.11397E-11  1.11262E-11  1.11131E-11  
521331    4.45175E-11  4.44735E-11  4.44306E-11  
521340    6.71762E-11  6.70018E-11  6.68321E-11  
521350    2.54079E-13  2.53382E-13  2.52705E-13  
521360    9.56665E-14  9.52072E-14  9.47608E-14  
521370    4.30091E-15  4.27903E-15  4.25778E-15  
521380    4.98593E-16  4.95782E-16  4.93055E-16  
521390    1.78746E-17  1.77816E-17  1.76916E-17  
521400    1.80835E-17  1.79355E-17  1.77914E-17  
521410    3.10518E-19  3.09334E-19  3.08194E-19  
521420    5.91695E-21  5.89210E-21  5.86811E-21  
521430    1.30089E-13  1.38283E-13  1.46448E-13  
521440    1.00456E-16  1.06770E-16  1.13065E-16  
521450    9.24128E-18  9.82342E-18  1.04035E-17  
521460    6.63955E-19  7.05774E-19  7.47445E-19  
531210    0.00000E+00  0.00000E+00  0.00000E+00  
531230    3.05782E-21  3.20678E-21  3.35178E-21  
531250    1.48697E-19  1.63224E-19  1.75702E-19  
531260    9.43890E-17  1.01020E-16  1.07568E-16  
531270    4.46646E-08  4.78782E-08  5.11274E-08  
531280    2.58766E-15  2.76191E-15  2.93715E-15  
531290    1.59879E-07  1.70768E-07  1.81738E-07  
531300    5.43609E-13  5.74619E-13  6.05560E-13  
531301    3.64337E-15  3.86262E-15  4.08188E-15  
531310    8.51326E-09  8.52812E-09  8.54260E-09  
531320    1.50637E-10  1.50811E-10  1.50981E-10  
531321    5.27977E-13  5.44587E-13  5.60759E-13  
531330    2.03894E-09  2.03864E-09  2.03836E-09  
531331    1.74177E-14  1.75186E-14  1.76169E-14  
531340    9.82297E-11  9.81543E-11  9.80809E-11  
531341    4.04753E-13  4.09311E-13  4.13751E-13  
531350    6.05069E-10  6.04983E-10  6.04901E-10  
531360    8.92047E-13  8.89555E-13  8.87135E-13  
531361    2.48597E-13  2.48994E-13  2.49383E-13  
531370    3.01954E-13  3.01407E-13  3.00876E-13  
531380    4.00100E-14  3.99490E-14  3.98901E-14  
531390    7.36903E-15  7.33503E-15  7.30198E-15  
531400    6.42091E-16  6.39141E-16  6.36279E-16  
531410    8.53730E-17  8.48689E-17  8.43792E-17  
531420    6.79394E-18  6.76445E-18  6.73585E-18  
531430    5.57662E-19  5.55635E-19  5.53685E-19  
531440    5.85126E-21  5.82873E-21  5.80704E-21  
531450    3.62049E-22  3.60749E-22  3.59501E-22  
531460    1.18129E-14  1.25569E-14  1.32983E-14  
531470    1.47983E-17  1.57056E-17  1.66085E-17  
531480    1.04294E-18  1.10863E-18  1.17408E-18  
541230    0.00000E+00  0.00000E+00  0.00000E+00  
541240    0.00000E+00  0.00000E+00  0.00000E+00  
541250    0.00000E+00  0.00000E+00  0.00000E+00  
541251    0.00000E+00  0.00000E+00  0.00000E+00  
541260    1.12334E-15  1.28661E-15  1.46082E-15  
541270    2.27067E-19  2.61304E-19  2.96428E-19  
541271    0.00000E+00  0.00000E+00  0.00000E+00  
541280    4.81965E-11  5.47444E-11  6.17203E-11  
541290    2.19998E-14  2.57911E-14  2.99845E-14  
541291    2.68032E-17  3.03812E-17  3.41792E-17  
541300    4.49243E-10  5.03287E-10  5.60341E-10  
541310    7.45369E-07  7.92835E-07  8.40326E-07  
541311    1.36102E-10  1.36345E-10  1.36583E-10  
541320    1.14055E-06  1.21361E-06  1.28681E-06  
541330    1.23433E-08  1.23422E-08  1.23412E-08  
541331    1.51399E-10  1.51544E-10  1.51685E-10  
541340    1.99562E-06  2.11975E-06  2.24382E-06  
541341    6.36192E-17  6.49039E-17  6.61544E-17  
541350    7.43733E-10  7.44669E-10  7.45578E-10  
541351    4.79097E-12  4.80447E-12  4.81763E-12  
541360    1.85863E-06  1.97493E-06  2.09125E-06  
541370    5.52531E-12  5.52274E-12  5.52025E-12  
541380    2.05849E-11  2.05518E-11  2.05196E-11  
541390    7.65488E-13  7.63056E-13  7.60690E-13  
541400    1.88927E-13  1.88075E-13  1.87245E-13  
541410    8.82840E-15  8.78577E-15  8.74433E-15  
541420    2.30514E-15  2.29326E-15  2.28171E-15  
541430    4.25595E-17  4.23305E-17  4.21085E-17  
541431    9.26268E-09  9.82014E-09  1.03747E-08  
541440    5.73747E-17  5.70808E-17  5.67965E-17  
541450    6.44637E-19  6.42409E-19  6.40271E-19  
541460    9.68786E-20  9.64809E-20  9.60977E-20  
541470    9.79574E-22  9.73200E-22  9.67017E-22  
541480    2.79152E-14  2.96722E-14  3.14230E-14  
541490    3.56869E-17  3.79236E-17  4.01518E-17  
541500    4.39379E-18  4.67053E-18  4.94630E-18  
541510    6.86129E-19  7.29345E-19  7.72408E-19  
551270    0.00000E+00  0.00000E+00  0.00000E+00  
551290    0.00000E+00  0.00000E+00  0.00000E+00  
551310    3.22517E-18  3.40602E-18  3.58383E-18  
551320    1.70679E-15  1.79834E-15  1.88925E-15  
551330    1.69994E-06  1.80669E-06  1.91340E-06  
551340    4.38095E-09  4.85844E-09  5.34961E-09  
551341    1.83239E-13  1.94013E-13  2.04725E-13  
551350    1.40757E-06  1.49676E-06  1.58605E-06  
551351    1.36685E-14  1.41889E-14  1.46955E-14  
551360    1.01866E-10  1.06499E-10  1.11047E-10  
551361    6.97321E-16  7.21502E-16  7.45061E-16  
551370    1.50181E-06  1.59259E-06  1.68301E-06  
551380    5.25095E-11  5.24499E-11  5.23918E-11  
551381    1.85291E-13  1.86995E-13  1.88654E-13  
551390    1.38515E-11  1.38319E-11  1.38128E-11  
551400    1.40714E-12  1.40335E-12  1.39965E-12  
551410    4.12839E-13  4.12092E-13  4.11365E-13  
551420    1.78438E-14  1.77811E-14  1.77202E-14  
551430    1.01278E-14  1.00857E-14  1.00448E-14  
551440    1.90575E-15  1.89670E-15  1.88791E-15  
551450    2.34565E-16  2.33486E-16  2.32441E-16  
551460    1.75745E-17  1.74921E-17  1.74125E-17  
551470    2.48303E-18  2.46606E-18  2.44959E-18  
551480    9.35366E-20  9.31738E-20  9.28250E-20  
551490    5.76322E-22  5.73975E-22  5.71716E-22  
551500    5.88432E-23  5.86279E-23  5.84210E-23  
551510    1.05675E-23  1.05288E-23  1.04917E-23  
551520    8.62402E-18  9.16709E-18  9.70825E-18  
551530    4.61429E-19  4.90492E-19  5.19452E-19  
551540    0.00000E+00  0.00000E+00  0.00000E+00  
561300    0.00000E+00  0.00000E+00  0.00000E+00  
561310    2.06324E-24  2.31714E-24  2.58112E-24  
561320    1.86464E-15  2.09551E-15  2.33839E-15  
561330    5.51670E-17  6.64585E-17  7.93189E-17  
561340    1.52421E-09  1.80417E-09  2.11349E-09  
561350    1.00543E-12  1.15059E-12  1.30843E-12  
561351    4.29251E-16  4.58311E-16  4.88145E-16  
561360    4.17247E-09  4.60901E-09  5.06401E-09  
561361    3.10441E-18  3.24561E-18  3.38419E-18  
561370    5.06733E-08  5.71286E-08  6.39615E-08  
561371    2.29860E-13  2.43745E-13  2.57574E-13  
561380    1.68325E-06  1.78747E-06  1.89160E-06  
561390    1.25858E-10  1.25704E-10  1.25554E-10  
561400    2.69820E-08  2.69460E-08  2.69108E-08  
561410    2.52880E-11  2.52580E-11  2.52288E-11  
561420    1.41470E-11  1.41222E-11  1.40981E-11  
561430    3.03005E-13  3.02118E-13  3.01254E-13  
561440    1.90393E-13  1.89661E-13  1.88949E-13  
561450    3.22080E-14  3.20610E-14  3.19181E-14  
561460    8.05521E-15  8.00862E-15  7.96331E-15  
561470    9.12221E-16  9.06316E-16  9.00575E-16  
561480    8.23845E-17  8.19180E-17  8.14660E-17  
561490    5.15073E-18  5.12875E-18  5.10757E-18  
561500    4.47461E-19  4.45711E-19  4.44028E-19  
561510    6.16174E-20  6.13941E-20  6.11794E-20  
561520    8.43685E-22  8.40603E-22  8.37642E-22  
561530    2.85752E-23  2.84708E-23  2.83705E-23  
561540    1.08098E-16  1.14907E-16  1.21692E-16  
561550    6.01501E-19  6.39401E-19  6.77169E-19  
561560    3.87011E-20  4.11387E-20  4.35677E-20  
571330    0.00000E+00  0.00000E+00  0.00000E+00  
571350    1.50000E-20  1.57311E-20  1.64428E-20  
571370    5.52887E-14  6.16956E-14  6.83984E-14  
571380    8.27692E-12  8.82733E-12  9.38115E-12  
571390    1.60993E-06  1.70935E-06  1.80865E-06  
571400    3.55901E-09  3.55456E-09  3.55022E-09  
571410    3.26957E-10  3.26591E-10  3.26235E-10  
571420    1.24210E-10  1.24026E-10  1.23847E-10  
571430    1.92479E-11  1.92054E-11  1.91641E-11  
571440    8.48867E-13  8.46487E-13  8.44169E-13  
571450    3.67096E-13  3.66045E-13  3.65023E-13  
571460    4.09035E-14  4.07368E-14  4.05746E-14  
571461    2.89521E-14  2.88960E-14  2.88415E-14  
571470    1.54604E-14  1.54232E-14  1.53871E-14  
571480    1.96118E-15  1.95132E-15  1.94175E-15  
571490    4.78966E-16  4.77018E-16  4.75135E-16  
571500    7.76747E-17  7.73874E-17  7.71110E-17  
571510    1.12848E-17  1.12429E-17  1.12027E-17  
571520    7.12127E-19  7.09597E-19  7.07172E-19  
571530    5.58298E-20  5.56300E-20  5.54384E-20  
571540    1.58308E-21  1.57744E-21  1.57203E-21  
571550    3.41373E-23  3.40170E-23  3.39020E-23  
571560    6.87530E-16  7.30839E-16  7.73996E-16  
571570    1.36153E-18  1.44730E-18  1.53278E-18  
571580    2.85406E-20  3.03388E-20  3.21307E-20  
571590    1.54756E-21  1.64503E-21  1.74216E-21  
581350    0.00000E+00  0.00000E+00  0.00000E+00  
581360    0.00000E+00  0.00000E+00  0.00000E+00  
581370    1.59531E-21  1.67302E-21  1.74867E-21  
581371    0.00000E+00  0.00000E+00  0.00000E+00  
581380    3.11974E-16  3.43083E-16  3.75399E-16  
581390    2.87380E-14  3.12604E-14  3.36698E-14  
581391    7.41261E-21  7.76621E-21  8.11044E-21  
581400    1.53649E-06  1.63331E-06  1.73001E-06  
581410    6.50240E-08  6.49532E-08  6.48846E-08  
581420    1.45353E-06  1.54311E-06  1.63257E-06  
581430    2.70110E-09  2.69518E-09  2.68942E-09  
581440    4.82954E-07  4.87687E-07  4.91520E-07  
581450    2.76982E-12  2.76396E-12  2.75825E-12  
581460    9.65935E-12  9.64267E-12  9.62644E-12  
581470    4.39052E-13  4.38802E-13  4.38561E-13  
581480    3.49452E-13  3.48396E-13  3.47370E-13  
581490    1.71327E-14  1.70970E-14  1.70623E-14  
581500    6.89478E-15  6.87715E-15  6.86006E-15  
581510    8.47287E-16  8.44723E-16  8.42246E-16  
581520    1.67514E-16  1.66949E-16  1.66404E-16  
581530    1.93716E-17  1.93081E-17  1.92473E-17  
581540    1.78116E-18  1.77581E-18  1.77070E-18  
581550    1.01886E-19  1.01558E-19  1.01244E-19  
581560    4.98534E-21  4.96876E-21  4.95291E-21  
581570    1.30024E-22  1.29574E-22  1.29144E-22  
581580    7.58442E-16  8.06250E-16  8.53897E-16  
581590    3.78893E-17  4.02762E-17  4.26546E-17  
581600    9.21328E-20  9.79357E-20  1.03718E-19  
581610    1.23551E-21  1.31333E-21  1.39087E-21  
591390    5.18968E-21  5.50527E-21  5.81883E-21  
591400    3.21384E-19  3.40946E-19  3.60383E-19  
591410    1.40961E-06  1.50085E-06  1.59199E-06  
591420    2.45727E-12  2.60702E-12  2.75582E-12  
591421    1.08961E-14  1.15593E-14  1.22183E-14  
591430    2.66122E-08  2.65543E-08  2.64980E-08  
591440    2.03468E-11  2.05461E-11  2.07075E-11  
591441    8.29137E-14  8.36993E-14  8.43346E-14  
591450    3.30480E-10  3.29784E-10  3.29107E-10  
591460    1.72867E-11  1.72575E-11  1.72291E-11  
591470    7.25946E-12  7.25082E-12  7.24242E-12  
591480    8.98556E-13  8.96962E-13  8.95412E-13  
591481    3.61197E-14  3.69932E-14  3.78436E-14  
591490    6.14244E-13  6.14277E-13  6.14312E-13  
591500    1.70943E-14  1.71138E-14  1.71328E-14  
591510    2.89334E-14  2.89667E-14  2.89996E-14  
591520    2.21986E-15  2.22311E-15  2.22633E-15  
591530    9.67574E-16  9.67878E-16  9.68211E-16  
591540    1.04701E-16  1.04824E-16  1.04951E-16  
591550    8.88418E-18  8.88124E-18  8.87905E-18  
591560    1.09787E-18  1.09663E-18  1.09553E-18  
591570    1.08571E-19  1.08329E-19  1.08103E-19  
591580    1.55599E-21  1.55166E-21  1.54758E-21  
591590    5.63852E-23  5.62076E-23  5.60392E-23  
591600    8.77529E-16  9.32897E-16  9.88086E-16  
591610    2.37950E-17  2.52943E-17  2.67885E-17  
591620    2.55252E-20  2.71401E-20  2.87501E-20  
591630    9.68908E-22  1.02993E-21  1.09075E-21  
591640    1.80904E-23  1.94908E-23  2.08862E-23  
601400    7.96441E-23  8.98431E-23  1.00599E-22  
601410    2.28582E-20  2.50099E-20  2.72386E-20  
601420    1.10255E-09  1.24754E-09  1.40106E-09  
601430    1.40425E-06  1.49019E-06  1.57575E-06  
601440    9.01998E-07  9.83477E-07  1.06584E-06  
601450    9.82337E-07  1.04233E-06  1.10217E-06  
601460    7.67434E-07  8.14920E-07  8.62356E-07  
601470    8.55729E-09  8.54753E-09  8.53802E-09  
601480    4.34382E-07  4.61407E-07  4.88417E-07  
601490    2.85115E-11  2.85214E-11  2.85313E-11  
601500    1.82488E-07  1.94192E-07  2.05925E-07  
601510    1.46001E-12  1.46558E-12  1.47103E-12  
601520    8.80680E-13  8.85417E-13  8.90041E-13  
601530    2.36015E-14  2.37095E-14  2.38150E-14  
601540    8.93623E-15  8.99979E-15  9.06192E-15  
601550    1.05087E-15  1.05824E-15  1.06546E-15  
601560    2.03800E-16  2.05305E-16  2.06785E-16  
601570    1.31605E-17  1.32305E-17  1.33003E-17  
601580    1.49173E-18  1.49529E-18  1.49901E-18  
601590    9.25851E-20  9.25896E-20  9.26091E-20  
601600    5.68031E-21  5.67187E-21  5.66439E-21  
601610    2.11295E-22  2.10804E-22  2.10350E-22  
601620    6.77595E-16  7.20451E-16  7.63176E-16  
601630    2.37415E-17  2.52382E-17  2.67297E-17  
601640    5.89871E-19  6.27024E-19  6.64045E-19  
601650    2.79583E-21  2.97193E-21  3.14740E-21  
601660    1.22266E-22  1.30093E-22  1.37893E-22  
601670    0.00000E+00  0.00000E+00  0.00000E+00  
611430    0.00000E+00  0.00000E+00  0.00000E+00  
611440    9.81676E-21  1.05549E-20  1.12856E-20  
611450    4.04145E-16  4.43115E-16  4.83287E-16  
611460    5.61673E-15  5.88849E-15  6.11802E-15  
611470    3.90854E-07  4.06439E-07  4.21228E-07  
611480    6.27062E-11  6.50008E-11  6.71604E-11  
611481    3.00693E-10  3.12151E-10  3.23257E-10  
611490    8.79389E-10  8.79849E-10  8.80301E-10  
611500    3.19442E-14  3.21582E-14  3.23677E-14  
611510    2.00755E-10  2.01548E-10  2.02322E-10  
611520    3.20597E-13  3.22377E-13  3.24114E-13  
611521    4.17447E-15  4.29850E-15  4.41924E-15  
611530    2.56417E-13  2.57996E-13  2.59538E-13  
611540    4.03205E-14  4.06855E-14  4.10419E-14  
611541    6.98132E-15  7.15214E-15  7.31851E-15  
611550    8.90775E-15  9.03056E-15  9.15042E-15  
611560    2.67294E-15  2.71974E-15  2.76544E-15  
611570    3.90567E-16  3.97897E-16  4.05068E-16  
611580    4.62355E-17  4.69859E-17  4.77239E-17  
611590    3.16883E-18  3.21211E-18  3.25488E-18  
611600    5.06987E-19  5.11514E-19  5.16035E-19  
611610    4.16497E-20  4.18762E-20  4.21058E-20  
611620    6.65897E-22  6.66667E-22  6.67443E-22  
611630    5.30045E-23  5.28791E-23  5.27594E-23  
611640    1.15455E-15  1.22744E-15  1.30010E-15  
611650    5.38597E-17  5.72544E-17  6.06373E-17  
611660    2.20735E-18  2.34640E-18  2.48496E-18  
611670    1.80421E-19  1.91785E-19  2.03109E-19  
611680    3.64460E-22  3.87417E-22  4.10293E-22  
611690    1.36315E-23  1.46867E-23  1.57383E-23  
621440    0.00000E+00  0.00000E+00  0.00000E+00  
621450    6.31267E-18  7.14944E-18  8.05285E-18  
621460    3.18140E-14  3.79422E-14  4.47153E-14  
621470    1.65960E-07  1.84815E-07  2.04377E-07  
621480    8.51212E-09  9.55434E-09  1.06459E-08  
621490    2.47625E-08  2.48665E-08  2.49692E-08  
621500    2.61250E-07  2.79099E-07  2.96946E-07  
621510    7.24853E-08  7.52707E-08  7.79276E-08  
621520    1.21761E-07  1.31571E-07  1.41545E-07  
621530    1.54952E-10  1.57227E-10  1.59499E-10  
621540    2.47434E-08  2.64816E-08  2.82385E-08  
621550    3.09531E-13  3.14260E-13  3.18876E-13  
621560    4.56560E-12  4.66279E-12  4.75757E-12  
621570    3.33340E-14  3.41685E-14  3.49829E-14  
621580    1.10492E-14  1.13309E-14  1.16059E-14  
621590    1.39471E-16  1.43335E-16  1.47112E-16  
621600    3.64578E-17  3.74754E-17  3.84707E-17  
621610    3.63647E-18  3.73643E-18  3.83441E-18  
621620    2.65113E-19  2.71820E-19  2.78354E-19  
621630    2.96497E-20  2.99413E-20  3.02261E-20  
621640    3.55793E-21  3.55963E-21  3.56143E-21  
621650    2.76019E-22  2.75316E-22  2.74644E-22  
621660    2.66811E-15  2.83661E-15  3.00456E-15  
621670    2.00571E-16  2.13207E-16  2.25799E-16  
621680    9.66928E-18  1.02783E-17  1.08853E-17  
621690    4.10097E-19  4.35929E-19  4.61671E-19  
621700    0.00000E+00  0.00000E+00  0.00000E+00  
621710    1.97585E-23  2.12880E-23  2.28122E-23  
621720    0.00000E+00  0.00000E+00  0.00000E+00  
631470    0.00000E+00  0.00000E+00  0.00000E+00  
631490    3.78356E-20  3.95815E-20  4.20038E-20  
631510    6.67801E-10  7.28006E-10  7.88475E-10  
631520    1.28031E-10  1.46624E-10  1.66260E-10  
631521    1.19277E-13  1.29566E-13  1.39844E-13  
631530    4.99300E-08  5.34365E-08  5.69862E-08  
631540    1.11010E-09  1.24254E-09  1.38123E-09  
631541    1.97327E-15  2.10375E-15  2.23520E-15  
631550    7.46694E-09  7.82199E-09  8.16841E-09  
631560    3.02546E-10  3.12064E-10  3.21305E-10  
631570    3.90151E-12  4.00138E-12  4.09882E-12  
631580    1.05105E-13  1.07935E-13  1.10697E-13  
631590    1.80523E-14  1.86177E-14  1.91698E-14  
631600    2.55303E-16  2.63970E-16  2.72430E-16  
631610    6.54332E-17  6.78979E-17  7.03038E-17  
631620    6.86970E-18  7.14256E-18  7.40823E-18  
631630    1.29087E-18  1.33390E-18  1.37580E-18  
631640    9.48612E-20  9.66180E-20  9.83307E-20  
631650    1.95394E-20  1.96702E-20  1.97983E-20  
631660    8.50160E-22  8.49807E-22  8.49498E-22  
631670    9.86944E-23  9.83726E-23  9.80637E-23  
631680    4.10829E-15  4.36725E-15  4.62531E-15  
631690    3.58449E-16  3.81031E-16  4.03533E-16  
631700    1.76364E-17  1.87472E-17  1.98542E-17  
631710    4.67453E-19  4.96896E-19  5.26235E-19  
631720    1.02531E-19  1.08989E-19  1.15424E-19  
641490    0.00000E+00  0.00000E+00  0.00000E+00  
641500    5.27510E-21  6.47593E-21  7.86200E-21  
641510    1.36784E-18  1.64425E-18  1.94287E-18  
641520    6.47390E-11  7.53828E-11  8.68988E-11  
641530    8.22849E-13  9.85066E-13  1.16435E-12  
641540    8.92474E-11  1.06351E-10  1.25427E-10  
641550    6.44369E-10  6.89493E-10  7.33952E-10  
641560    1.10025E-08  1.20824E-08  1.32003E-08  
641570    2.69585E-10  2.77865E-10  2.86028E-10  
641580    4.94554E-09  5.37617E-09  5.81815E-09  
641590    1.12763E-12  1.16351E-12  1.19855E-12  
641600    3.09366E-10  3.38609E-10  3.68844E-10  
641610    7.14243E-16  7.42467E-16  7.70001E-16  
641620    6.73179E-16  7.02280E-16  7.30611E-16  
641630    3.53405E-17  3.68099E-17  3.82406E-17  
641640    7.76880E-18  8.06230E-18  8.34808E-18  
641650    5.59198E-19  5.75756E-19  5.91884E-19  
641660    9.96822E-20  1.01551E-19  1.03373E-19  
641670    2.07098E-20  2.07269E-20  2.07443E-20  
641680    6.94476E-22  6.92643E-22  6.90901E-22  
641690    5.25415E-22  5.23628E-22  5.21917E-22  
641700    5.29325E-15  5.62678E-15  5.95916E-15  
641710    5.19541E-16  5.52268E-16  5.84879E-16  
641720    1.23502E-16  1.31280E-16  1.39031E-16  
651530    0.00000E+00  0.00000E+00  0.00000E+00  
651550    1.17764E-21  1.23565E-21  1.29217E-21  
651560    7.43712E-20  7.80274E-20  8.15870E-20  
651561    1.41964E-21  1.48889E-21  1.55631E-21  
651570    1.55457E-16  1.73560E-16  1.92491E-16  
651580    5.07046E-16  5.39087E-16  5.70758E-16  
651581    6.62722E-23  6.94715E-23  7.25861E-23  
651590    7.47849E-10  8.15397E-10  8.85018E-10  
651600    5.21339E-13  5.70956E-13  6.21505E-13  
651610    1.93581E-12  2.01321E-12  2.08872E-12  
651620    6.18499E-16  6.45264E-16  6.71322E-16  
651621    6.04798E-13  6.75259E-13  7.48994E-13  
651630    6.74470E-16  7.02933E-16  7.30645E-16  
651640    3.89836E-17  4.05327E-17  4.20410E-17  
651650    1.15764E-17  1.19945E-17  1.24017E-17  
651660    1.08781E-18  1.12129E-18  1.15390E-18  
651670    3.02203E-19  3.05848E-19  3.09405E-19  
651680    5.55772E-20  5.56616E-20  5.57476E-20  
651690    6.10815E-21  6.09704E-21  6.08659E-21  
651700    2.97628E-21  2.96655E-21  2.95725E-21  
651710    1.46313E-22  1.45795E-22  1.45299E-22  
651720    1.15557E-14  1.22835E-14  1.30088E-14  
661540    0.00000E+00  0.00000E+00  0.00000E+00  
661550    0.00000E+00  0.00000E+00  0.00000E+00  
661560    0.00000E+00  0.00000E+00  0.00000E+00  
661570    0.00000E+00  0.00000E+00  0.00000E+00  
661580    5.98445E-19  6.77712E-19  7.61526E-19  
661590    1.53569E-18  1.63987E-18  1.74364E-18  
661600    2.09209E-12  2.43484E-12  2.80886E-12  
661610    1.23849E-10  1.36264E-10  1.49125E-10  
661620    5.36706E-11  5.96085E-11  6.58176E-11  
661630    2.26233E-11  2.50736E-11  2.76320E-11  
661640    7.93715E-12  8.71612E-12  9.52029E-12  
661650    1.11735E-15  1.17616E-15  1.23500E-15  
661651    1.82375E-18  1.99335E-18  2.16753E-18  
661660    1.51543E-14  1.56640E-14  1.61604E-14  
661670    7.30831E-18  7.44104E-18  7.57043E-18  
661680    4.82128E-18  4.86481E-18  4.90748E-18  
661690    1.87753E-19  1.88392E-19  1.89026E-19  
661700    7.27394E-20  7.26453E-20  7.25581E-20  
661710    7.35454E-21  7.33565E-21  7.31762E-21  
661720    4.83456E-21  4.81737E-21  4.80084E-21  
671590    0.00000E+00  0.00000E+00  0.00000E+00  
671591    0.00000E+00  0.00000E+00  0.00000E+00  
671610    1.51937E-23  1.59355E-23  1.66581E-23  
671611    0.00000E+00  0.00000E+00  0.00000E+00  
671620    2.69767E-23  2.82906E-23  2.95700E-23  
671621    1.14945E-22  1.20543E-22  1.25995E-22  
671630    2.09678E-17  2.34324E-17  2.60126E-17  
671631    0.00000E+00  0.00000E+00  0.00000E+00  
671640    6.83610E-21  7.17169E-21  7.49878E-21  
671641    6.14615E-21  6.44534E-21  6.73660E-21  
671650    4.85892E-12  5.39449E-12  5.95738E-12  
671660    5.08740E-15  5.26696E-15  5.44269E-15  
671661    2.53775E-15  2.82417E-15  3.12284E-15  
671670    2.21791E-16  2.25937E-16  2.29983E-16  
671680    1.68778E-18  1.70414E-18  1.72017E-18  
671690    1.42332E-18  1.43030E-18  1.43718E-18  
671700    4.14849E-19  4.14564E-19  4.14310E-19  
671701    3.46083E-21  3.52145E-21  3.58067E-21  
671710    7.74016E-20  7.73255E-20  7.72552E-20  
671720    5.96254E-20  5.94289E-20  5.92403E-20  
681610    0.00000E+00  0.00000E+00  0.00000E+00  
681620    0.00000E+00  0.00000E+00  0.00000E+00  
681630    0.00000E+00  0.00000E+00  0.00000E+00  
681640    5.38467E-17  6.01874E-17  6.68277E-17  
681650    9.08458E-22  9.75591E-22  1.04370E-21  
681660    2.21067E-12  2.42193E-12  2.64043E-12  
681670    9.18582E-13  9.85790E-13  1.05366E-12  
681671    5.57117E-21  5.68938E-21  5.80571E-21  
681680    6.13208E-13  6.62859E-13  7.13699E-13  
681690    4.08112E-15  4.10236E-15  4.12291E-15  
681700    1.57065E-13  1.67281E-13  1.77498E-13  
681710    4.00600E-17  4.00440E-17  4.00304E-17  
681720    4.32282E-16  4.30952E-16  4.29677E-16  
691650    0.00000E+00  0.00000E+00  0.00000E+00  
691660    0.00000E+00  0.00000E+00  0.00000E+00  
691670    1.09645E-24  1.17258E-24  1.25221E-24  
691680    1.76497E-20  1.89686E-20  2.02402E-20  
691690    2.83396E-13  3.02708E-13  3.22084E-13  
691700    1.31406E-15  1.41907E-15  1.52362E-15  
691710    5.54710E-14  5.75122E-14  5.94194E-14  
691720    5.64227E-16  5.62731E-16  5.61289E-16  
701670    0.00000E+00  0.00000E+00  0.00000E+00  
701680    0.00000E+00  0.00000E+00  0.00000E+00  
701690    4.10018E-23  4.77171E-23  5.47650E-23  
701691    0.00000E+00  0.00000E+00  0.00000E+00  
701700    3.12759E-15  3.61191E-15  4.13330E-15  
701710    3.33185E-14  3.69805E-14  4.07689E-14  
701720    1.51661E-13  1.61389E-13  1.71095E-13  
701730    3.93143E-17  4.43392E-17  4.96564E-17  
701740    8.08888E-20  9.70081E-20  1.15055E-19  
701750    3.56402E-24  4.26335E-24  5.04358E-24  
701760    0.00000E+00  0.00000E+00  0.00000E+00  
711710    0.00000E+00  0.00000E+00  0.00000E+00  
711711    0.00000E+00  0.00000E+00  0.00000E+00  
711720    0.00000E+00  0.00000E+00  0.00000E+00  
711721    0.00000E+00  0.00000E+00  0.00000E+00  
711750    1.51949E-22  1.94474E-22  2.45043E-22  
711760    0.00000E+00  0.00000E+00  0.00000E+00  
721740    0.00000E+00  0.00000E+00  0.00000E+00  
721750    0.00000E+00  0.00000E+00  0.00000E+00  
721760    0.00000E+00  0.00000E+00  0.00000E+00  
721770    0.00000E+00  0.00000E+00  0.00000E+00  
721780    0.00000E+00  0.00000E+00  0.00000E+00  
721790    0.00000E+00  0.00000E+00  0.00000E+00  
721800    0.00000E+00  0.00000E+00  0.00000E+00  
721810    0.00000E+00  0.00000E+00  0.00000E+00  
721820    0.00000E+00  0.00000E+00  0.00000E+00  
731800    0.00000E+00  0.00000E+00  0.00000E+00  
731810    0.00000E+00  0.00000E+00  0.00000E+00  
731820    0.00000E+00  0.00000E+00  0.00000E+00  
741800    0.00000E+00  0.00000E+00  0.00000E+00  
741810    0.00000E+00  0.00000E+00  0.00000E+00  
741820    0.00000E+00  0.00000E+00  0.00000E+00  
741830    0.00000E+00  0.00000E+00  0.00000E+00  
741840    0.00000E+00  0.00000E+00  0.00000E+00  
741850    0.00000E+00  0.00000E+00  0.00000E+00  
741860    0.00000E+00  0.00000E+00  0.00000E+00  
751850    0.00000E+00  0.00000E+00  0.00000E+00  
751860    0.00000E+00  0.00000E+00  0.00000E+00  
751861    0.00000E+00  0.00000E+00  0.00000E+00  
751870    0.00000E+00  0.00000E+00  0.00000E+00  
761840    0.00000E+00  0.00000E+00  0.00000E+00  
761850    0.00000E+00  0.00000E+00  0.00000E+00  
761860    0.00000E+00  0.00000E+00  0.00000E+00  
761870    0.00000E+00  0.00000E+00  0.00000E+00  
761880    0.00000E+00  0.00000E+00  0.00000E+00  
761890    0.00000E+00  0.00000E+00  0.00000E+00  
761900    0.00000E+00  0.00000E+00  0.00000E+00  
761910    0.00000E+00  0.00000E+00  0.00000E+00  
761920    0.00000E+00  0.00000E+00  0.00000E+00  
771910    0.00000E+00  0.00000E+00  0.00000E+00  
771911    0.00000E+00  0.00000E+00  0.00000E+00  
771920    0.00000E+00  0.00000E+00  0.00000E+00  
771930    0.00000E+00  0.00000E+00  0.00000E+00  
771940    0.00000E+00  0.00000E+00  0.00000E+00  
771941    0.00000E+00  0.00000E+00  0.00000E+00  
781900    0.00000E+00  0.00000E+00  0.00000E+00  
781910    0.00000E+00  0.00000E+00  0.00000E+00  
781920    0.00000E+00  0.00000E+00  0.00000E+00  
781930    0.00000E+00  0.00000E+00  0.00000E+00  
781940    0.00000E+00  0.00000E+00  0.00000E+00  
781950    0.00000E+00  0.00000E+00  0.00000E+00  
781960    0.00000E+00  0.00000E+00  0.00000E+00  
781970    0.00000E+00  0.00000E+00  0.00000E+00  
781980    0.00000E+00  0.00000E+00  0.00000E+00  
791970    0.00000E+00  0.00000E+00  0.00000E+00  
791971    0.00000E+00  0.00000E+00  0.00000E+00  
801960    0.00000E+00  0.00000E+00  0.00000E+00  
801970    0.00000E+00  0.00000E+00  0.00000E+00  
801971    0.00000E+00  0.00000E+00  0.00000E+00  
801980    0.00000E+00  0.00000E+00  0.00000E+00  
801990    0.00000E+00  0.00000E+00  0.00000E+00  
802000    0.00000E+00  0.00000E+00  0.00000E+00  
802010    0.00000E+00  0.00000E+00  0.00000E+00  
802020    0.00000E+00  0.00000E+00  0.00000E+00  
802030    0.00000E+00  0.00000E+00  0.00000E+00  
802040    0.00000E+00  0.00000E+00  0.00000E+00  
802060    0.00000E+00  0.00000E+00  0.00000E+00  
812030    0.00000E+00  0.00000E+00  0.00000E+00  
812040    0.00000E+00  0.00000E+00  0.00000E+00  
812050    0.00000E+00  0.00000E+00  0.00000E+00  
812060    0.00000E+00  0.00000E+00  0.00000E+00  
812070    1.08940E-23  1.23642E-23  1.39278E-23  
812080    2.36604E-22  2.79896E-22  3.27720E-22  
812090    0.00000E+00  0.00000E+00  0.00000E+00  
812100    0.00000E+00  0.00000E+00  0.00000E+00  
822040    0.00000E+00  0.00000E+00  0.00000E+00  
822050    0.00000E+00  0.00000E+00  0.00000E+00  
822060    1.49369E-21  1.94842E-21  2.50064E-21  
822070    7.70918E-19  9.31802E-19  1.11368E-18  
822080    5.94506E-17  7.49279E-17  9.31389E-17  
822090    1.23856E-24  1.42595E-24  1.62749E-24  
822100    1.20701E-19  1.43795E-19  1.69605E-19  
822110    8.26765E-23  9.38339E-23  1.05700E-22  
822120    1.37684E-19  1.62874E-19  1.90702E-19  
822140    8.26839E-24  9.33145E-24  1.04577E-23  
832080    0.00000E+00  0.00000E+00  0.00000E+00  
832090    2.01007E-21  2.45882E-21  2.97311E-21  
832100    7.31512E-23  8.72466E-23  1.03013E-22  
832101    0.00000E+00  0.00000E+00  0.00000E+00  
832110    4.90103E-24  5.56245E-24  6.26586E-24  
832120    1.30567E-20  1.54458E-20  1.80848E-20  
832130    0.00000E+00  0.00000E+00  0.00000E+00  
832140    6.14058E-24  6.93009E-24  7.76656E-24  
832150    0.00000E+00  0.00000E+00  0.00000E+00  
842080    0.00000E+00  0.00000E+00  0.00000E+00  
842090    0.00000E+00  0.00000E+00  0.00000E+00  
842100    1.24099E-21  1.51683E-21  1.83137E-21  
842110    0.00000E+00  0.00000E+00  0.00000E+00  
842120    0.00000E+00  0.00000E+00  0.00000E+00  
842130    0.00000E+00  0.00000E+00  0.00000E+00  
842140    0.00000E+00  0.00000E+00  0.00000E+00  
842150    0.00000E+00  0.00000E+00  0.00000E+00  
842160    0.00000E+00  0.00000E+00  0.00000E+00  
842180    0.00000E+00  1.07896E-24  1.20918E-24  
852150    0.00000E+00  0.00000E+00  0.00000E+00  
852170    0.00000E+00  0.00000E+00  0.00000E+00  
852180    0.00000E+00  0.00000E+00  0.00000E+00  
852190    0.00000E+00  0.00000E+00  0.00000E+00  
862170    0.00000E+00  0.00000E+00  0.00000E+00  
862180    0.00000E+00  0.00000E+00  0.00000E+00  
862190    0.00000E+00  0.00000E+00  0.00000E+00  
862200    2.00191E-22  2.36792E-22  2.77223E-22  
862220    1.69911E-21  1.91755E-21  2.14899E-21  
872210    0.00000E+00  0.00000E+00  0.00000E+00  
872220    0.00000E+00  0.00000E+00  0.00000E+00  
872230    0.00000E+00  0.00000E+00  0.00000E+00  
882220    0.00000E+00  0.00000E+00  0.00000E+00  
882230    3.76977E-20  4.27850E-20  4.81953E-20  
882240    1.13858E-18  1.34676E-18  1.57670E-18  
882250    1.40229E-22  1.61086E-22  1.83510E-22  
882260    2.62408E-16  2.95962E-16  3.31502E-16  
882280    7.65330E-22  8.55683E-22  9.50140E-22  
892250    9.12412E-23  1.05022E-22  1.19839E-22  
892260    0.00000E+00  0.00000E+00  0.00000E+00  
892270    2.85512E-17  3.22455E-17  3.61650E-17  
892280    1.08073E-21  1.21619E-21  1.35929E-21  
902260    0.00000E+00  1.07282E-24  1.14408E-24  
902270    6.27150E-20  7.10438E-20  7.98934E-20  
902280    2.20268E-16  2.60317E-16  3.04531E-16  
902290    1.65265E-17  1.87354E-17  2.10804E-17  
902300    1.96931E-11  2.09013E-11  2.21069E-11  
902310    1.72583E-15  1.74718E-15  1.76839E-15  
902320    1.17739E-11  1.24626E-11  1.31467E-11  
902330    4.47912E-19  4.72387E-19  4.96576E-19  
902340    6.66539E-13  6.66517E-13  6.66495E-13  
912290    2.49034E-24  2.65215E-24  2.81474E-24  
912300    1.08676E-20  1.16264E-20  1.23566E-20  
912310    1.03050E-12  1.10132E-12  1.17280E-12  
912320    1.06764E-16  1.13699E-16  1.20668E-16  
912330    3.05607E-15  3.26903E-15  3.48264E-15  
912340    1.23621E-17  1.23622E-17  1.23624E-17  
912341    2.22602E-17  2.22595E-17  2.22588E-17  
922300    9.69763E-22  1.04957E-21  1.11921E-21  
922310    1.31545E-23  1.47651E-23  1.64634E-23  
922320    2.89642E-14  3.26871E-14  3.66379E-14  
922330    8.06335E-13  8.56920E-13  9.07334E-13  
922340    2.41200E-06  2.40933E-06  2.40666E-06  
922350    3.01326E-04  2.99810E-04  2.98306E-04  
922351    5.70588E-13  5.70221E-13  5.69891E-13  
922360    4.24408E-06  4.48776E-06  4.72929E-06  
922370    7.51829E-10  7.58009E-10  7.64130E-10  
922380    4.51348E-02  4.51333E-02  4.51318E-02  
922390    4.98122E-10  4.96298E-10  4.94545E-10  
922400    4.89262E-15  4.85702E-15  4.82292E-15  
922410    4.39698E-22  4.34915E-22  4.30350E-22  
932340    0.00000E+00  0.00000E+00  0.00000E+00  
932350    1.04394E-17  1.13954E-17  1.23826E-17  
932360    6.97345E-15  7.89772E-15  8.87144E-15  
932361    4.10284E-22  4.46274E-22  4.83282E-22  
932370    6.97818E-08  7.47414E-08  7.97333E-08  
932380    6.62684E-12  7.07349E-12  7.52083E-12  
932390    7.20614E-08  7.17975E-08  7.15439E-08  
932400    2.97076E-14  2.94915E-14  2.92844E-14  
932401    6.39156E-15  6.34506E-15  6.30051E-15  
932410    1.22236E-21  1.20906E-21  1.19637E-21  
942360    9.55397E-20  1.12043E-19  1.30050E-19  
942370    8.48336E-16  8.34924E-16  8.54965E-16  
942380    1.10597E-09  1.25810E-09  1.42161E-09  
942390    1.98969E-05  2.09412E-05  2.19642E-05  
942400    1.01867E-06  1.13451E-06  1.25519E-06  
942410    4.93532E-08  5.78976E-08  6.72712E-08  
942420    9.06222E-10  1.13156E-09  1.39384E-09  
942430    4.40525E-15  5.48107E-15  6.72823E-15  
942440    2.11886E-17  2.88598E-17  3.85756E-17  
942450    9.44091E-24  1.28148E-23  1.70719E-23  
942460    0.00000E+00  0.00000E+00  0.00000E+00  
952400    6.01798E-19  7.50226E-19  9.22365E-19  
952410    1.78898E-09  2.23680E-09  2.75802E-09  
952420    2.47574E-13  3.08494E-13  3.79125E-13  
952421    4.12993E-12  5.41479E-12  6.98108E-12  
952430    3.40466E-12  4.54885E-12  5.96543E-12  
952440    4.58191E-18  6.10066E-18  7.97378E-18  
952441    2.94861E-18  3.92527E-18  5.12968E-18  
952450    7.09201E-23  9.41394E-23  1.22685E-22  
952461    0.00000E+00  0.00000E+00  0.00000E+00  
962400    1.09833E-23  1.36771E-23  1.73023E-23  
962410    8.59374E-20  1.12250E-19  1.43224E-19  
962420    2.58567E-11  3.32669E-11  4.21146E-11  
962430    1.82495E-14  2.50587E-14  3.36945E-14  
962440    2.15021E-14  3.05505E-14  4.24626E-14  
962450    2.51656E-17  3.79653E-17  5.58366E-17  
962460    9.27495E-20  1.48424E-19  2.30972E-19  
962470    1.48224E-23  2.62612E-23  4.42193E-23  
962480    0.00000E+00  0.00000E+00  0.00000E+00  
962490    0.00000E+00  0.00000E+00  0.00000E+00  
962500    0.00000E+00  0.00000E+00  0.00000E+00  
972450    0.00000E+00  0.00000E+00  0.00000E+00  
972460    0.00000E+00  0.00000E+00  0.00000E+00  
972470    0.00000E+00  0.00000E+00  0.00000E+00  
972480    0.00000E+00  0.00000E+00  0.00000E+00  
972490    0.00000E+00  0.00000E+00  0.00000E+00  
972500    0.00000E+00  0.00000E+00  0.00000E+00  
972510    0.00000E+00  0.00000E+00  0.00000E+00  
982460    0.00000E+00  0.00000E+00  0.00000E+00  
982470    0.00000E+00  0.00000E+00  0.00000E+00  
982480    0.00000E+00  0.00000E+00  0.00000E+00  
982490    0.00000E+00  0.00000E+00  0.00000E+00  
982500    0.00000E+00  0.00000E+00  0.00000E+00  
982510    0.00000E+00  0.00000E+00  0.00000E+00  
982520    0.00000E+00  0.00000E+00  0.00000E+00  
982530    0.00000E+00  0.00000E+00  0.00000E+00  
982540    0.00000E+00  0.00000E+00  0.00000E+00  
992510    0.00000E+00  0.00000E+00  0.00000E+00  
992520    0.00000E+00  0.00000E+00  0.00000E+00  
992530    0.00000E+00  0.00000E+00  0.00000E+00  
992540    0.00000E+00  0.00000E+00  0.00000E+00  
992541    0.00000E+00  0.00000E+00  0.00000E+00  
992550    0.00000E+00  0.00000E+00  0.00000E+00  
1002540   0.00000E+00  0.00000E+00  0.00000E+00  
1002550   0.00000E+00  0.00000E+00  0.00000E+00  
