TIME      495940.53572190803991881.07144381611487821.607165724
SYS BU    2.90000E-03  5.80000E-03  8.70000E-03  
CELL BU   2.90000E-03  5.80000E-03  8.70000E-03  
FLUX      6.41328E+12  6.41278E+12  6.40969E+12  
POW DENS  9.08389E+00  9.08389E+00  9.08389E+00  
POW       6.00000E-02  6.00000E-02  6.00000E-02  

10010     0.00000E+00  0.00000E+00  0.00000E+00  
10020     0.00000E+00  0.00000E+00  0.00000E+00  
10030     0.00000E+00  0.00000E+00  0.00000E+00  
20030     0.00000E+00  0.00000E+00  0.00000E+00  
20040     0.00000E+00  0.00000E+00  0.00000E+00  
30060     0.00000E+00  0.00000E+00  0.00000E+00  
30070     0.00000E+00  0.00000E+00  0.00000E+00  
40070     0.00000E+00  0.00000E+00  0.00000E+00  
40090     0.00000E+00  0.00000E+00  0.00000E+00  
40100     0.00000E+00  0.00000E+00  0.00000E+00  
50100     0.00000E+00  0.00000E+00  0.00000E+00  
50110     0.00000E+00  0.00000E+00  0.00000E+00  
60120     0.00000E+00  0.00000E+00  0.00000E+00  
60130     0.00000E+00  0.00000E+00  0.00000E+00  
60140     0.00000E+00  0.00000E+00  0.00000E+00  
70140     0.00000E+00  0.00000E+00  0.00000E+00  
70150     0.00000E+00  0.00000E+00  0.00000E+00  
80160     0.00000E+00  0.00000E+00  0.00000E+00  
80170     0.00000E+00  0.00000E+00  0.00000E+00  
80180     0.00000E+00  0.00000E+00  0.00000E+00  
90190     0.00000E+00  0.00000E+00  0.00000E+00  
100200    0.00000E+00  0.00000E+00  0.00000E+00  
100210    0.00000E+00  0.00000E+00  0.00000E+00  
100220    0.00000E+00  0.00000E+00  0.00000E+00  
110220    0.00000E+00  0.00000E+00  0.00000E+00  
110230    0.00000E+00  0.00000E+00  0.00000E+00  
120240    0.00000E+00  0.00000E+00  0.00000E+00  
120250    0.00000E+00  0.00000E+00  0.00000E+00  
120260    0.00000E+00  0.00000E+00  0.00000E+00  
130261    0.00000E+00  0.00000E+00  0.00000E+00  
130270    0.00000E+00  0.00000E+00  0.00000E+00  
140280    0.00000E+00  0.00000E+00  0.00000E+00  
140290    0.00000E+00  0.00000E+00  0.00000E+00  
140300    0.00000E+00  0.00000E+00  0.00000E+00  
140310    0.00000E+00  0.00000E+00  0.00000E+00  
140320    0.00000E+00  0.00000E+00  0.00000E+00  
150310    0.00000E+00  0.00000E+00  0.00000E+00  
150320    0.00000E+00  0.00000E+00  0.00000E+00  
160320    0.00000E+00  0.00000E+00  0.00000E+00  
160330    0.00000E+00  0.00000E+00  0.00000E+00  
160340    0.00000E+00  0.00000E+00  0.00000E+00  
160350    0.00000E+00  0.00000E+00  0.00000E+00  
160360    0.00000E+00  0.00000E+00  0.00000E+00  
170350    0.00000E+00  0.00000E+00  0.00000E+00  
170360    0.00000E+00  0.00000E+00  0.00000E+00  
170370    0.00000E+00  0.00000E+00  0.00000E+00  
180360    0.00000E+00  0.00000E+00  0.00000E+00  
180370    0.00000E+00  0.00000E+00  0.00000E+00  
180380    0.00000E+00  0.00000E+00  0.00000E+00  
180390    0.00000E+00  0.00000E+00  0.00000E+00  
180400    0.00000E+00  0.00000E+00  0.00000E+00  
180410    0.00000E+00  0.00000E+00  0.00000E+00  
190390    0.00000E+00  0.00000E+00  0.00000E+00  
190400    0.00000E+00  0.00000E+00  0.00000E+00  
190410    0.00000E+00  0.00000E+00  0.00000E+00  
200400    0.00000E+00  0.00000E+00  0.00000E+00  
200410    0.00000E+00  0.00000E+00  0.00000E+00  
200420    0.00000E+00  0.00000E+00  0.00000E+00  
200430    0.00000E+00  0.00000E+00  0.00000E+00  
200440    0.00000E+00  0.00000E+00  0.00000E+00  
200450    0.00000E+00  0.00000E+00  0.00000E+00  
200460    0.00000E+00  0.00000E+00  0.00000E+00  
200470    0.00000E+00  0.00000E+00  0.00000E+00  
200480    0.00000E+00  0.00000E+00  0.00000E+00  
210450    0.00000E+00  0.00000E+00  0.00000E+00  
210451    0.00000E+00  0.00000E+00  0.00000E+00  
210470    0.00000E+00  0.00000E+00  0.00000E+00  
210480    0.00000E+00  0.00000E+00  0.00000E+00  
220460    0.00000E+00  0.00000E+00  0.00000E+00  
220470    0.00000E+00  0.00000E+00  0.00000E+00  
220480    0.00000E+00  0.00000E+00  0.00000E+00  
220490    0.00000E+00  0.00000E+00  0.00000E+00  
220500    0.00000E+00  0.00000E+00  0.00000E+00  
220660    0.00000E+00  0.00000E+00  0.00000E+00  
230490    0.00000E+00  0.00000E+00  0.00000E+00  
230500    0.00000E+00  0.00000E+00  0.00000E+00  
230510    0.00000E+00  0.00000E+00  0.00000E+00  
230660    1.15965E-22  2.31921E-22  3.47821E-22  
230670    2.25052E-24  4.50086E-24  6.75010E-24  
230680    0.00000E+00  0.00000E+00  0.00000E+00  
230690    0.00000E+00  0.00000E+00  0.00000E+00  
240500    0.00000E+00  0.00000E+00  0.00000E+00  
240510    0.00000E+00  0.00000E+00  0.00000E+00  
240520    0.00000E+00  0.00000E+00  0.00000E+00  
240530    0.00000E+00  0.00000E+00  0.00000E+00  
240540    0.00000E+00  0.00000E+00  0.00000E+00  
240660    0.00000E+00  0.00000E+00  0.00000E+00  
240670    0.00000E+00  0.00000E+00  0.00000E+00  
240680    3.66158E-21  7.32286E-21  1.09824E-20  
240690    5.63576E-22  1.12711E-21  1.69036E-21  
240710    0.00000E+00  0.00000E+00  0.00000E+00  
250540    0.00000E+00  0.00000E+00  0.00000E+00  
250550    0.00000E+00  0.00000E+00  0.00000E+00  
250660    3.27632E-24  3.27606E-24  3.27448E-24  
250670    3.08774E-24  3.08746E-24  3.08593E-24  
250680    0.00000E+00  0.00000E+00  0.00000E+00  
250690    0.00000E+00  0.00000E+00  0.00000E+00  
250700    3.63722E-20  7.27415E-20  1.09093E-19  
250710    1.81442E-21  3.62869E-21  5.44208E-21  
250720    1.66949E-23  3.33889E-23  5.00758E-23  
250730    3.28289E-24  6.56547E-24  9.84642E-24  
250740    0.00000E+00  0.00000E+00  0.00000E+00  
260540    0.00000E+00  0.00000E+00  0.00000E+00  
260550    0.00000E+00  0.00000E+00  0.00000E+00  
260560    0.00000E+00  0.00000E+00  0.00000E+00  
260570    0.00000E+00  0.00000E+00  0.00000E+00  
260580    0.00000E+00  0.00000E+00  0.00000E+00  
260660    3.10267E-22  3.10270E-22  3.10152E-22  
260670    8.68319E-22  8.68224E-22  8.67781E-22  
260680    2.20870E-22  2.20848E-22  2.20738E-22  
260690    4.25542E-23  4.25507E-23  4.25302E-23  
260700    8.96267E-24  8.96202E-24  8.95780E-24  
260710    0.00000E+00  0.00000E+00  0.00000E+00  
260720    0.00000E+00  0.00000E+00  0.00000E+00  
260730    8.55647E-20  1.71119E-19  2.56628E-19  
260740    3.62075E-21  7.24120E-21  1.08599E-20  
260750    7.08666E-23  1.41721E-22  2.12536E-22  
260770    2.55763E-24  5.11504E-24  7.67122E-24  
270580    0.00000E+00  0.00000E+00  0.00000E+00  
270581    0.00000E+00  0.00000E+00  0.00000E+00  
270590    0.00000E+00  0.00000E+00  0.00000E+00  
270660    2.21981E-22  2.22048E-22  2.22035E-22  
270670    2.40401E-21  2.40392E-21  2.40289E-21  
270680    1.18452E-21  1.18456E-21  1.18413E-21  
270690    1.19065E-21  1.19079E-21  1.19048E-21  
270700    3.83923E-22  3.84003E-22  3.83939E-22  
270710    1.27620E-22  1.27625E-22  1.27582E-22  
270720    3.15541E-23  3.15542E-23  3.15423E-23  
270730    1.11094E-23  1.11079E-23  1.11019E-23  
270740    1.10658E-24  1.10641E-24  1.10580E-24  
270750    0.00000E+00  0.00000E+00  0.00000E+00  
270760    1.21456E-19  2.42889E-19  3.64250E-19  
270770    5.00881E-20  1.00172E-19  1.50231E-19  
270780    5.39798E-22  1.07953E-21  1.61897E-21  
270790    1.13729E-22  2.27449E-22  3.41113E-22  
280580    0.00000E+00  0.00000E+00  0.00000E+00  
280590    0.00000E+00  0.00000E+00  0.00000E+00  
280600    0.00000E+00  0.00000E+00  0.00000E+00  
280610    0.00000E+00  0.00000E+00  0.00000E+00  
280620    0.00000E+00  0.00000E+00  0.00000E+00  
280630    0.00000E+00  0.00000E+00  0.00000E+00  
280640    0.00000E+00  4.05027E-24  1.22424E-23  
280660    1.86908E-16  2.19503E-16  2.25198E-16  
280670    1.35779E-19  1.35787E-19  1.35743E-19  
280680    2.70230E-19  2.70324E-19  2.70320E-19  
280690    1.57680E-19  1.57807E-19  1.57885E-19  
280700    1.24804E-19  1.24970E-19  1.25102E-19  
280710    6.52607E-20  6.53051E-20  6.53286E-20  
280720    5.63695E-20  5.63917E-20  5.63949E-20  
280730    3.15757E-20  3.15729E-20  3.15582E-20  
280740    1.49765E-20  1.49730E-20  1.49638E-20  
280750    4.45332E-21  4.45188E-21  4.44869E-21  
280760    5.55334E-22  5.55108E-22  5.54661E-22  
280770    2.28316E-23  2.28244E-23  2.28079E-23  
280780    6.21650E-24  6.21509E-24  6.21118E-24  
280790    2.78380E-18  5.56739E-18  8.34964E-18  
280800    4.58556E-20  9.17066E-20  1.37534E-19  
280810    1.33322E-21  2.66634E-21  3.99881E-21  
290630    0.00000E+00  0.00000E+00  0.00000E+00  
290640    0.00000E+00  0.00000E+00  0.00000E+00  
290650    0.00000E+00  0.00000E+00  0.00000E+00  
290660    2.92050E-19  3.43074E-19  3.51990E-19  
290670    1.13324E-15  1.37520E-15  1.42648E-15  
290680    2.91964E-19  2.92080E-19  2.92092E-19  
290681    1.26412E-20  1.27314E-20  1.28238E-20  
290690    2.48740E-18  2.49030E-18  2.49247E-18  
290700    1.01780E-18  1.01985E-18  1.02169E-18  
290701    8.57927E-20  8.65433E-20  8.73201E-20  
290710    8.21117E-19  8.22799E-19  8.24308E-19  
290720    6.05287E-19  6.06452E-19  6.07485E-19  
290730    1.03605E-18  1.03669E-18  1.03700E-18  
290740    5.50105E-19  5.50238E-19  5.50181E-19  
290750    5.20732E-19  5.20661E-19  5.20395E-19  
290760    2.22616E-19  2.22539E-19  2.22376E-19  
290770    9.32944E-20  9.32584E-20  9.31856E-20  
290780    2.02970E-20  2.02900E-20  2.02748E-20  
290790    1.33059E-21  1.33056E-21  1.33000E-21  
290800    1.48029E-22  1.48006E-22  1.47923E-22  
290810    2.56635E-17  5.13252E-17  7.69748E-17  
290820    2.22930E-18  4.45832E-18  6.68618E-18  
290830    3.21793E-20  6.43555E-20  9.65156E-20  
290840    2.02095E-21  4.04174E-21  6.06155E-21  
300640    0.00000E+00  0.00000E+00  0.00000E+00  
300650    0.00000E+00  0.00000E+00  0.00000E+00  
300660    2.08541E-16  5.71789E-16  9.62030E-16  
300670    1.09174E-15  3.07496E-15  5.24811E-15  
300680    3.22930E-15  6.46018E-15  9.69117E-15  
300690    4.92458E-17  4.93041E-17  4.93482E-17  
300691    2.62343E-19  2.74657E-19  2.87914E-19  
300700    8.36538E-15  1.67498E-14  2.51539E-14  
300710    6.23715E-18  6.25058E-18  6.26275E-18  
300711    1.97322E-17  2.00410E-17  2.03687E-17  
300720    1.68497E-14  1.90597E-14  1.93946E-14  
300730    1.01665E-17  1.01817E-17  1.01945E-17  
300740    1.24318E-16  1.24427E-16  1.24500E-16  
300750    3.47234E-17  3.47315E-17  3.47276E-17  
300760    4.25841E-17  4.25790E-17  4.25582E-17  
300770    2.61122E-17  2.61033E-17  2.60843E-17  
300780    2.11837E-17  2.11748E-17  2.11577E-17  
300790    7.00786E-18  7.00482E-18  6.99899E-18  
300800    6.32460E-19  6.32237E-19  6.31765E-19  
300810    2.56434E-20  2.56454E-20  2.56374E-20  
300820    3.29188E-21  3.29063E-21  3.28806E-21  
300830    1.05956E-22  1.05943E-22  1.05888E-22  
300840    1.65360E-15  3.30630E-15  4.95745E-15  
300850    4.29980E-19  8.59918E-19  1.28964E-18  
300860    3.29010E-19  6.57853E-19  9.86394E-19  
300870    1.43914E-21  2.87817E-21  4.31650E-21  
310660    0.00000E+00  0.00000E+00  0.00000E+00  
310670    0.00000E+00  0.00000E+00  0.00000E+00  
310680    0.00000E+00  0.00000E+00  0.00000E+00  
310690    4.94839E-15  9.95363E-15  1.49631E-14  
310700    1.47014E-22  2.26031E-22  3.07761E-22  
310710    1.50227E-14  3.01037E-14  4.52199E-14  
310720    4.79180E-15  5.74315E-15  5.88148E-15  
310721    1.43945E-22  1.62590E-22  1.65575E-22  
310730    7.65263E-15  7.66518E-15  7.67606E-15  
310740    6.57925E-16  6.58658E-16  6.59210E-16  
310741    2.71562E-19  2.73542E-19  2.75578E-19  
310750    5.22922E-16  5.23236E-16  5.23385E-16  
310760    3.74988E-16  3.75069E-16  3.75020E-16  
310770    3.75743E-16  3.75752E-16  3.75627E-16  
310780    2.80676E-16  2.80635E-16  2.80490E-16  
310790    2.18050E-16  2.17994E-16  2.17854E-16  
310800    8.26351E-17  8.26144E-17  8.25622E-17  
310810    4.23359E-17  4.23212E-17  4.22900E-17  
310820    1.59436E-17  1.59359E-17  1.59219E-17  
310830    5.14822E-19  5.14700E-19  5.14371E-19  
310840    3.60565E-18  3.60366E-18  3.60022E-18  
310850    8.65812E-15  1.73152E-14  2.59678E-14  
310860    3.66760E-21  3.66559E-21  3.66210E-21  
310870    6.10306E-17  1.22041E-16  1.83005E-16  
310880    7.08071E-19  1.41581E-18  2.12293E-18  
310890    1.32277E-20  2.64543E-20  3.96745E-20  
320680    0.00000E+00  0.00000E+00  0.00000E+00  
320690    0.00000E+00  0.00000E+00  0.00000E+00  
320700    3.03447E-20  8.05645E-20  1.52576E-19  
320710    5.40048E-23  2.73702E-22  6.52634E-22  
320711    0.00000E+00  0.00000E+00  0.00000E+00  
320720    1.80922E-14  5.47724E-14  9.42633E-14  
320730    1.42625E-13  2.93098E-13  4.43776E-13  
320731    2.15037E-19  2.15390E-19  2.15695E-19  
320740    4.65946E-13  9.33093E-13  1.40063E-12  
320750    2.07131E-14  2.07264E-14  2.07333E-14  
320751    8.11630E-18  8.12929E-18  8.14036E-18  
320760    4.12471E-12  8.25065E-12  1.23765E-11  
320770    1.25402E-12  1.25460E-12  1.25449E-12  
320771    1.81959E-17  1.82523E-17  1.83065E-17  
320780    4.32983E-13  4.33088E-13  4.33046E-13  
320790    2.28373E-15  2.28395E-15  2.28336E-15  
320791    1.92784E-15  1.92893E-15  1.92942E-15  
320800    1.30666E-14  1.30658E-14  1.30601E-14  
320810    3.88612E-15  3.88555E-15  3.88354E-15  
320811    1.09658E-16  1.09620E-16  1.09539E-16  
320820    2.43735E-15  2.43652E-15  2.43474E-15  
320830    3.89456E-16  3.89319E-16  3.89028E-16  
320840    1.22351E-16  1.22299E-16  1.22198E-16  
320850    7.95653E-18  7.95404E-18  7.94836E-18  
320860    2.27950E-16  2.27824E-16  2.27606E-16  
320870    1.18515E-18  1.18450E-18  1.18337E-18  
320880    1.37413E-20  1.37340E-20  1.37211E-20  
320890    3.73348E-23  3.73315E-23  3.73132E-23  
320900    5.59725E-19  1.11942E-18  1.67888E-18  
320910    7.98806E-20  1.59751E-19  2.39579E-19  
320920    7.55888E-21  1.51172E-20  2.26718E-20  
330710    0.00000E+00  0.00000E+00  0.00000E+00  
330720    0.00000E+00  0.00000E+00  1.29104E-24  
330730    3.78500E-23  2.19869E-22  5.74823E-22  
330740    6.48446E-21  1.37669E-20  2.21395E-20  
330741    1.66570E-20  3.82453E-20  6.59787E-20  
330750    1.41206E-12  2.84603E-12  4.28043E-12  
330760    6.09508E-17  6.71952E-17  7.22136E-17  
330770    3.82822E-12  4.30726E-12  4.34807E-12  
330780    4.48996E-13  4.49121E-13  4.49096E-13  
330790    9.62327E-14  9.62661E-14  9.62673E-14  
330800    7.53488E-15  7.53574E-15  7.53395E-15  
330810    2.53612E-14  2.53666E-14  2.53633E-14  
330820    1.97811E-14  1.97763E-14  1.97640E-14  
330821    1.52674E-15  1.52874E-15  1.53034E-15  
330830    1.84489E-14  1.84452E-14  1.84345E-14  
330840    2.24521E-15  2.24462E-15  2.24315E-15  
330841    1.44191E-10  2.88344E-10  4.32408E-10  
330850    1.14661E-15  1.14617E-15  1.14528E-15  
330860    2.27248E-15  2.27126E-15  2.26914E-15  
330870    1.19108E-16  1.19048E-16  1.18940E-16  
330880    5.35665E-17  5.35371E-17  5.34861E-17  
330890    8.32646E-20  8.32424E-20  8.31868E-20  
330900    1.44004E-21  1.43983E-21  1.43904E-21  
330910    1.68925E-15  3.37822E-15  5.06623E-15  
330920    1.34710E-16  2.69408E-16  4.04041E-16  
330930    2.28443E-19  4.56850E-19  6.85128E-19  
330940    1.97474E-20  3.94932E-20  5.92294E-20  
340730    0.00000E+00  0.00000E+00  0.00000E+00  
340731    0.00000E+00  0.00000E+00  0.00000E+00  
340740    2.45265E-22  1.00904E-21  2.36898E-21  
340750    2.48148E-23  1.42077E-22  3.71672E-22  
340760    1.63026E-16  3.97462E-16  6.51164E-16  
340770    5.61757E-12  1.58397E-11  2.64997E-11  
340771    1.58261E-18  1.78068E-18  1.79757E-18  
340780    2.74788E-11  5.58442E-11  8.42079E-11  
340790    6.10285E-11  1.22209E-10  1.83387E-10  
340791    4.08780E-14  4.08922E-14  4.08927E-14  
340800    1.71031E-10  3.42090E-10  5.13111E-10  
340810    8.76822E-13  8.77080E-13  8.77042E-13  
340811    1.85107E-13  1.85339E-13  1.85522E-13  
340820    4.43696E-10  8.87417E-10  1.33102E-09  
340830    2.58080E-12  2.58060E-12  2.57945E-12  
340831    9.06521E-15  9.06963E-15  9.07112E-15  
340840    5.83368E-13  5.83310E-13  5.83037E-13  
340850    6.31854E-14  6.31760E-14  6.31431E-14  
340851    6.05233E-10  1.21035E-09  1.81516E-09  
340860    7.06191E-14  7.05969E-14  7.05475E-14  
340870    1.71534E-14  1.71471E-14  1.71342E-14  
340880    2.19256E-15  2.19168E-15  2.18993E-15  
340890    1.08478E-16  1.08441E-16  1.08361E-16  
340900    1.18714E-17  1.18675E-17  1.18588E-17  
340910    1.89253E-18  1.89205E-18  1.89081E-18  
340920    5.85380E-20  5.85271E-20  5.84925E-20  
340930    1.42501E-21  1.42473E-21  1.42387E-21  
340940    9.37931E-23  9.38323E-23  9.38373E-23  
340950    5.70113E-19  1.14022E-18  1.71011E-18  
340960    2.18673E-19  4.37325E-19  6.55870E-19  
340970    3.06152E-21  6.12278E-21  9.18257E-21  
350750    0.00000E+00  0.00000E+00  0.00000E+00  
350770    6.06219E-24  2.49597E-23  4.95295E-23  
350771    0.00000E+00  0.00000E+00  0.00000E+00  
350780    1.00150E-23  1.47235E-23  1.97938E-23  
350790    3.33796E-14  6.68462E-14  1.00315E-13  
350791    2.12802E-23  2.46212E-23  2.82135E-23  
350800    6.05158E-19  6.11978E-19  6.19020E-19  
350801    6.79163E-18  6.85544E-18  6.92184E-18  
350810    2.71194E-10  5.43522E-10  8.15831E-10  
350820    2.53840E-14  2.80277E-14  2.92193E-14  
350821    2.47841E-17  2.66063E-17  2.84568E-17  
350830    1.84274E-11  1.84268E-11  1.84195E-11  
350840    5.81921E-12  5.81876E-12  5.81617E-12  
350841    2.32782E-14  2.33285E-14  2.33744E-14  
350850    5.04502E-13  5.04457E-13  5.04226E-13  
350860    3.21028E-13  3.20954E-13  3.20757E-13  
350861    3.08849E-10  6.17729E-10  9.26563E-10  
350870    4.51944E-13  4.51842E-13  4.51569E-13  
350880    1.12900E-13  1.12869E-13  1.12796E-13  
350890    2.02169E-14  2.02122E-14  2.01997E-14  
350900    4.79996E-15  4.79911E-15  4.79643E-15  
350910    5.63042E-16  5.62816E-16  5.62366E-16  
350920    5.43132E-17  5.42953E-17  5.42557E-17  
350930    2.41629E-18  2.41796E-18  2.41883E-18  
350940    1.76189E-19  1.76839E-19  1.77471E-19  
350950    2.42118E-21  2.42094E-21  2.41975E-21  
350960    6.57539E-22  6.57435E-22  6.57073E-22  
350970    5.94024E-17  1.18880E-16  1.78430E-16  
350980    1.90222E-17  3.80342E-17  5.70284E-17  
350990    6.46499E-20  1.29295E-19  1.93908E-19  
351000    1.12754E-21  2.25499E-21  3.38189E-21  
360770    0.00000E+00  0.00000E+00  0.00000E+00  
360780    0.00000E+00  0.00000E+00  0.00000E+00  
360790    2.87087E-24  1.06965E-23  2.00361E-23  
360791    0.00000E+00  0.00000E+00  0.00000E+00  
360800    1.72329E-16  3.53151E-16  5.36019E-16  
360810    1.48822E-18  3.22504E-18  5.27097E-18  
360811    7.91620E-24  9.40145E-24  1.09968E-23  
360820    4.83343E-14  1.22099E-13  2.00283E-13  
360830    6.98084E-10  1.43106E-09  2.16364E-09  
360831    1.40476E-11  1.40471E-11  1.40415E-11  
360840    1.06609E-09  2.13859E-09  3.21077E-09  
360850    2.39440E-10  4.88776E-10  7.37742E-10  
360851    4.70488E-11  4.70444E-11  4.70229E-11  
360860    2.12107E-09  4.24199E-09  6.36165E-09  
360870    4.43445E-11  4.43365E-11  4.43119E-11  
360880    1.34661E-10  1.34634E-10  1.34555E-10  
360890    3.25694E-12  3.25614E-12  3.25411E-12  
360900    6.16802E-13  6.16617E-13  6.16196E-13  
360910    1.17433E-13  1.17393E-13  1.17308E-13  
360920    1.29857E-14  1.29812E-14  1.29715E-14  
360930    2.84417E-15  2.84313E-15  2.84096E-15  
360940    1.07300E-16  1.07275E-16  1.07208E-16  
360950    6.55334E-18  6.55179E-18  6.54764E-18  
360960    1.21904E-17  1.21863E-17  1.21775E-17  
360970    1.93459E-20  1.97065E-20  2.00877E-20  
360980    2.89352E-19  2.89193E-19  2.88918E-19  
360990    1.24418E-22  1.24408E-22  1.24348E-22  
361000    3.13131E-23  3.12960E-23  3.12663E-23  
361010    2.37347E-19  4.74648E-19  7.11809E-19  
361020    2.39555E-20  4.79092E-20  7.18511E-20  
370790    0.00000E+00  0.00000E+00  0.00000E+00  
370810    0.00000E+00  0.00000E+00  1.05459E-24  
370830    3.09046E-19  6.55218E-19  1.04927E-18  
370840    2.82452E-18  5.47029E-18  7.96594E-18  
370850    7.54076E-10  1.54570E-09  2.33722E-09  
370860    8.23045E-15  1.57233E-14  2.26584E-14  
370861    8.01855E-19  8.37640E-19  8.74647E-19  
370870    3.28864E-09  6.62132E-09  9.95214E-09  
370880    1.41368E-11  1.41341E-11  1.41260E-11  
370890    1.63932E-11  1.63898E-11  1.63802E-11  
370900    2.72919E-12  2.72845E-12  2.72665E-12  
370901    1.34474E-12  1.34473E-12  1.34423E-12  
370910    1.30543E-12  1.30517E-12  1.30443E-12  
370920    8.69427E-14  8.69278E-14  8.68803E-14  
370930    8.46278E-14  8.46136E-14  8.45676E-14  
370940    1.91309E-14  1.91284E-14  1.91187E-14  
370950    1.26481E-15  1.26477E-15  1.26427E-15  
370960    2.16631E-16  2.16573E-16  2.16430E-16  
370970    2.80838E-17  2.80741E-17  2.80534E-17  
370980    3.94265E-18  3.94183E-18  3.93944E-18  
370990    2.27106E-19  2.27091E-19  2.26984E-19  
371000    6.77763E-18  6.77389E-18  6.76741E-18  
371010    5.20362E-22  5.20231E-22  5.19890E-22  
371020    4.59998E-23  4.59960E-23  4.59737E-23  
371030    5.38011E-19  1.07604E-18  1.61388E-18  
371040    6.22304E-20  1.24456E-19  1.86651E-19  
371050    1.38566E-20  2.77120E-20  4.15607E-20  
371060    0.00000E+00  0.00000E+00  0.00000E+00  
380830    0.00000E+00  0.00000E+00  1.08102E-24  
380840    6.81872E-21  2.67849E-20  5.91869E-20  
380850    9.56561E-20  1.96740E-19  3.05035E-19  
380851    6.55452E-22  7.37733E-22  8.26303E-22  
380860    9.10342E-16  3.49597E-15  7.62096E-15  
380870    1.73195E-15  3.50460E-15  5.31546E-15  
380871    9.82708E-18  1.00320E-17  1.02502E-17  
380880    4.40881E-09  8.96544E-09  1.35195E-08  
380890    5.96627E-09  1.14974E-08  1.66062E-08  
380900    7.77457E-09  1.55489E-08  2.33157E-08  
380910    8.08160E-10  8.08074E-10  8.07651E-10  
380920    2.29080E-10  2.29061E-10  2.28958E-10  
380930    1.07897E-11  1.07896E-11  1.07857E-11  
380940    1.80083E-12  1.80084E-12  1.80020E-12  
380950    5.04929E-13  5.04922E-13  5.04731E-13  
380960    1.66083E-14  1.66069E-14  1.65994E-14  
380970    3.16115E-15  3.16077E-15  3.15921E-15  
380980    2.38486E-15  2.38448E-15  2.38321E-15  
380990    2.00712E-16  2.00668E-16  2.00545E-16  
381000    3.90194E-17  3.90097E-17  3.89846E-17  
381010    3.36512E-18  3.36402E-18  3.36157E-18  
381020    1.48458E-19  1.48426E-19  1.48335E-19  
381030    2.98761E-21  2.98747E-21  2.98616E-21  
381040    2.28002E-22  2.27975E-22  2.27856E-22  
381050    5.48582E-23  5.48539E-23  5.48274E-23  
381060    0.00000E+00  0.00000E+00  0.00000E+00  
381070    0.00000E+00  0.00000E+00  0.00000E+00  
381080    0.00000E+00  0.00000E+00  0.00000E+00  
381090    0.00000E+00  0.00000E+00  0.00000E+00  
390850    0.00000E+00  0.00000E+00  0.00000E+00  
390870    8.23296E-21  1.25524E-20  1.60521E-20  
390871    0.00000E+00  0.00000E+00  0.00000E+00  
390880    2.24529E-18  4.62556E-18  7.21226E-18  
390890    2.37223E-10  9.27627E-10  2.03670E-09  
390891    2.07482E-18  3.98817E-18  5.75547E-18  
390900    9.53263E-13  2.69652E-12  4.61638E-12  
390901    1.99013E-16  2.02915E-16  2.07085E-16  
390910    6.94845E-09  1.42387E-08  2.10458E-08  
390911    4.09098E-11  4.09056E-11  4.08842E-11  
390920    3.02718E-10  3.02693E-10  3.02558E-10  
390930    9.02987E-10  9.03065E-10  9.02749E-10  
390931    6.94144E-15  6.94158E-15  6.93921E-15  
390940    2.85121E-11  2.85141E-11  2.85059E-11  
390950    1.56971E-11  1.56992E-11  1.56958E-11  
390960    8.75520E-14  8.75474E-14  8.75107E-14  
390961    7.56757E-14  7.57122E-14  7.57242E-14  
390970    4.71138E-14  4.71184E-14  4.71063E-14  
390971    8.64371E-15  8.64589E-15  8.64511E-15  
390980    4.50747E-15  4.50820E-15  4.50736E-15  
390981    9.16425E-15  9.16809E-15  9.16891E-15  
390990    1.33340E-14  1.33353E-14  1.33318E-14  
391000    2.24353E-15  2.24348E-15  2.24261E-15  
391010    6.45960E-16  6.45815E-16  6.45421E-16  
391020    4.13399E-16  4.13199E-16  4.12834E-16  
391030    9.52946E-18  9.52846E-18  9.52368E-18  
391040    1.08663E-18  1.08640E-18  1.08574E-18  
391050    7.59534E-20  7.59493E-20  7.59146E-20  
391060    0.00000E+00  0.00000E+00  0.00000E+00  
391070    0.00000E+00  0.00000E+00  0.00000E+00  
391080    0.00000E+00  0.00000E+00  0.00000E+00  
391090    5.84847E-21  1.16937E-20  1.75333E-20  
391100    1.03664E-22  2.07271E-22  3.10781E-22  
391110    1.13567E-21  2.27125E-21  3.40628E-21  
400870    0.00000E+00  0.00000E+00  0.00000E+00  
400880    1.30564E-24  7.51647E-24  1.96201E-23  
400890    1.70732E-21  2.67469E-21  3.57630E-21  
400891    0.00000E+00  0.00000E+00  0.00000E+00  
400900    5.28534E-13  3.21034E-12  8.65676E-12  
400901    0.00000E+00  1.04247E-24  1.14173E-24  
400910    2.16039E-10  9.39218E-10  2.14153E-09  
400920    7.64981E-09  1.58303E-08  2.40073E-08  
400930    7.55739E-09  1.60279E-08  2.44958E-08  
400940    8.73096E-09  1.74920E-08  2.62505E-08  
400950    8.61234E-09  1.67213E-08  2.43398E-08  
400960    8.78921E-09  1.75791E-08  2.63671E-08  
400970    1.45033E-09  1.45552E-09  1.45543E-09  
400980    6.92679E-13  6.92934E-13  6.92958E-13  
400990    4.81842E-14  4.81985E-14  4.81965E-14  
401000    1.61887E-13  1.61934E-13  1.61926E-13  
401010    2.98951E-14  2.99000E-14  2.98944E-14  
401020    2.57004E-14  2.57005E-14  2.56912E-14  
401030    3.34146E-15  3.34106E-15  3.33941E-15  
401040    6.74880E-16  6.74910E-16  6.74688E-16  
401050    2.95463E-16  2.95328E-16  2.95075E-16  
401060    4.86306E-20  4.88042E-20  4.89721E-20  
401070    7.87258E-22  7.94825E-22  8.02668E-22  
401080    1.69457E-23  1.70757E-23  1.72091E-23  
401090    1.77627E-22  1.77531E-22  1.77364E-22  
401100    3.47623E-24  3.47432E-24  3.47100E-24  
401110    2.78011E-17  5.56000E-17  8.33854E-17  
401120    8.67579E-21  1.73508E-20  2.60216E-20  
401130    6.42068E-22  1.28408E-21  1.92579E-21  
401140    3.15335E-23  6.30645E-23  9.45802E-23  
410890    0.00000E+00  0.00000E+00  0.00000E+00  
410900    0.00000E+00  0.00000E+00  0.00000E+00  
410910    2.20457E-23  1.29517E-22  3.43510E-22  
410911    0.00000E+00  0.00000E+00  0.00000E+00  
410920    3.17179E-20  7.09385E-20  1.19507E-19  
410930    5.47824E-18  1.29215E-17  2.24936E-17  
410931    2.48703E-17  1.07932E-16  2.49838E-16  
410940    3.27900E-16  6.73138E-16  1.04002E-15  
410941    1.50041E-19  1.58983E-19  1.68564E-19  
410950    2.57969E-10  9.77233E-10  2.07995E-09  
410951    2.10163E-12  6.18334E-12  1.07185E-11  
410960    1.72456E-13  1.77411E-13  1.80363E-13  
410970    1.04246E-10  1.04646E-10  1.04641E-10  
410971    1.34253E-12  1.34734E-12  1.34726E-12  
410980    6.57937E-14  6.58181E-14  6.58206E-14  
410981    4.53404E-13  4.53647E-13  4.53746E-13  
410990    2.24559E-13  2.24629E-13  2.24623E-13  
410991    1.47688E-12  1.47759E-12  1.47783E-12  
411000    3.60628E-14  3.60758E-14  3.60768E-14  
411001    3.71020E-15  3.71628E-15  3.72149E-15  
411010    1.45396E-13  1.45471E-13  1.45499E-13  
411020    5.19618E-14  5.19786E-14  5.19778E-14  
411021    4.18853E-15  4.19356E-15  4.19747E-15  
411030    1.30457E-14  1.30553E-14  1.30609E-14  
411040    9.76240E-15  9.76973E-15  9.77400E-15  
411041    1.34417E-15  1.34556E-15  1.34655E-15  
411050    4.27533E-15  4.27896E-15  4.28128E-15  
411060    1.87471E-16  1.87547E-16  1.87556E-16  
411070    1.29981E-17  1.30064E-17  1.30103E-17  
411080    8.64257E-19  8.64806E-19  8.65056E-19  
411090    4.19680E-19  4.19480E-19  4.19111E-19  
411100    1.44131E-20  1.44073E-20  1.43956E-20  
411110    5.67822E-21  5.67775E-21  5.67499E-21  
411120    3.11666E-23  3.11638E-23  3.11484E-23  
411130    1.07874E-24  1.07865E-24  1.07813E-24  
411140    5.60083E-19  1.12014E-18  1.67996E-18  
411150    6.40835E-22  1.28162E-21  1.92209E-21  
411160    3.75847E-23  7.51664E-23  1.12730E-22  
420910    0.00000E+00  0.00000E+00  0.00000E+00  
420920    0.00000E+00  0.00000E+00  0.00000E+00  
420930    2.82505E-24  1.76594E-23  4.88632E-23  
420931    0.00000E+00  0.00000E+00  1.30363E-24  
420940    6.78461E-19  1.43368E-18  2.36977E-18  
420950    9.94689E-12  7.64359E-11  2.47473E-10  
420960    5.43634E-13  1.26253E-12  1.99644E-12  
420970    6.75746E-09  1.50665E-08  2.33806E-08  
420980    7.95691E-09  1.59169E-08  2.38770E-08  
420990    4.50103E-09  5.56133E-09  5.81084E-09  
421000    8.78583E-09  1.75743E-08  2.63635E-08  
421010    1.85751E-11  1.85844E-11  1.85877E-11  
421020    1.20759E-11  1.20846E-11  1.20895E-11  
421030    8.60536E-13  8.61750E-13  8.62745E-13  
421040    4.79203E-13  4.80166E-13  4.81030E-13  
421050    1.58647E-13  1.59090E-13  1.59509E-13  
421060    1.75725E-14  1.76346E-14  1.76949E-14  
421070    2.79530E-15  2.80181E-15  2.80779E-15  
421080    2.62120E-16  2.62889E-16  2.63618E-16  
421090    5.34013E-17  5.33932E-17  5.33644E-17  
421100    8.88918E-18  8.88636E-18  8.87996E-18  
421110    9.90870E-19  9.90708E-19  9.90146E-19  
421120    1.63457E-19  1.63438E-19  1.63354E-19  
421130    4.03846E-21  4.03811E-21  4.03613E-21  
421140    1.58417E-22  1.58561E-22  1.58653E-22  
421150    4.19888E-24  4.19858E-24  4.19659E-24  
421160    9.97127E-19  1.99419E-18  2.99078E-18  
421170    2.10328E-21  4.20637E-21  6.30843E-21  
421180    3.43585E-22  6.87142E-22  1.03053E-21  
430950    0.00000E+00  0.00000E+00  0.00000E+00  
430951    0.00000E+00  0.00000E+00  0.00000E+00  
430970    1.33788E-20  3.38611E-20  6.34197E-20  
430971    1.23832E-20  2.84377E-20  4.90329E-20  
430980    1.16666E-15  2.33617E-15  3.50918E-15  
430990    3.66653E-09  1.10330E-08  1.92815E-08  
430991    3.49048E-10  4.42368E-10  4.64331E-10  
431000    5.32078E-18  1.53442E-17  2.65549E-17  
431010    1.80543E-11  1.80634E-11  1.80667E-11  
431020    9.42357E-14  9.43034E-14  9.43422E-14  
431021    9.53420E-15  9.56064E-15  9.58571E-15  
431030    7.08022E-13  7.09037E-13  7.09873E-13  
431040    9.16266E-12  9.18222E-12  9.19996E-12  
431050    2.12633E-12  2.13458E-12  2.14270E-12  
431060    7.56398E-14  7.61253E-14  7.66203E-14  
431070    1.91595E-14  1.93373E-14  1.95217E-14  
431080    1.81232E-15  1.82739E-15  1.84294E-15  
431090    1.48199E-16  1.49414E-16  1.50668E-16  
431100    8.54119E-17  8.55127E-17  8.55894E-17  
431110    9.35142E-18  9.35521E-18  9.35578E-18  
431120    2.45082E-18  2.45089E-18  2.45001E-18  
431130    3.81880E-19  3.81854E-19  3.81678E-19  
431140    5.39174E-20  5.40550E-20  5.41820E-20  
431150    2.93970E-21  2.93992E-21  2.93898E-21  
431160    5.13630E-22  5.13635E-22  5.13436E-22  
431170    4.77774E-24  4.77735E-24  4.77504E-24  
431180    1.17170E-24  1.17161E-24  1.17104E-24  
431190    1.66384E-20  3.32756E-20  4.99049E-20  
431200    5.82255E-22  1.16446E-21  1.74639E-21  
431210    4.08357E-23  8.16681E-23  1.22481E-22  
440960    0.00000E+00  0.00000E+00  0.00000E+00  
440970    0.00000E+00  0.00000E+00  0.00000E+00  
440980    8.43200E-23  5.59481E-22  1.55611E-21  
440990    1.17734E-13  3.57241E-13  6.26163E-13  
441000    4.61786E-14  2.71878E-13  7.36702E-13  
441010    7.24659E-09  1.45324E-08  2.18192E-08  
441020    6.13429E-09  1.22841E-08  1.84364E-08  
441030    4.26706E-09  8.12901E-09  1.16235E-08  
441040    2.85736E-09  5.72932E-09  8.60667E-09  
441050    7.45245E-11  7.48138E-11  7.51006E-11  
441060    7.24856E-10  1.44630E-09  2.16510E-09  
441070    2.03731E-13  2.06298E-13  2.08989E-13  
441080    9.64311E-14  9.84898E-14  1.00672E-13  
441090    6.08887E-15  6.19953E-15  6.31650E-15  
441091    1.26027E-12  3.03993E-12  5.46694E-12  
441100    1.52971E-15  1.55479E-15  1.58125E-15  
441110    1.69974E-16  1.71823E-16  1.73753E-16  
441120    9.34821E-17  9.40270E-17  9.45796E-17  
441130    2.61985E-17  2.62965E-17  2.63924E-17  
441140    6.14199E-18  6.16999E-18  6.19784E-18  
441150    2.45602E-18  2.46030E-18  2.46396E-18  
441160    1.86578E-19  1.86697E-19  1.86753E-19  
441170    1.96957E-20  1.96979E-20  1.96924E-20  
441180    2.66406E-21  2.66393E-21  2.66273E-21  
441190    1.92219E-22  1.92205E-22  1.92113E-22  
441200    6.86770E-24  6.86708E-24  6.86369E-24  
441210    1.00005E-18  2.00001E-18  2.99950E-18  
441220    5.14928E-21  1.02982E-20  1.54445E-20  
441230    1.11243E-22  2.22478E-22  3.33658E-22  
450990    0.00000E+00  0.00000E+00  0.00000E+00  
451010    4.26888E-20  8.52423E-20  1.27664E-19  
451011    8.02718E-24  3.83014E-23  8.31431E-23  
451020    7.97684E-19  1.75582E-18  3.03144E-18  
451021    6.19957E-19  1.23989E-18  1.86006E-18  
451030    2.15675E-10  8.43370E-10  1.84383E-09  
451031    4.14795E-12  7.94114E-12  1.13734E-11  
451040    4.97536E-18  1.94475E-17  4.24950E-17  
451041    2.34133E-18  9.11597E-18  1.99042E-17  
451050    5.45341E-10  5.89288E-10  5.94294E-10  
451051    5.28607E-14  5.30659E-14  5.32694E-14  
451060    9.94084E-16  1.69485E-15  2.37046E-15  
451061    6.90546E-14  7.50012E-14  7.56318E-14  
451070    1.17908E-12  1.19428E-12  1.21023E-12  
451080    5.93490E-15  6.06279E-15  6.19838E-15  
451081    1.45462E-17  4.03130E-17  6.80754E-17  
451090    1.41256E-14  1.43927E-14  1.46752E-14  
451091    1.21866E-14  6.22144E-14  1.59428E-13  
451100    7.90645E-19  9.68617E-19  1.16010E-18  
451101    3.76537E-15  3.82858E-15  3.89530E-15  
451110    9.20240E-16  9.31574E-16  9.43449E-16  
451120    1.31623E-16  1.32537E-16  1.33473E-16  
451130    1.70157E-16  1.70899E-16  1.71636E-16  
451140    6.44375E-17  6.47305E-17  6.50223E-17  
451150    2.22838E-17  2.23453E-17  2.24033E-17  
451160    6.20156E-18  6.21697E-18  6.23120E-18  
451170    2.04540E-18  2.04715E-18  2.04825E-18  
451180    3.67636E-19  3.67711E-19  3.67646E-19  
451190    4.68697E-20  4.68703E-20  4.68525E-20  
451200    5.86991E-21  5.86898E-21  5.86570E-21  
451210    3.92015E-22  3.91984E-22  3.91796E-22  
451220    1.59612E-23  1.59599E-23  1.59522E-23  
451230    0.00000E+00  0.00000E+00  0.00000E+00  
451240    4.71354E-20  9.42663E-20  1.41374E-19  
451250    6.91182E-22  1.38231E-21  2.07310E-21  
461010    0.00000E+00  0.00000E+00  0.00000E+00  
461020    1.65766E-21  6.96317E-21  1.69327E-20  
461030    1.02516E-23  6.36479E-23  1.83381E-22  
461040    1.34119E-14  1.06125E-13  3.51172E-13  
461050    9.74230E-10  2.52895E-09  4.12836E-09  
461060    8.21589E-12  2.68808E-11  5.34896E-11  
461070    3.08495E-10  6.21736E-10  9.39069E-10  
461071    5.71124E-22  1.59092E-21  2.70449E-21  
461080    1.20416E-10  2.43150E-10  3.68611E-10  
461090    8.68175E-12  8.84962E-12  9.02327E-12  
461091    4.61363E-20  9.27035E-20  1.40256E-19  
461100    4.52209E-11  9.11016E-11  1.37785E-10  
461110    1.17483E-13  1.18929E-13  1.20444E-13  
461111    3.57703E-16  3.58730E-16  3.59708E-16  
461120    4.72587E-12  4.80714E-12  4.84109E-12  
461130    6.06800E-15  6.09255E-15  6.11678E-15  
461140    7.41209E-15  7.44013E-15  7.46762E-15  
461150    1.27499E-15  1.27810E-15  1.28099E-15  
461160    4.56711E-16  4.58332E-16  4.59911E-16  
461170    1.87264E-16  1.87543E-16  1.87775E-16  
461180    3.86166E-17  3.86625E-17  3.86975E-17  
461190    5.79179E-18  5.79612E-18  5.79854E-18  
461200    6.18697E-18  6.18446E-18  6.17950E-18  
461210    1.88637E-19  1.88623E-19  1.88535E-19  
461220    2.05178E-20  2.05156E-20  2.05053E-20  
461230    3.48228E-21  3.48185E-21  3.48002E-21  
461240    7.80577E-23  7.80327E-23  7.79762E-23  
461250    1.96223E-23  1.96207E-23  1.96112E-23  
461260    0.00000E+00  0.00000E+00  0.00000E+00  
461270    0.00000E+00  0.00000E+00  0.00000E+00  
461280    1.75737E-21  3.51376E-21  5.26847E-21  
461290    0.00000E+00  0.00000E+00  0.00000E+00  
461300    8.90484E-20  1.78047E-19  2.66961E-19  
461310    0.00000E+00  0.00000E+00  0.00000E+00  
471050    0.00000E+00  0.00000E+00  0.00000E+00  
471051    0.00000E+00  0.00000E+00  0.00000E+00  
471060    0.00000E+00  0.00000E+00  0.00000E+00  
471061    1.86356E-24  9.82944E-24  2.31134E-23  
471070    2.57266E-19  1.03742E-18  2.34714E-18  
471071    0.00000E+00  0.00000E+00  0.00000E+00  
471080    1.57022E-23  3.78577E-23  6.10542E-23  
471081    5.44311E-21  3.26082E-20  8.68596E-20  
471090    5.15810E-11  1.12658E-10  1.74905E-10  
471091    6.96674E-15  7.10145E-15  7.24080E-15  
471100    5.13297E-19  1.12106E-18  1.73967E-18  
471101    1.51275E-16  6.95164E-16  1.64020E-15  
471110    2.19722E-11  3.51572E-11  4.31649E-11  
471111    5.38439E-15  5.45065E-15  5.52011E-15  
471120    7.01971E-13  7.15332E-13  7.20395E-13  
471130    8.26583E-13  8.29888E-13  8.33182E-13  
471131    4.29326E-15  4.31063E-15  4.32777E-15  
471140    2.50914E-16  2.51796E-16  2.52654E-16  
471150    6.34126E-14  6.35646E-14  6.37052E-14  
471151    9.42237E-17  9.42180E-17  9.41780E-17  
471160    1.35276E-14  1.35613E-14  1.35926E-14  
471161    5.97749E-17  6.00185E-17  6.02594E-17  
471170    3.64542E-15  3.65253E-15  3.65886E-15  
471171    3.28701E-17  3.30350E-17  3.32008E-17  
471180    1.42252E-16  1.42487E-16  1.42687E-16  
471181    3.08057E-17  3.08711E-17  3.09304E-17  
471190    8.05526E-17  8.06385E-17  8.07014E-17  
471200    2.25670E-17  2.25762E-17  2.25777E-17  
471201    1.39520E-18  1.39811E-18  1.40072E-18  
471210    1.15156E-17  1.15177E-17  1.15158E-17  
471220    1.37479E-18  1.37481E-18  1.37430E-18  
471221    4.96338E-19  4.96345E-19  4.96166E-19  
471230    6.25591E-19  6.25443E-19  6.25047E-19  
471240    4.04361E-19  4.04157E-19  4.03790E-19  
471250    6.91565E-21  6.91509E-21  6.91173E-21  
471260    0.00000E+00  0.00000E+00  0.00000E+00  
471270    0.00000E+00  0.00000E+00  0.00000E+00  
471280    0.00000E+00  0.00000E+00  0.00000E+00  
471290    0.00000E+00  0.00000E+00  0.00000E+00  
471300    1.27011E-21  1.26941E-21  1.26820E-21  
471310    2.09122E-16  4.18130E-16  6.26937E-16  
471320    5.60690E-19  1.12133E-18  1.68171E-18  
471330    2.82338E-20  5.64654E-20  8.46833E-20  
481060    0.00000E+00  0.00000E+00  0.00000E+00  
481070    0.00000E+00  0.00000E+00  0.00000E+00  
481080    1.51704E-20  7.73727E-20  1.92813E-19  
481090    0.00000E+00  4.35702E-24  1.57552E-23  
481100    3.14220E-15  1.45197E-14  3.44476E-14  
481110    6.54642E-12  2.22987E-11  4.35886E-11  
481111    1.32923E-24  6.20257E-24  1.47540E-23  
481120    1.62354E-11  3.79287E-11  5.98267E-11  
481130    2.09136E-11  4.18567E-11  6.20523E-11  
481131    2.40362E-13  4.95801E-13  7.52039E-13  
481140    1.91328E-11  3.91909E-11  6.01444E-11  
481150    8.62586E-12  1.00985E-11  1.03624E-11  
481151    1.00353E-12  1.92670E-12  2.77316E-12  
481160    2.05843E-11  4.12257E-11  6.19149E-11  
481170    4.24870E-13  4.25823E-13  4.26699E-13  
481171    1.24840E-13  1.25152E-13  1.25444E-13  
481180    1.61578E-13  1.61856E-13  1.62096E-13  
481190    6.05359E-15  6.06203E-15  6.06890E-15  
481191    2.53852E-15  2.54301E-15  2.54692E-15  
481200    2.78978E-15  2.79347E-15  2.79642E-15  
481210    3.90007E-16  3.90485E-16  3.90855E-16  
481211    1.44068E-16  1.44344E-16  1.44588E-16  
481220    2.98415E-16  2.98601E-16  2.98692E-16  
481230    9.92867E-17  9.92776E-17  9.92315E-17  
481240    6.70162E-17  6.69834E-17  6.69237E-17  
481250    1.59922E-17  1.59843E-17  1.59699E-17  
481260    1.59691E-17  1.59603E-17  1.59451E-17  
481270    1.15449E-17  1.15385E-17  1.15275E-17  
481280    3.80299E-18  3.80089E-18  3.79726E-18  
481290    3.81427E-21  3.81372E-21  3.81164E-21  
481300    5.42545E-17  5.42245E-17  5.41727E-17  
481310    3.57372E-18  3.57175E-18  3.56833E-18  
481320    4.19748E-21  4.19734E-21  4.19552E-21  
481330    6.96982E-16  1.39391E-15  2.09050E-15  
481340    7.78091E-18  1.55611E-17  2.33376E-17  
481350    7.26327E-20  1.45260E-19  2.17851E-19  
481360    2.75446E-22  5.50869E-22  8.26159E-22  
491090    0.00000E+00  0.00000E+00  0.00000E+00  
491110    0.00000E+00  0.00000E+00  0.00000E+00  
491120    0.00000E+00  0.00000E+00  0.00000E+00  
491121    0.00000E+00  0.00000E+00  0.00000E+00  
491130    8.77496E-17  3.71655E-16  8.52918E-16  
491131    0.00000E+00  0.00000E+00  0.00000E+00  
491140    1.12005E-24  3.58391E-24  6.83050E-24  
491141    5.03179E-22  4.25906E-21  1.44783E-20  
491150    8.71860E-12  2.49497E-11  4.25407E-11  
491151    7.10340E-13  8.45063E-13  8.69069E-13  
491160    3.06768E-20  8.75254E-20  1.49068E-19  
491161    1.14647E-17  3.30483E-17  5.64460E-17  
491170    8.98971E-14  9.01046E-14  9.02973E-14  
491171    3.03593E-13  3.04271E-13  3.04896E-13  
491180    2.67788E-16  2.68249E-16  2.68649E-16  
491181    8.67942E-19  8.76719E-19  8.85865E-19  
491190    3.76440E-15  3.77056E-15  3.77582E-15  
491191    3.66714E-14  3.67231E-14  3.67653E-14  
491200    1.71646E-16  1.71880E-16  1.72069E-16  
491201    3.75204E-17  3.76785E-17  3.78353E-17  
491210    8.46256E-16  8.47995E-16  8.49559E-16  
491211    4.83233E-15  4.83966E-15  4.84577E-15  
491220    9.06957E-17  9.07860E-17  9.08501E-17  
491221    3.61989E-17  3.64531E-17  3.67138E-17  
491230    1.96942E-16  1.97315E-16  1.97645E-16  
491231    1.61519E-15  1.61580E-15  1.61587E-15  
491240    1.95650E-16  1.95752E-16  1.95790E-16  
491241    3.36530E-17  3.38708E-17  3.40930E-17  
491250    7.62581E-17  7.63668E-17  7.64561E-17  
491251    4.17990E-16  4.18540E-16  4.18980E-16  
491260    6.37967E-17  6.38460E-17  6.38760E-17  
491261    1.75305E-17  1.76113E-17  1.76917E-17  
491270    2.14135E-16  2.14115E-16  2.14017E-16  
491271    1.17772E-16  1.18039E-16  1.18284E-16  
491280    6.13009E-17  6.13756E-17  6.14337E-17  
491281    4.28608E-17  4.29301E-17  4.29892E-17  
491290    7.38691E-17  7.38442E-17  7.37903E-17  
491291    1.38625E-16  1.38580E-16  1.38481E-16  
491300    9.89287E-17  9.88865E-17  9.88053E-17  
491301    9.69339E-18  9.71114E-18  9.72666E-18  
491310    1.15153E-17  1.15136E-17  1.15075E-17  
491311    8.54090E-18  8.54198E-18  8.54002E-18  
491320    8.09392E-18  8.09212E-18  8.08714E-18  
491330    3.97529E-19  3.97469E-19  3.97250E-19  
491340    4.47645E-14  8.95241E-14  1.34261E-13  
491350    3.76722E-22  3.76693E-22  3.76511E-22  
491360    2.22887E-17  4.45756E-17  6.68515E-17  
491370    4.93651E-19  9.87129E-19  1.48023E-18  
491380    6.80838E-21  1.36162E-20  2.04207E-20  
501110    0.00000E+00  0.00000E+00  0.00000E+00  
501120    0.00000E+00  0.00000E+00  0.00000E+00  
501130    0.00000E+00  0.00000E+00  0.00000E+00  
501131    0.00000E+00  0.00000E+00  0.00000E+00  
501140    2.12486E-21  1.44137E-20  4.18338E-20  
501150    4.56548E-13  1.30421E-12  2.21961E-12  
501160    7.05844E-16  4.48064E-15  1.21483E-14  
501170    1.88455E-11  3.86801E-11  5.85621E-11  
501171    3.47118E-14  6.22153E-14  8.28182E-14  
501180    1.82395E-11  3.66662E-11  5.51194E-11  
501190    1.94247E-11  3.89299E-11  5.84672E-11  
501191    6.61537E-13  1.31566E-12  1.96185E-12  
501200    1.94285E-11  3.88816E-11  5.83561E-11  
501210    5.13223E-12  5.29096E-12  5.30363E-12  
501211    1.46521E-12  2.93303E-12  4.40364E-12  
501220    2.24676E-11  4.49639E-11  6.74888E-11  
501230    1.41749E-12  2.80263E-12  4.15862E-12  
501231    1.59075E-13  1.59281E-13  1.59446E-13  
501240    3.89276E-11  7.79178E-11  1.16975E-10  
501250    1.13485E-11  1.89037E-11  2.39553E-11  
501251    5.77126E-14  5.77930E-14  5.78587E-14  
501260    7.77016E-11  1.55570E-10  2.33624E-10  
501270    2.85067E-12  2.85751E-12  2.86388E-12  
501271    5.67145E-14  5.68382E-14  5.69509E-14  
501280    4.71400E-12  4.71936E-12  4.72343E-12  
501281    4.21600E-15  4.22084E-15  4.22453E-15  
501290    1.66772E-13  1.67029E-13  1.67246E-13  
501291    3.36543E-13  3.36800E-13  3.36955E-13  
501300    5.59215E-13  5.59312E-13  5.59213E-13  
501301    2.42795E-13  2.42849E-13  2.42819E-13  
501310    1.12950E-13  1.12958E-13  1.12926E-13  
501311    1.14041E-13  1.14049E-13  1.14017E-13  
501320    1.08926E-13  1.08944E-13  1.08924E-13  
501330    1.00057E-15  1.00030E-15  9.99653E-16  
501340    1.16333E-16  1.16305E-16  1.16231E-16  
501350    2.37609E-12  4.75174E-12  7.12604E-12  
501360    9.92599E-20  9.92466E-20  9.91933E-20  
501370    2.95666E-14  5.91193E-14  8.86462E-14  
501380    1.84942E-16  3.69867E-16  5.54700E-16  
501390    1.38143E-18  2.76273E-18  4.14333E-18  
501400    7.10191E-20  1.42033E-19  2.13012E-19  
501410    2.11584E-20  4.23150E-20  6.34614E-20  
511150    0.00000E+00  0.00000E+00  0.00000E+00  
511170    0.00000E+00  0.00000E+00  0.00000E+00  
511180    0.00000E+00  0.00000E+00  0.00000E+00  
511181    0.00000E+00  0.00000E+00  0.00000E+00  
511190    2.01034E-21  2.54270E-21  3.01233E-21  
511200    3.77480E-22  4.56474E-22  5.40075E-22  
511201    1.29060E-19  2.12820E-19  2.78002E-19  
511210    1.35339E-11  3.20744E-11  5.07893E-11  
511220    3.29242E-16  5.51809E-16  7.60335E-16  
511221    2.19636E-19  2.49826E-19  2.81496E-19  
511230    2.26089E-11  4.54453E-11  6.83467E-11  
511240    1.15054E-14  2.24569E-14  3.28995E-14  
511241    5.35268E-19  5.47283E-19  5.59951E-19  
511250    3.71366E-11  7.80613E-11  1.21423E-10  
511260    8.65325E-13  1.49362E-12  1.94977E-12  
511261    3.77119E-15  3.77438E-15  3.77645E-15  
511270    1.34518E-10  1.83703E-10  2.01490E-10  
511280    2.91207E-12  2.92049E-12  2.92861E-12  
511281    8.45367E-13  8.46429E-13  8.47271E-13  
511290    3.60028E-11  3.60616E-11  3.61124E-11  
511291    4.89347E-14  4.89721E-14  4.89947E-14  
511300    6.85173E-12  6.85674E-12  6.85966E-12  
511301    1.59590E-12  1.59661E-12  1.59680E-12  
511310    1.44993E-11  1.45043E-11  1.45044E-11  
511320    1.34943E-12  1.35016E-12  1.35046E-12  
511321    8.84364E-13  8.84394E-13  8.84105E-13  
511330    1.50469E-12  1.50458E-12  1.50391E-12  
511340    1.37541E-15  1.37534E-15  1.37477E-15  
511341    1.68309E-14  1.68303E-14  1.68234E-14  
511350    1.33712E-15  1.33698E-15  1.33633E-15  
511360    9.28238E-17  9.28069E-17  9.27533E-17  
511370    1.31686E-16  1.31616E-16  1.31492E-16  
511380    1.87177E-19  1.87154E-19  1.87056E-19  
511390    2.74994E-14  5.49960E-14  8.24785E-14  
511400    1.45001E-15  2.89981E-15  4.34884E-15  
511410    4.07772E-16  8.15511E-16  1.22305E-15  
511420    3.08680E-19  6.17324E-19  9.25807E-19  
511430    2.85448E-20  5.70872E-20  8.56158E-20  
521180    0.00000E+00  0.00000E+00  0.00000E+00  
521190    0.00000E+00  0.00000E+00  0.00000E+00  
521200    0.00000E+00  3.32657E-24  9.93491E-24  
521210    4.81907E-23  2.65190E-22  6.65296E-22  
521211    5.03397E-23  2.89507E-22  7.59704E-22  
521220    2.64131E-16  8.95670E-16  1.83156E-15  
521230    7.96282E-19  1.99314E-18  3.70154E-18  
521231    2.49321E-18  5.89904E-18  1.04316E-17  
521240    1.32279E-15  3.39667E-15  6.18828E-15  
521250    5.55291E-14  2.32350E-13  5.42038E-13  
521251    1.62041E-14  6.58659E-14  1.49417E-13  
521260    1.11357E-12  2.46961E-12  3.99933E-12  
521270    1.06834E-11  1.53942E-11  1.71694E-11  
521271    1.30102E-11  3.98045E-11  7.07071E-11  
521280    4.71368E-10  9.51761E-10  1.43274E-09  
521290    8.15962E-12  8.27346E-12  8.37434E-12  
521291    1.19294E-10  2.30276E-10  3.28906E-10  
521300    2.51155E-09  5.03361E-09  7.55651E-09  
521310    1.58839E-11  1.59249E-11  1.59299E-11  
521311    1.75424E-10  1.85696E-10  1.86558E-10  
521320    3.46600E-09  4.46931E-09  4.75978E-09  
521330    1.13356E-11  1.13385E-11  1.13376E-11  
521331    4.51954E-11  4.52085E-11  4.52064E-11  
521340    7.03221E-11  7.03284E-11  7.03098E-11  
521350    2.65853E-13  2.65872E-13  2.65795E-13  
521360    1.03544E-13  1.03526E-13  1.03469E-13  
521370    4.65581E-15  4.65483E-15  4.65207E-15  
521380    5.37822E-16  5.37671E-16  5.37307E-16  
521390    1.87952E-17  1.87905E-17  1.87784E-17  
521400    2.09541E-17  2.09433E-17  2.09241E-17  
521410    3.06788E-19  3.06758E-19  3.06606E-19  
521420    5.98730E-21  5.98648E-21  5.98328E-21  
521430    6.99342E-16  1.39863E-15  2.09758E-15  
521440    5.41398E-19  1.08277E-18  1.62392E-18  
521450    4.96790E-20  9.93540E-20  1.49005E-19  
521460    3.56947E-21  7.13865E-21  1.07061E-20  
531210    0.00000E+00  0.00000E+00  0.00000E+00  
531230    9.11817E-24  2.84611E-23  4.98375E-23  
531250    7.91140E-22  1.54288E-21  2.26342E-21  
531260    2.01065E-19  3.97334E-19  6.13544E-19  
531270    5.63338E-11  1.93449E-10  3.61173E-10  
531280    9.44111E-18  1.78086E-17  2.79702E-17  
531290    6.30358E-10  1.31445E-09  2.01183E-09  
531300    3.75904E-14  4.01378E-14  4.27610E-14  
531301    1.49465E-16  1.66436E-16  1.83821E-16  
531310    3.04904E-09  5.04336E-09  6.26572E-09  
531320    1.02730E-10  1.33603E-10  1.42548E-10  
531321    1.87068E-13  1.89374E-13  1.91790E-13  
531330    2.01119E-09  2.03292E-09  2.03326E-09  
531331    1.52675E-14  1.52874E-14  1.53034E-14  
531340    9.91873E-11  9.92188E-11  9.92170E-11  
531341    3.09877E-13  3.10616E-13  3.11301E-13  
531350    6.02860E-10  6.03096E-10  6.03137E-10  
531360    9.33294E-13  9.33351E-13  9.33073E-13  
531361    2.39003E-13  2.39155E-13  2.39233E-13  
531370    3.10197E-13  3.10254E-13  3.10202E-13  
531380    4.07221E-14  4.07310E-14  4.07256E-14  
531390    7.94588E-15  7.94467E-15  7.94046E-15  
531400    6.84362E-16  6.84254E-16  6.83884E-16  
531410    9.30380E-17  9.30098E-17  9.29450E-17  
531420    7.17712E-18  7.17618E-18  7.17249E-18  
531430    5.46790E-19  5.46748E-19  5.46486E-19  
531440    5.84880E-21  5.84820E-21  5.84528E-21  
531450    3.53691E-22  3.53664E-22  3.53493E-22  
531460    6.35114E-17  1.27018E-16  1.90493E-16  
531470    8.20117E-20  1.64004E-19  2.45944E-19  
531480    5.60690E-21  1.12133E-20  1.68171E-20  
541230    0.00000E+00  0.00000E+00  0.00000E+00  
541240    0.00000E+00  0.00000E+00  0.00000E+00  
541250    0.00000E+00  0.00000E+00  0.00000E+00  
541251    0.00000E+00  0.00000E+00  0.00000E+00  
541260    1.50048E-20  5.83837E-20  1.31659E-19  
541270    0.00000E+00  1.10146E-24  3.66791E-24  
541271    0.00000E+00  0.00000E+00  0.00000E+00  
541280    1.50786E-15  4.36603E-15  9.23226E-15  
541290    2.08676E-19  8.95180E-19  2.07835E-18  
541291    1.63421E-22  7.40421E-22  1.96677E-21  
541300    2.61017E-13  5.77590E-13  9.15915E-13  
541310    7.85628E-10  2.81408E-09  5.62252E-09  
541311    7.70329E-12  2.46043E-11  4.37938E-11  
541320    2.50801E-09  7.55591E-09  1.33404E-08  
541330    5.31810E-09  8.99924E-09  1.07518E-08  
541331    1.08576E-10  1.41129E-10  1.46602E-10  
541340    1.07120E-08  2.15968E-08  3.24818E-08  
541341    3.72465E-17  3.74341E-17  3.76229E-17  
541350    7.19641E-10  7.20013E-10  7.20206E-10  
541351    4.48851E-12  4.49216E-12  4.49451E-12  
541360    9.84089E-09  1.99163E-08  2.99924E-08  
541370    5.54489E-12  5.54688E-12  5.54702E-12  
541380    2.11449E-11  2.11494E-11  2.11466E-11  
541390    8.10025E-13  8.10041E-13  8.09765E-13  
541400    2.04731E-13  2.04704E-13  2.04600E-13  
541410    9.56866E-15  9.56697E-15  9.56166E-15  
541420    2.50301E-15  2.50247E-15  2.50097E-15  
541430    4.57255E-17  4.57139E-17  4.56843E-17  
541431    5.23531E-11  1.04692E-10  1.56996E-10  
541440    6.00677E-17  6.00534E-17  6.00151E-17  
541450    6.32794E-19  6.32757E-19  6.32467E-19  
541460    9.68847E-20  9.68719E-20  9.68201E-20  
541470    1.07138E-21  1.07097E-21  1.07013E-21  
541480    1.50194E-16  3.00375E-16  4.50483E-16  
541490    1.92977E-19  3.85933E-19  5.78789E-19  
541500    2.36213E-20  4.72408E-20  7.08487E-20  
541510    3.68868E-21  7.37706E-21  1.10637E-20  
551270    0.00000E+00  0.00000E+00  0.00000E+00  
551290    0.00000E+00  0.00000E+00  0.00000E+00  
551310    3.49539E-21  8.97288E-21  1.69021E-20  
551320    7.26020E-17  1.13407E-16  1.37922E-16  
551330    1.83727E-09  7.43660E-09  1.50129E-08  
551340    3.17311E-14  2.15845E-13  6.64081E-13  
551341    3.53023E-16  9.78947E-16  1.83014E-15  
551350    6.42641E-09  1.39521E-08  2.14798E-08  
551351    3.03251E-15  3.10310E-15  3.17818E-15  
551360    4.79331E-12  8.45914E-12  1.13061E-11  
551361    2.04804E-16  2.08097E-16  2.11566E-16  
551370    8.39240E-09  1.67900E-08  2.51852E-08  
551380    5.34465E-11  5.34610E-11  5.34573E-11  
551381    1.50235E-13  1.50526E-13  1.50786E-13  
551390    1.41734E-11  1.41767E-11  1.41752E-11  
551400    1.47561E-12  1.47572E-12  1.47531E-12  
551410    4.24989E-13  4.25068E-13  4.24999E-13  
551420    1.89710E-14  1.89706E-14  1.89633E-14  
551430    1.08765E-14  1.08754E-14  1.08703E-14  
551440    2.04735E-15  2.04699E-15  2.04585E-15  
551450    2.48813E-16  2.48773E-16  2.48636E-16  
551460    1.83766E-17  1.83731E-17  1.83625E-17  
551470    2.75236E-18  2.75124E-18  2.74901E-18  
551480    9.25182E-20  9.25081E-20  9.24607E-20  
551490    5.74486E-22  5.74409E-22  5.74100E-22  
551500    5.75624E-23  5.75577E-23  5.75297E-23  
551510    1.03293E-23  1.03285E-23  1.03235E-23  
551520    4.63769E-20  9.27501E-20  1.39101E-19  
551530    2.48067E-21  4.96114E-21  7.44041E-21  
551540    0.00000E+00  0.00000E+00  0.00000E+00  
561300    0.00000E+00  0.00000E+00  0.00000E+00  
561310    0.00000E+00  0.00000E+00  0.00000E+00  
561320    4.58250E-19  1.54728E-18  3.00095E-18  
561330    1.70004E-21  4.71877E-21  9.38294E-21  
561340    5.25796E-17  6.08743E-16  2.79937E-15  
561350    1.01492E-16  2.63487E-16  4.77095E-16  
561351    1.53418E-17  1.79282E-17  2.03444E-17  
561360    2.60655E-12  6.50780E-12  1.14183E-11  
561361    1.46929E-19  2.57316E-19  3.43126E-19  
561370    1.76532E-12  6.57833E-12  1.44400E-11  
561371    1.36076E-15  2.64599E-15  3.93103E-15  
561380    9.15159E-09  1.83794E-08  2.76066E-08  
561390    1.28307E-10  1.28340E-10  1.28330E-10  
561400    7.39195E-09  1.28050E-08  1.67663E-08  
561410    2.57505E-11  2.57574E-11  2.57555E-11  
561420    1.45791E-11  1.45820E-11  1.45798E-11  
561430    3.19499E-13  3.19516E-13  3.19418E-13  
561440    2.04096E-13  2.04085E-13  2.03998E-13  
561450    3.48908E-14  3.48858E-14  3.48678E-14  
561460    8.89603E-15  8.89354E-15  8.88762E-15  
561470    1.01509E-15  1.01472E-15  1.01396E-15  
561480    8.83347E-17  8.83089E-17  8.82479E-17  
561490    5.22007E-18  5.21928E-18  5.21640E-18  
561500    4.44967E-19  4.44917E-19  4.44688E-19  
561510    6.02686E-20  6.02640E-20  6.02351E-20  
561520    8.26089E-22  8.26020E-22  8.25619E-22  
561530    2.79310E-23  2.79288E-23  2.79153E-23  
561540    5.81134E-19  1.16222E-18  1.74303E-18  
561550    3.23330E-21  6.46633E-21  9.69780E-21  
561560    2.08060E-22  4.16103E-22  6.24046E-22  
571330    0.00000E+00  0.00000E+00  0.00000E+00  
571350    3.96725E-23  1.32546E-22  2.37064E-22  
571370    9.85549E-18  2.26521E-17  3.91135E-17  
571380    4.17236E-14  8.34908E-14  1.25301E-13  
571390    8.70664E-09  1.75577E-08  2.64078E-08  
571400    6.24167E-10  1.39818E-09  1.99436E-09  
571410    3.32496E-10  3.32586E-10  3.32564E-10  
571420    1.27320E-10  1.27349E-10  1.27334E-10  
571430    2.00171E-11  2.00199E-11  2.00157E-11  
571440    8.92744E-13  8.92803E-13  8.92544E-13  
571450    3.86185E-13  3.86207E-13  3.86092E-13  
571460    4.38970E-14  4.38932E-14  4.38731E-14  
571461    2.99390E-14  2.99441E-14  2.99388E-14  
571470    1.60039E-14  1.60056E-14  1.60015E-14  
571480    2.12420E-15  2.12376E-15  2.12250E-15  
571490    5.01643E-16  5.01588E-16  5.01341E-16  
571500    7.92146E-17  7.92082E-17  7.91711E-17  
571510    1.13343E-17  1.13333E-17  1.13278E-17  
571520    7.02843E-19  7.02788E-19  7.02453E-19  
571530    5.47063E-20  5.47021E-20  5.46758E-20  
571540    1.54687E-21  1.54675E-21  1.54601E-21  
571550    3.33341E-23  3.33315E-23  3.33155E-23  
571560    3.69574E-18  7.39119E-18  1.10849E-17  
571570    7.31948E-21  1.46384E-20  2.19537E-20  
571580    1.53420E-22  3.06827E-22  4.60161E-22  
571590    8.31980E-24  1.66389E-23  2.49540E-23  
581350    0.00000E+00  0.00000E+00  0.00000E+00  
581360    0.00000E+00  0.00000E+00  0.00000E+00  
581370    5.05313E-24  1.52605E-23  2.64314E-23  
581371    0.00000E+00  0.00000E+00  0.00000E+00  
581380    6.25020E-19  1.25805E-18  1.90118E-18  
581390    1.45817E-18  3.99297E-18  8.57501E-18  
581391    1.74121E-22  2.21527E-22  2.72545E-22  
581400    5.95427E-10  3.02273E-09  7.07852E-09  
581410    7.30392E-09  1.40863E-08  2.00867E-08  
581420    7.86532E-09  1.58736E-08  2.38810E-08  
581430    2.65138E-09  2.80008E-09  2.80776E-09  
581440    7.51370E-09  1.49242E-08  2.22297E-08  
581450    2.87188E-12  2.87231E-12  2.87174E-12  
581460    9.93028E-12  9.93224E-12  9.93075E-12  
581470    4.40616E-13  4.40768E-13  4.40771E-13  
581480    3.68211E-13  3.68224E-13  3.68105E-13  
581490    1.76734E-14  1.76760E-14  1.76723E-14  
581500    7.15655E-15  7.15716E-15  7.15521E-15  
581510    8.80044E-16  8.80059E-16  8.79751E-16  
581520    1.73115E-16  1.73108E-16  1.73037E-16  
581530    1.94226E-17  1.94218E-17  1.94134E-17  
581540    1.74847E-18  1.74844E-18  1.74773E-18  
581550    9.93915E-20  9.93872E-20  9.93432E-20  
581560    4.85837E-21  4.85810E-21  4.85589E-21  
581570    1.26849E-22  1.26840E-22  1.26780E-22  
581580    4.07531E-18  8.15031E-18  1.22234E-17  
581590    2.03664E-19  4.07312E-19  6.10862E-19  
581600    4.95312E-22  9.90584E-22  1.48562E-21  
581610    6.64219E-24  1.32838E-23  1.99223E-23  
591390    0.00000E+00  2.57941E-24  5.59355E-24  
591400    7.82501E-23  3.14507E-22  6.90466E-22  
591410    4.36295E-10  1.75372E-09  3.85239E-09  
591420    5.51039E-16  2.70039E-15  6.34411E-15  
591421    3.60608E-18  1.45085E-17  3.18728E-17  
591430    4.86221E-09  1.05410E-08  1.48895E-08  
591440    3.16617E-13  6.29979E-13  9.38631E-13  
591441    1.64875E-15  3.32376E-15  4.87932E-15  
591450    3.42589E-10  3.42639E-10  3.42570E-10  
591460    1.77580E-11  1.77616E-11  1.77590E-11  
591470    7.38448E-12  7.38643E-12  7.38586E-12  
591480    9.24172E-13  9.24347E-13  9.24200E-13  
591481    1.82045E-14  1.83292E-14  1.84569E-14  
591490    6.08341E-13  6.08600E-13  6.08658E-13  
591500    1.65174E-14  1.65269E-14  1.65310E-14  
591510    2.79251E-14  2.79410E-14  2.79480E-14  
591520    2.11672E-15  2.11800E-15  2.11860E-15  
591530    9.33672E-16  9.34078E-16  9.34168E-16  
591540    9.75009E-17  9.75531E-17  9.75722E-17  
591550    8.37532E-18  8.37801E-18  8.37767E-18  
591560    1.03804E-18  1.03824E-18  1.03806E-18  
591570    1.04177E-19  1.04182E-19  1.04147E-19  
591580    1.50617E-21  1.50614E-21  1.50550E-21  
591590    5.48186E-23  5.48157E-23  5.47907E-23  
591600    4.71163E-18  9.42293E-18  1.41320E-17  
591610    1.27865E-19  2.55721E-19  3.83515E-19  
591620    1.36516E-22  2.73029E-22  4.09484E-22  
591630    5.20891E-24  1.04174E-23  1.56234E-23  
591640    0.00000E+00  0.00000E+00  0.00000E+00  
601400    0.00000E+00  0.00000E+00  0.00000E+00  
601410    2.20116E-24  1.12668E-23  2.63703E-23  
601420    7.74495E-16  8.23674E-15  3.02472E-14  
601430    5.83286E-10  2.87250E-09  6.63015E-09  
601440    5.24607E-11  2.09885E-10  4.71136E-10  
601450    5.12079E-09  1.05874E-08  1.60527E-08  
601460    4.18510E-09  8.39857E-09  1.26116E-08  
601470    2.64260E-09  4.48718E-09  5.77040E-09  
601480    2.36433E-09  4.73119E-09  7.09851E-09  
601490    2.80711E-11  2.80841E-11  2.80879E-11  
601500    9.60425E-10  1.92140E-09  2.88276E-09  
601510    1.33281E-12  1.33411E-12  1.33502E-12  
601520    7.75951E-13  7.76902E-13  7.77644E-13  
601530    2.11189E-14  2.11419E-14  2.11589E-14  
601540    7.52953E-15  7.54098E-15  7.55056E-15  
601550    8.78681E-16  8.79994E-16  8.81082E-16  
601560    1.67526E-16  1.67786E-16  1.68003E-16  
601570    1.11396E-17  1.11521E-17  1.11613E-17  
601580    1.33555E-18  1.33638E-18  1.33674E-18  
601590    8.58556E-20  8.58795E-20  8.58712E-20  
601600    5.38710E-21  5.38768E-21  5.38618E-21  
601610    2.03035E-22  2.03038E-22  2.02961E-22  
601620    3.62532E-18  7.25052E-18  1.08742E-17  
601630    1.27502E-19  2.54994E-19  3.82427E-19  
601640    3.17119E-21  6.34212E-21  9.51151E-21  
601650    1.50306E-23  3.00600E-23  4.50820E-23  
601660    0.00000E+00  0.00000E+00  0.00000E+00  
601670    0.00000E+00  0.00000E+00  0.00000E+00  
611430    0.00000E+00  0.00000E+00  0.00000E+00  
611440    0.00000E+00  1.45321E-24  4.33129E-24  
611450    1.33004E-21  9.72585E-21  3.01598E-20  
611460    9.10718E-19  3.60007E-18  9.13224E-18  
611470    5.05574E-10  1.81264E-09  3.67325E-09  
611480    1.77783E-14  1.11182E-13  2.97468E-13  
611481    1.70110E-14  1.21529E-13  3.66871E-13  
611490    7.14343E-10  8.37580E-10  8.58040E-10  
611500    2.26255E-14  2.66104E-14  2.72952E-14  
611510    1.76388E-10  1.82703E-10  1.83043E-10  
611520    2.81353E-13  2.81707E-13  2.81985E-13  
611521    1.63327E-15  1.65093E-15  1.66897E-15  
611530    2.21353E-13  2.21654E-13  2.21897E-13  
611540    3.24220E-14  3.24835E-14  3.25379E-14  
611541    3.47889E-15  3.50313E-15  3.52800E-15  
611550    6.28394E-15  6.30274E-15  6.32069E-15  
611560    1.68131E-15  1.68815E-15  1.69490E-15  
611570    2.34719E-16  2.35764E-16  2.36801E-16  
611580    3.00849E-17  3.01904E-17  3.02926E-17  
611590    2.19353E-18  2.19962E-18  2.20532E-18  
611600    3.91822E-19  3.92482E-19  3.93040E-19  
611610    3.46618E-20  3.46982E-20  3.47237E-20  
611620    5.91921E-22  5.92272E-22  5.92416E-22  
611630    5.05503E-23  5.05548E-23  5.05395E-23  
611640    6.18954E-18  1.23788E-17  1.85652E-17  
611650    2.89326E-19  5.78632E-19  8.67800E-19  
611660    1.18651E-20  2.37293E-20  3.55877E-20  
611670    9.69939E-22  1.93980E-21  2.90919E-21  
611680    1.95933E-24  3.91850E-24  5.87673E-24  
611690    0.00000E+00  0.00000E+00  0.00000E+00  
621440    0.00000E+00  0.00000E+00  0.00000E+00  
621450    0.00000E+00  1.52107E-24  7.60686E-24  
621460    7.52493E-22  9.16961E-21  4.15397E-20  
621470    7.18819E-13  5.30273E-12  1.65336E-11  
621480    3.88543E-15  5.17049E-14  2.19793E-13  
621490    7.87389E-10  2.11585E-09  3.45477E-09  
621500    2.06071E-11  1.20432E-10  3.12747E-10  
621510    4.35550E-10  1.03929E-09  1.64543E-09  
621520    3.92345E-10  7.89660E-10  1.19115E-09  
621530    1.02536E-10  1.15889E-10  1.17766E-10  
621540    1.15349E-10  2.30983E-10  3.46857E-10  
621550    2.09445E-13  2.10154E-13  2.10840E-13  
621560    2.53367E-12  2.54737E-12  2.56137E-12  
621570    1.59963E-14  1.61126E-14  1.62321E-14  
621580    5.24262E-15  5.28161E-15  5.32169E-15  
621590    5.98675E-17  6.03936E-17  6.09381E-17  
621600    1.54321E-17  1.55698E-17  1.57124E-17  
621610    1.56490E-18  1.57822E-18  1.59198E-18  
621620    1.17981E-19  1.18929E-19  1.19903E-19  
621630    2.16241E-20  2.16722E-20  2.17154E-20  
621640    3.20667E-21  3.20824E-21  3.20866E-21  
621650    2.64163E-22  2.64180E-22  2.64093E-22  
621660    1.43003E-17  2.85998E-17  4.28930E-17  
621670    1.07793E-18  2.15577E-18  3.23310E-18  
621680    5.19813E-20  1.03958E-19  1.55910E-19  
621690    2.20462E-21  4.40907E-21  6.61245E-21  
621700    0.00000E+00  0.00000E+00  0.00000E+00  
621710    0.00000E+00  0.00000E+00  0.00000E+00  
621720    0.00000E+00  0.00000E+00  0.00000E+00  
631470    0.00000E+00  0.00000E+00  0.00000E+00  
631490    0.00000E+00  0.00000E+00  0.00000E+00  
631510    2.12246E-14  1.09991E-13  2.71427E-13  
631520    2.26818E-17  2.47500E-16  9.42441E-16  
631521    3.25924E-18  1.90840E-17  4.89496E-17  
631530    1.38784E-10  3.67291E-10  6.07578E-10  
631540    1.72674E-14  9.80720E-14  2.54392E-13  
631541    6.77035E-18  1.63459E-17  2.64152E-17  
631550    5.33467E-11  1.06681E-10  1.59809E-10  
631560    2.07437E-11  3.90265E-11  5.34410E-11  
631570    1.82270E-12  1.83993E-12  1.85451E-12  
631580    4.68277E-14  4.72175E-14  4.76209E-14  
631590    6.43594E-15  6.51262E-15  6.59288E-15  
631600    7.74216E-17  7.85891E-17  7.98180E-17  
631610    1.49868E-17  1.53161E-17  1.56652E-17  
631620    1.20297E-18  1.24000E-18  1.27943E-18  
631630    3.78848E-19  3.84765E-19  3.90993E-19  
631640    5.37867E-20  5.40444E-20  5.43008E-20  
631650    1.53666E-20  1.53906E-20  1.54103E-20  
631660    7.80079E-22  7.80359E-22  7.80352E-22  
631670    9.57557E-23  9.57529E-23  9.57118E-23  
631680    2.20722E-17  4.41427E-17  6.62026E-17  
631690    1.92674E-18  3.85332E-18  5.77897E-18  
631700    9.48124E-20  1.89617E-19  2.84376E-19  
631710    2.51303E-21  5.02586E-21  7.53747E-21  
631720    5.51215E-22  1.10239E-21  1.65329E-21  
641490    0.00000E+00  0.00000E+00  0.00000E+00  
641500    0.00000E+00  0.00000E+00  0.00000E+00  
641510    0.00000E+00  0.00000E+00  0.00000E+00  
641520    6.35747E-18  8.12442E-17  3.27138E-16  
641530    7.49383E-22  1.90580E-20  1.17646E-19  
641540    6.01994E-18  7.13130E-17  2.86400E-16  
641550    6.04955E-14  2.40811E-13  5.37863E-13  
641560    2.57033E-12  1.04969E-11  2.26887E-11  
641570    9.23965E-12  1.93918E-11  2.87090E-11  
641580    6.16641E-12  1.34104E-11  2.16310E-11  
641590    3.92247E-13  3.99087E-13  4.04100E-13  
641600    7.10407E-13  1.43075E-12  2.16316E-12  
641610    1.36994E-16  1.40766E-16  1.44778E-16  
641620    7.34305E-17  7.73555E-17  8.15577E-17  
641630    4.93450E-18  5.13324E-18  5.34548E-18  
641640    1.63012E-18  1.67009E-18  1.71252E-18  
641650    2.02739E-19  2.05041E-19  2.07441E-19  
641660    5.61529E-20  5.64266E-20  5.66994E-20  
641670    1.85553E-20  1.85654E-20  1.85689E-20  
641680    6.67332E-22  6.67353E-22  6.67110E-22  
641690    5.11658E-22  5.11628E-22  5.11393E-22  
641700    2.84472E-17  5.68922E-17  8.53234E-17  
641710    2.79282E-18  5.58541E-18  8.37665E-18  
641720    6.63952E-19  1.32785E-18  1.99143E-18  
651530    0.00000E+00  0.00000E+00  0.00000E+00  
651550    1.00734E-24  5.00583E-24  1.11810E-23  
651560    6.09613E-23  3.08204E-22  6.94525E-22  
651561    3.45675E-24  1.20667E-23  2.19227E-23  
651570    8.62074E-21  2.57745E-20  5.35646E-20  
651580    2.01610E-19  5.11652E-19  9.53578E-19  
651581    0.00000E+00  1.21446E-24  1.67594E-24  
651590    1.63501E-12  3.68257E-12  5.75720E-12  
651600    6.82863E-17  2.24110E-16  4.68385E-16  
651610    1.61484E-13  2.56157E-13  3.14026E-13  
651620    6.66769E-17  7.03565E-17  7.42611E-17  
651621    7.03410E-17  1.73232E-16  3.16696E-16  
651630    8.62089E-17  9.00523E-17  9.41625E-17  
651640    6.74443E-18  6.95457E-18  7.17839E-18  
651650    2.78787E-18  2.84501E-18  2.90548E-18  
651660    3.69100E-19  3.73736E-19  3.78586E-19  
651670    2.08156E-19  2.08731E-19  2.09268E-19  
651680    4.92149E-20  4.92449E-20  4.92578E-20  
651690    5.77712E-21  5.77794E-21  5.77652E-21  
651700    2.89149E-21  2.89137E-21  2.89009E-21  
651710    1.42717E-22  1.42707E-22  1.42640E-22  
651720    6.21198E-17  1.24235E-16  1.86319E-16  
661540    0.00000E+00  0.00000E+00  0.00000E+00  
661550    0.00000E+00  0.00000E+00  0.00000E+00  
661560    0.00000E+00  0.00000E+00  0.00000E+00  
661570    0.00000E+00  0.00000E+00  0.00000E+00  
661580    3.18422E-24  1.78123E-23  4.73340E-23  
661590    6.76453E-23  4.00513E-22  1.05687E-21  
661600    1.52383E-18  9.16479E-18  2.78348E-17  
661610    5.07480E-14  1.73325E-13  3.38742E-13  
661620    4.91236E-14  1.00770E-13  1.55345E-13  
661630    2.48472E-14  5.07427E-14  7.78259E-14  
661640    1.27289E-14  2.57904E-14  3.92558E-14  
661650    1.86252E-16  1.90830E-16  1.95679E-16  
661651    3.99778E-21  7.45832E-21  1.10349E-20  
661660    3.01431E-15  3.99217E-15  4.34535E-15  
661670    4.20808E-18  4.22761E-18  4.24700E-18  
661680    3.60063E-18  3.60781E-18  3.61411E-18  
661690    1.59644E-19  1.59792E-19  1.59887E-19  
661700    6.80847E-20  6.80993E-20  6.80879E-20  
661710    7.04503E-21  7.04544E-21  7.04307E-21  
661720    4.71697E-21  4.71665E-21  4.71442E-21  
671590    0.00000E+00  0.00000E+00  0.00000E+00  
671591    0.00000E+00  0.00000E+00  0.00000E+00  
671610    0.00000E+00  0.00000E+00  0.00000E+00  
671611    0.00000E+00  0.00000E+00  0.00000E+00  
671620    0.00000E+00  0.00000E+00  0.00000E+00  
671621    0.00000E+00  1.16378E-24  1.97040E-24  
671630    2.89075E-22  1.72798E-21  4.60067E-21  
671631    0.00000E+00  0.00000E+00  0.00000E+00  
671640    2.47516E-23  6.89789E-23  1.16686E-22  
671641    2.24675E-23  6.24760E-23  1.05616E-22  
671650    7.36503E-15  1.50757E-14  2.29793E-14  
671660    7.91104E-16  1.23995E-15  1.40068E-15  
671661    1.87638E-19  5.44297E-19  1.10295E-18  
671670    1.26286E-16  1.26880E-16  1.27474E-16  
671680    1.23953E-18  1.24218E-18  1.24455E-18  
671690    1.17054E-18  1.17192E-18  1.17296E-18  
671700    3.83679E-19  3.83794E-19  3.83765E-19  
671701    2.03876E-21  2.04761E-21  2.05634E-21  
671710    7.18831E-20  7.19027E-20  7.18953E-20  
671720    5.78903E-20  5.78882E-20  5.78630E-20  
681610    0.00000E+00  0.00000E+00  0.00000E+00  
681620    0.00000E+00  0.00000E+00  0.00000E+00  
681630    0.00000E+00  0.00000E+00  0.00000E+00  
681640    7.25641E-22  4.38390E-21  1.17136E-20  
681650    1.49174E-24  4.76959E-24  8.48098E-24  
681660    1.30439E-15  5.05732E-15  9.80755E-15  
681670    3.75097E-15  7.64280E-15  1.15478E-14  
681671    3.06227E-21  3.07703E-21  3.09186E-21  
681680    2.37061E-15  4.75506E-15  7.14864E-15  
681690    1.15693E-15  1.91636E-15  2.41453E-15  
681700    8.12464E-16  1.62567E-15  2.43890E-15  
681710    3.67958E-17  3.68085E-17  3.68076E-17  
681720    3.57701E-16  4.09268E-16  4.16556E-16  
691650    0.00000E+00  0.00000E+00  0.00000E+00  
691660    0.00000E+00  0.00000E+00  0.00000E+00  
691670    0.00000E+00  0.00000E+00  0.00000E+00  
691680    0.00000E+00  3.02498E-24  9.34645E-24  
691690    2.61987E-16  9.24106E-16  1.84855E-15  
691700    1.63369E-20  1.17885E-19  3.60475E-19  
691710    4.29383E-16  8.93052E-16  1.35401E-15  
691720    2.72830E-16  4.58835E-16  5.18256E-16  
701670    0.00000E+00  0.00000E+00  0.00000E+00  
701680    0.00000E+00  0.00000E+00  0.00000E+00  
701690    0.00000E+00  0.00000E+00  0.00000E+00  
701691    0.00000E+00  0.00000E+00  0.00000E+00  
701700    1.28865E-22  1.89844E-21  8.87324E-21  
701710    1.13111E-18  4.88354E-18  1.12586E-17  
701720    1.79008E-16  7.51108E-16  1.49383E-15  
701730    1.50060E-22  1.41923E-21  4.61996E-21  
701740    0.00000E+00  0.00000E+00  0.00000E+00  
701750    0.00000E+00  0.00000E+00  0.00000E+00  
701760    0.00000E+00  0.00000E+00  0.00000E+00  
711710    0.00000E+00  0.00000E+00  0.00000E+00  
711711    0.00000E+00  0.00000E+00  0.00000E+00  
711720    0.00000E+00  0.00000E+00  0.00000E+00  
711721    0.00000E+00  0.00000E+00  0.00000E+00  
711750    0.00000E+00  0.00000E+00  0.00000E+00  
711760    0.00000E+00  0.00000E+00  0.00000E+00  
721740    0.00000E+00  0.00000E+00  0.00000E+00  
721750    0.00000E+00  0.00000E+00  0.00000E+00  
721760    0.00000E+00  0.00000E+00  0.00000E+00  
721770    0.00000E+00  0.00000E+00  0.00000E+00  
721780    0.00000E+00  0.00000E+00  0.00000E+00  
721790    0.00000E+00  0.00000E+00  0.00000E+00  
721800    0.00000E+00  0.00000E+00  0.00000E+00  
721810    0.00000E+00  0.00000E+00  0.00000E+00  
721820    0.00000E+00  0.00000E+00  0.00000E+00  
731800    0.00000E+00  0.00000E+00  0.00000E+00  
731810    0.00000E+00  0.00000E+00  0.00000E+00  
731820    0.00000E+00  0.00000E+00  0.00000E+00  
741800    0.00000E+00  0.00000E+00  0.00000E+00  
741810    0.00000E+00  0.00000E+00  0.00000E+00  
741820    0.00000E+00  0.00000E+00  0.00000E+00  
741830    0.00000E+00  0.00000E+00  0.00000E+00  
741840    0.00000E+00  0.00000E+00  0.00000E+00  
741850    0.00000E+00  0.00000E+00  0.00000E+00  
741860    0.00000E+00  0.00000E+00  0.00000E+00  
751850    0.00000E+00  0.00000E+00  0.00000E+00  
751860    0.00000E+00  0.00000E+00  0.00000E+00  
751861    0.00000E+00  0.00000E+00  0.00000E+00  
751870    0.00000E+00  0.00000E+00  0.00000E+00  
761840    0.00000E+00  0.00000E+00  0.00000E+00  
761850    0.00000E+00  0.00000E+00  0.00000E+00  
761860    0.00000E+00  0.00000E+00  0.00000E+00  
761870    0.00000E+00  0.00000E+00  0.00000E+00  
761880    0.00000E+00  0.00000E+00  0.00000E+00  
761890    0.00000E+00  0.00000E+00  0.00000E+00  
761900    0.00000E+00  0.00000E+00  0.00000E+00  
761910    0.00000E+00  0.00000E+00  0.00000E+00  
761920    0.00000E+00  0.00000E+00  0.00000E+00  
771910    0.00000E+00  0.00000E+00  0.00000E+00  
771911    0.00000E+00  0.00000E+00  0.00000E+00  
771920    0.00000E+00  0.00000E+00  0.00000E+00  
771930    0.00000E+00  0.00000E+00  0.00000E+00  
771940    0.00000E+00  0.00000E+00  0.00000E+00  
771941    0.00000E+00  0.00000E+00  0.00000E+00  
781900    0.00000E+00  0.00000E+00  0.00000E+00  
781910    0.00000E+00  0.00000E+00  0.00000E+00  
781920    0.00000E+00  0.00000E+00  0.00000E+00  
781930    0.00000E+00  0.00000E+00  0.00000E+00  
781940    0.00000E+00  0.00000E+00  0.00000E+00  
781950    0.00000E+00  0.00000E+00  0.00000E+00  
781960    0.00000E+00  0.00000E+00  0.00000E+00  
781970    0.00000E+00  0.00000E+00  0.00000E+00  
781980    0.00000E+00  0.00000E+00  0.00000E+00  
791970    0.00000E+00  0.00000E+00  0.00000E+00  
791971    0.00000E+00  0.00000E+00  0.00000E+00  
801960    0.00000E+00  0.00000E+00  0.00000E+00  
801970    0.00000E+00  0.00000E+00  0.00000E+00  
801971    0.00000E+00  0.00000E+00  0.00000E+00  
801980    0.00000E+00  0.00000E+00  0.00000E+00  
801990    0.00000E+00  0.00000E+00  0.00000E+00  
802000    0.00000E+00  0.00000E+00  0.00000E+00  
802010    0.00000E+00  0.00000E+00  0.00000E+00  
802020    0.00000E+00  0.00000E+00  0.00000E+00  
802030    0.00000E+00  0.00000E+00  0.00000E+00  
802040    0.00000E+00  0.00000E+00  0.00000E+00  
802060    0.00000E+00  0.00000E+00  0.00000E+00  
812030    0.00000E+00  0.00000E+00  0.00000E+00  
812040    0.00000E+00  0.00000E+00  0.00000E+00  
812050    0.00000E+00  0.00000E+00  0.00000E+00  
812060    0.00000E+00  0.00000E+00  0.00000E+00  
812070    0.00000E+00  0.00000E+00  0.00000E+00  
812080    0.00000E+00  0.00000E+00  0.00000E+00  
812090    0.00000E+00  0.00000E+00  0.00000E+00  
812100    0.00000E+00  0.00000E+00  0.00000E+00  
822040    0.00000E+00  0.00000E+00  0.00000E+00  
822050    0.00000E+00  0.00000E+00  0.00000E+00  
822060    0.00000E+00  0.00000E+00  0.00000E+00  
822070    0.00000E+00  0.00000E+00  0.00000E+00  
822080    0.00000E+00  0.00000E+00  2.34522E-24  
822090    0.00000E+00  0.00000E+00  0.00000E+00  
822100    0.00000E+00  0.00000E+00  0.00000E+00  
822110    0.00000E+00  0.00000E+00  0.00000E+00  
822120    0.00000E+00  0.00000E+00  0.00000E+00  
822140    0.00000E+00  0.00000E+00  0.00000E+00  
832080    0.00000E+00  0.00000E+00  0.00000E+00  
832090    0.00000E+00  0.00000E+00  0.00000E+00  
832100    0.00000E+00  0.00000E+00  0.00000E+00  
832101    0.00000E+00  0.00000E+00  0.00000E+00  
832110    0.00000E+00  0.00000E+00  0.00000E+00  
832120    0.00000E+00  0.00000E+00  0.00000E+00  
832130    0.00000E+00  0.00000E+00  0.00000E+00  
832140    0.00000E+00  0.00000E+00  0.00000E+00  
832150    0.00000E+00  0.00000E+00  0.00000E+00  
842080    0.00000E+00  0.00000E+00  0.00000E+00  
842090    0.00000E+00  0.00000E+00  0.00000E+00  
842100    0.00000E+00  0.00000E+00  0.00000E+00  
842110    0.00000E+00  0.00000E+00  0.00000E+00  
842120    0.00000E+00  0.00000E+00  0.00000E+00  
842130    0.00000E+00  0.00000E+00  0.00000E+00  
842140    0.00000E+00  0.00000E+00  0.00000E+00  
842150    0.00000E+00  0.00000E+00  0.00000E+00  
842160    0.00000E+00  0.00000E+00  0.00000E+00  
842180    0.00000E+00  0.00000E+00  0.00000E+00  
852150    0.00000E+00  0.00000E+00  0.00000E+00  
852170    0.00000E+00  0.00000E+00  0.00000E+00  
852180    0.00000E+00  0.00000E+00  0.00000E+00  
852190    0.00000E+00  0.00000E+00  0.00000E+00  
862170    0.00000E+00  0.00000E+00  0.00000E+00  
862180    0.00000E+00  0.00000E+00  0.00000E+00  
862190    0.00000E+00  0.00000E+00  0.00000E+00  
862200    0.00000E+00  0.00000E+00  0.00000E+00  
862220    0.00000E+00  0.00000E+00  0.00000E+00  
872210    0.00000E+00  0.00000E+00  0.00000E+00  
872220    0.00000E+00  0.00000E+00  0.00000E+00  
872230    0.00000E+00  0.00000E+00  0.00000E+00  
882220    0.00000E+00  0.00000E+00  0.00000E+00  
882230    0.00000E+00  0.00000E+00  0.00000E+00  
882240    0.00000E+00  1.25337E-24  4.47339E-24  
882250    0.00000E+00  0.00000E+00  0.00000E+00  
882260    7.87470E-21  3.14962E-20  7.08607E-20  
882280    0.00000E+00  0.00000E+00  0.00000E+00  
892250    0.00000E+00  0.00000E+00  0.00000E+00  
892260    0.00000E+00  0.00000E+00  0.00000E+00  
892270    5.10039E-22  2.59134E-21  6.35592E-21  
892280    0.00000E+00  0.00000E+00  0.00000E+00  
902260    0.00000E+00  0.00000E+00  0.00000E+00  
902270    0.00000E+00  0.00000E+00  1.95504E-24  
902280    1.20158E-22  5.94453E-22  1.66750E-21  
902290    4.58162E-22  1.83219E-21  4.12077E-21  
902300    1.08984E-13  2.17947E-13  3.26889E-13  
902310    1.32448E-15  1.35781E-15  1.36056E-15  
902320    6.86047E-14  1.37183E-13  2.05706E-13  
902330    2.68534E-21  5.37902E-21  8.06629E-21  
902340    1.01491E-13  1.87537E-13  2.60487E-13  
912290    0.00000E+00  0.00000E+00  0.00000E+00  
912300    3.27124E-24  1.55138E-23  3.55269E-23  
912310    3.74958E-15  8.79580E-15  1.38784E-14  
912320    2.60897E-19  7.99383E-19  1.36667E-18  
912330    4.65598E-19  2.18856E-18  5.39058E-18  
912340    1.75787E-18  3.37137E-18  4.73932E-18  
912341    3.38885E-18  6.26258E-18  8.69896E-18  
922300    0.00000E+00  0.00000E+00  0.00000E+00  
922310    0.00000E+00  0.00000E+00  0.00000E+00  
922320    1.63863E-18  4.59357E-18  9.22535E-18  
922330    3.98961E-15  7.97625E-15  1.19585E-14  
922340    2.45618E-06  2.45593E-06  2.45568E-06  
922350    3.27550E-04  3.27394E-04  3.27238E-04  
922351    5.66948E-13  5.67085E-13  5.67012E-13  
922360    2.51107E-08  5.02069E-08  7.52786E-08  
922370    2.50126E-10  3.89210E-10  4.66624E-10  
922380    4.51592E-02  4.51590E-02  4.51589E-02  
922390    5.25320E-10  5.25278E-10  5.25023E-10  
922400    5.25365E-15  5.25900E-15  5.25393E-15  
922410    4.61800E-22  4.62238E-22  4.61570E-22  
932340    0.00000E+00  0.00000E+00  0.00000E+00  
932350    6.56362E-23  4.60231E-22  1.37537E-21  
932360    3.46337E-20  2.43377E-19  7.28967E-19  
932361    0.00000E+00  0.00000E+00  0.00000E+00  
932370    8.08889E-11  2.73260E-10  5.27617E-10  
932380    3.60333E-15  1.77020E-14  3.99300E-14  
932390    6.18595E-08  7.33795E-08  7.54775E-08  
932400    2.61672E-14  3.11496E-14  3.20422E-14  
932401    5.66114E-15  6.70932E-15  6.89695E-15  
932410    1.28378E-21  1.28502E-21  1.28317E-21  
942360    0.00000E+00  0.00000E+00  0.00000E+00  
942370    7.13413E-20  4.16536E-19  1.08030E-18  
942380    1.96390E-15  2.06434E-14  7.42518E-14  
942390    6.59168E-08  1.82521E-07  3.08281E-07  
942400    1.91382E-11  1.00668E-10  2.56349E-10  
942410    4.78907E-15  5.11612E-14  1.99047E-13  
942420    4.32086E-19  9.29200E-18  5.48685E-17  
942430    1.66391E-24  3.97307E-23  2.43332E-22  
942440    0.00000E+00  0.00000E+00  0.00000E+00  
942450    0.00000E+00  0.00000E+00  0.00000E+00  
942460    0.00000E+00  0.00000E+00  0.00000E+00  
952400    0.00000E+00  0.00000E+00  0.00000E+00  
952410    8.23080E-19  1.76977E-17  1.04522E-16  
952420    6.96318E-23  1.95689E-21  1.28330E-20  
952421    1.22791E-23  5.28294E-22  4.70863E-21  
952430    5.66819E-24  2.76274E-22  2.57738E-21  
952440    0.00000E+00  0.00000E+00  0.00000E+00  
952441    0.00000E+00  0.00000E+00  0.00000E+00  
952450    0.00000E+00  0.00000E+00  0.00000E+00  
952461    0.00000E+00  0.00000E+00  0.00000E+00  
962400    0.00000E+00  0.00000E+00  0.00000E+00  
962410    0.00000E+00  0.00000E+00  0.00000E+00  
962420    5.75319E-23  3.32491E-21  3.33454E-20  
962430    0.00000E+00  0.00000E+00  0.00000E+00  
962440    0.00000E+00  0.00000E+00  0.00000E+00  
962450    0.00000E+00  0.00000E+00  0.00000E+00  
962460    0.00000E+00  0.00000E+00  0.00000E+00  
962470    0.00000E+00  0.00000E+00  0.00000E+00  
962480    0.00000E+00  0.00000E+00  0.00000E+00  
962490    0.00000E+00  0.00000E+00  0.00000E+00  
962500    0.00000E+00  0.00000E+00  0.00000E+00  
972450    0.00000E+00  0.00000E+00  0.00000E+00  
972460    0.00000E+00  0.00000E+00  0.00000E+00  
972470    0.00000E+00  0.00000E+00  0.00000E+00  
972480    0.00000E+00  0.00000E+00  0.00000E+00  
972490    0.00000E+00  0.00000E+00  0.00000E+00  
972500    0.00000E+00  0.00000E+00  0.00000E+00  
972510    0.00000E+00  0.00000E+00  0.00000E+00  
982460    0.00000E+00  0.00000E+00  0.00000E+00  
982470    0.00000E+00  0.00000E+00  0.00000E+00  
982480    0.00000E+00  0.00000E+00  0.00000E+00  
982490    0.00000E+00  0.00000E+00  0.00000E+00  
982500    0.00000E+00  0.00000E+00  0.00000E+00  
982510    0.00000E+00  0.00000E+00  0.00000E+00  
982520    0.00000E+00  0.00000E+00  0.00000E+00  
982530    0.00000E+00  0.00000E+00  0.00000E+00  
982540    0.00000E+00  0.00000E+00  0.00000E+00  
992510    0.00000E+00  0.00000E+00  0.00000E+00  
992520    0.00000E+00  0.00000E+00  0.00000E+00  
992530    0.00000E+00  0.00000E+00  0.00000E+00  
992540    0.00000E+00  0.00000E+00  0.00000E+00  
992541    0.00000E+00  0.00000E+00  0.00000E+00  
992550    0.00000E+00  0.00000E+00  0.00000E+00  
1002540   0.00000E+00  0.00000E+00  0.00000E+00  
1002550   0.00000E+00  0.00000E+00  0.00000E+00  
