TIME      11400931.85567604814251164.8195950617101397.78351407
SYS BU    6.66667E-02  8.33333E-02  1.00000E-01  
CELL BU   0.00000E+00  0.00000E+00  0.00000E+00  
FLUX      6.53019E+12  6.53019E+12  6.53019E+12  
POW DENS  0.00000E+00  0.00000E+00  0.00000E+00  
POW       0.00000E+00  0.00000E+00  0.00000E+00  

10010     0.00000E+00  0.00000E+00  0.00000E+00  
10020     0.00000E+00  0.00000E+00  0.00000E+00  
10030     0.00000E+00  0.00000E+00  0.00000E+00  
20030     0.00000E+00  0.00000E+00  0.00000E+00  
20040     0.00000E+00  0.00000E+00  0.00000E+00  
30060     0.00000E+00  0.00000E+00  0.00000E+00  
30070     1.13770E-15  1.13771E-15  1.13772E-15  
40070     0.00000E+00  0.00000E+00  0.00000E+00  
40090     2.04254E-05  2.04254E-05  2.04253E-05  
40100     4.22459E-12  5.27310E-12  6.32162E-12  
50100     3.41480E-19  5.29865E-19  7.57630E-19  
50110     0.00000E+00  0.00000E+00  1.29703E-24  
60120     0.00000E+00  0.00000E+00  0.00000E+00  
60130     0.00000E+00  0.00000E+00  0.00000E+00  
60140     0.00000E+00  0.00000E+00  0.00000E+00  
70140     0.00000E+00  0.00000E+00  0.00000E+00  
70150     0.00000E+00  0.00000E+00  0.00000E+00  
80160     0.00000E+00  0.00000E+00  0.00000E+00  
80170     0.00000E+00  1.19216E-24  2.89079E-24  
80180     2.12584E-16  3.30050E-16  4.73181E-16  
90190     0.00000E+00  0.00000E+00  0.00000E+00  
100200    8.14893E-18  1.18692E-17  1.64023E-17  
100210    1.29636E-09  1.61436E-09  1.93236E-09  
100220    5.21801E-10  6.51270E-10  7.80739E-10  
110220    0.00000E+00  0.00000E+00  0.00000E+00  
110230    0.00000E+00  0.00000E+00  0.00000E+00  
120240    3.19332E-02  3.19332E-02  3.19332E-02  
120250    4.04220E-03  4.04221E-03  4.04221E-03  
120260    4.44642E-03  4.44642E-03  4.44642E-03  
130261    0.00000E+00  0.00000E+00  0.00000E+00  
130270    4.08506E-04  4.08505E-04  4.08505E-04  
140280    0.00000E+00  0.00000E+00  0.00000E+00  
140290    0.00000E+00  0.00000E+00  0.00000E+00  
140300    0.00000E+00  0.00000E+00  0.00000E+00  
140310    0.00000E+00  0.00000E+00  0.00000E+00  
140320    0.00000E+00  0.00000E+00  0.00000E+00  
150310    0.00000E+00  0.00000E+00  0.00000E+00  
150320    0.00000E+00  0.00000E+00  0.00000E+00  
160320    0.00000E+00  0.00000E+00  0.00000E+00  
160330    0.00000E+00  0.00000E+00  0.00000E+00  
160340    0.00000E+00  0.00000E+00  0.00000E+00  
160350    0.00000E+00  0.00000E+00  0.00000E+00  
160360    0.00000E+00  0.00000E+00  0.00000E+00  
170350    0.00000E+00  0.00000E+00  0.00000E+00  
170360    0.00000E+00  0.00000E+00  0.00000E+00  
170370    0.00000E+00  0.00000E+00  0.00000E+00  
180360    0.00000E+00  0.00000E+00  0.00000E+00  
180370    0.00000E+00  0.00000E+00  0.00000E+00  
180380    0.00000E+00  0.00000E+00  0.00000E+00  
180390    0.00000E+00  0.00000E+00  0.00000E+00  
180400    0.00000E+00  0.00000E+00  0.00000E+00  
180410    0.00000E+00  0.00000E+00  0.00000E+00  
190390    0.00000E+00  0.00000E+00  0.00000E+00  
190400    0.00000E+00  0.00000E+00  0.00000E+00  
190410    0.00000E+00  0.00000E+00  0.00000E+00  
200400    0.00000E+00  0.00000E+00  0.00000E+00  
200410    0.00000E+00  0.00000E+00  0.00000E+00  
200420    0.00000E+00  0.00000E+00  0.00000E+00  
200430    0.00000E+00  0.00000E+00  0.00000E+00  
200440    0.00000E+00  0.00000E+00  0.00000E+00  
200450    0.00000E+00  0.00000E+00  0.00000E+00  
200460    0.00000E+00  0.00000E+00  0.00000E+00  
200470    0.00000E+00  0.00000E+00  0.00000E+00  
200480    0.00000E+00  0.00000E+00  0.00000E+00  
210450    0.00000E+00  0.00000E+00  0.00000E+00  
210451    0.00000E+00  0.00000E+00  0.00000E+00  
210470    0.00000E+00  0.00000E+00  0.00000E+00  
210480    0.00000E+00  0.00000E+00  0.00000E+00  
220460    0.00000E+00  0.00000E+00  0.00000E+00  
220470    0.00000E+00  0.00000E+00  0.00000E+00  
220480    0.00000E+00  0.00000E+00  0.00000E+00  
220490    0.00000E+00  0.00000E+00  0.00000E+00  
220500    0.00000E+00  0.00000E+00  0.00000E+00  
220660    0.00000E+00  0.00000E+00  0.00000E+00  
230490    0.00000E+00  0.00000E+00  0.00000E+00  
230500    0.00000E+00  0.00000E+00  0.00000E+00  
230510    0.00000E+00  0.00000E+00  0.00000E+00  
230660    0.00000E+00  0.00000E+00  0.00000E+00  
230670    0.00000E+00  0.00000E+00  0.00000E+00  
230680    0.00000E+00  0.00000E+00  0.00000E+00  
230690    0.00000E+00  0.00000E+00  0.00000E+00  
240500    0.00000E+00  0.00000E+00  0.00000E+00  
240510    0.00000E+00  0.00000E+00  0.00000E+00  
240520    0.00000E+00  0.00000E+00  0.00000E+00  
240530    0.00000E+00  0.00000E+00  0.00000E+00  
240540    0.00000E+00  0.00000E+00  0.00000E+00  
240660    0.00000E+00  0.00000E+00  0.00000E+00  
240670    0.00000E+00  0.00000E+00  0.00000E+00  
240680    0.00000E+00  0.00000E+00  0.00000E+00  
240690    0.00000E+00  0.00000E+00  0.00000E+00  
240710    0.00000E+00  0.00000E+00  0.00000E+00  
250540    0.00000E+00  0.00000E+00  0.00000E+00  
250550    0.00000E+00  0.00000E+00  0.00000E+00  
250660    0.00000E+00  0.00000E+00  0.00000E+00  
250670    0.00000E+00  0.00000E+00  0.00000E+00  
250680    0.00000E+00  0.00000E+00  0.00000E+00  
250690    0.00000E+00  0.00000E+00  0.00000E+00  
250700    0.00000E+00  0.00000E+00  0.00000E+00  
250710    0.00000E+00  0.00000E+00  0.00000E+00  
250720    0.00000E+00  0.00000E+00  0.00000E+00  
250730    0.00000E+00  0.00000E+00  0.00000E+00  
250740    0.00000E+00  0.00000E+00  0.00000E+00  
260540    0.00000E+00  0.00000E+00  0.00000E+00  
260550    0.00000E+00  0.00000E+00  0.00000E+00  
260560    0.00000E+00  0.00000E+00  0.00000E+00  
260570    0.00000E+00  0.00000E+00  0.00000E+00  
260580    0.00000E+00  0.00000E+00  0.00000E+00  
260660    0.00000E+00  0.00000E+00  0.00000E+00  
260670    0.00000E+00  0.00000E+00  0.00000E+00  
260680    0.00000E+00  0.00000E+00  0.00000E+00  
260690    0.00000E+00  0.00000E+00  0.00000E+00  
260700    0.00000E+00  0.00000E+00  0.00000E+00  
260710    0.00000E+00  0.00000E+00  0.00000E+00  
260720    0.00000E+00  0.00000E+00  0.00000E+00  
260730    0.00000E+00  0.00000E+00  0.00000E+00  
260740    0.00000E+00  0.00000E+00  0.00000E+00  
260750    0.00000E+00  0.00000E+00  0.00000E+00  
260770    0.00000E+00  0.00000E+00  0.00000E+00  
270580    0.00000E+00  0.00000E+00  0.00000E+00  
270581    0.00000E+00  0.00000E+00  0.00000E+00  
270590    0.00000E+00  0.00000E+00  0.00000E+00  
270660    0.00000E+00  0.00000E+00  0.00000E+00  
270670    0.00000E+00  0.00000E+00  0.00000E+00  
270680    0.00000E+00  0.00000E+00  0.00000E+00  
270690    0.00000E+00  0.00000E+00  0.00000E+00  
270700    0.00000E+00  0.00000E+00  0.00000E+00  
270710    0.00000E+00  0.00000E+00  0.00000E+00  
270720    0.00000E+00  0.00000E+00  0.00000E+00  
270730    0.00000E+00  0.00000E+00  0.00000E+00  
270740    0.00000E+00  0.00000E+00  0.00000E+00  
270750    0.00000E+00  0.00000E+00  0.00000E+00  
270760    0.00000E+00  0.00000E+00  0.00000E+00  
270770    0.00000E+00  0.00000E+00  0.00000E+00  
270780    0.00000E+00  0.00000E+00  0.00000E+00  
270790    0.00000E+00  0.00000E+00  0.00000E+00  
280580    0.00000E+00  0.00000E+00  0.00000E+00  
280590    0.00000E+00  0.00000E+00  0.00000E+00  
280600    0.00000E+00  0.00000E+00  0.00000E+00  
280610    0.00000E+00  0.00000E+00  0.00000E+00  
280620    0.00000E+00  0.00000E+00  0.00000E+00  
280630    0.00000E+00  0.00000E+00  0.00000E+00  
280640    0.00000E+00  0.00000E+00  0.00000E+00  
280660    0.00000E+00  0.00000E+00  0.00000E+00  
280670    0.00000E+00  0.00000E+00  0.00000E+00  
280680    0.00000E+00  0.00000E+00  0.00000E+00  
280690    0.00000E+00  0.00000E+00  0.00000E+00  
280700    0.00000E+00  0.00000E+00  0.00000E+00  
280710    0.00000E+00  0.00000E+00  0.00000E+00  
280720    0.00000E+00  0.00000E+00  0.00000E+00  
280730    0.00000E+00  0.00000E+00  0.00000E+00  
280740    0.00000E+00  0.00000E+00  0.00000E+00  
280750    0.00000E+00  0.00000E+00  0.00000E+00  
280760    0.00000E+00  0.00000E+00  0.00000E+00  
280770    0.00000E+00  0.00000E+00  0.00000E+00  
280780    0.00000E+00  0.00000E+00  0.00000E+00  
280790    0.00000E+00  0.00000E+00  0.00000E+00  
280800    0.00000E+00  0.00000E+00  0.00000E+00  
280810    0.00000E+00  0.00000E+00  0.00000E+00  
290630    0.00000E+00  0.00000E+00  0.00000E+00  
290640    0.00000E+00  0.00000E+00  0.00000E+00  
290650    0.00000E+00  0.00000E+00  0.00000E+00  
290660    0.00000E+00  0.00000E+00  0.00000E+00  
290670    0.00000E+00  0.00000E+00  0.00000E+00  
290680    0.00000E+00  0.00000E+00  0.00000E+00  
290681    0.00000E+00  0.00000E+00  0.00000E+00  
290690    0.00000E+00  0.00000E+00  0.00000E+00  
290700    0.00000E+00  0.00000E+00  0.00000E+00  
290701    0.00000E+00  0.00000E+00  0.00000E+00  
290710    0.00000E+00  0.00000E+00  0.00000E+00  
290720    0.00000E+00  0.00000E+00  0.00000E+00  
290730    0.00000E+00  0.00000E+00  0.00000E+00  
290740    0.00000E+00  0.00000E+00  0.00000E+00  
290750    0.00000E+00  0.00000E+00  0.00000E+00  
290760    0.00000E+00  0.00000E+00  0.00000E+00  
290770    0.00000E+00  0.00000E+00  0.00000E+00  
290780    0.00000E+00  0.00000E+00  0.00000E+00  
290790    0.00000E+00  0.00000E+00  0.00000E+00  
290800    0.00000E+00  0.00000E+00  0.00000E+00  
290810    0.00000E+00  0.00000E+00  0.00000E+00  
290820    0.00000E+00  0.00000E+00  0.00000E+00  
290830    0.00000E+00  0.00000E+00  0.00000E+00  
290840    0.00000E+00  0.00000E+00  0.00000E+00  
300640    0.00000E+00  0.00000E+00  0.00000E+00  
300650    0.00000E+00  0.00000E+00  0.00000E+00  
300660    0.00000E+00  0.00000E+00  0.00000E+00  
300670    0.00000E+00  0.00000E+00  0.00000E+00  
300680    0.00000E+00  0.00000E+00  0.00000E+00  
300690    0.00000E+00  0.00000E+00  0.00000E+00  
300691    0.00000E+00  0.00000E+00  0.00000E+00  
300700    0.00000E+00  0.00000E+00  0.00000E+00  
300710    0.00000E+00  0.00000E+00  0.00000E+00  
300711    0.00000E+00  0.00000E+00  0.00000E+00  
300720    0.00000E+00  0.00000E+00  0.00000E+00  
300730    0.00000E+00  0.00000E+00  0.00000E+00  
300740    0.00000E+00  0.00000E+00  0.00000E+00  
300750    0.00000E+00  0.00000E+00  0.00000E+00  
300760    0.00000E+00  0.00000E+00  0.00000E+00  
300770    0.00000E+00  0.00000E+00  0.00000E+00  
300780    0.00000E+00  0.00000E+00  0.00000E+00  
300790    0.00000E+00  0.00000E+00  0.00000E+00  
300800    0.00000E+00  0.00000E+00  0.00000E+00  
300810    0.00000E+00  0.00000E+00  0.00000E+00  
300820    0.00000E+00  0.00000E+00  0.00000E+00  
300830    0.00000E+00  0.00000E+00  0.00000E+00  
300840    0.00000E+00  0.00000E+00  0.00000E+00  
300850    0.00000E+00  0.00000E+00  0.00000E+00  
300860    0.00000E+00  0.00000E+00  0.00000E+00  
300870    0.00000E+00  0.00000E+00  0.00000E+00  
310660    0.00000E+00  0.00000E+00  0.00000E+00  
310670    0.00000E+00  0.00000E+00  0.00000E+00  
310680    0.00000E+00  0.00000E+00  0.00000E+00  
310690    0.00000E+00  0.00000E+00  0.00000E+00  
310700    0.00000E+00  0.00000E+00  0.00000E+00  
310710    0.00000E+00  0.00000E+00  0.00000E+00  
310720    0.00000E+00  0.00000E+00  0.00000E+00  
310721    0.00000E+00  0.00000E+00  0.00000E+00  
310730    0.00000E+00  0.00000E+00  0.00000E+00  
310740    0.00000E+00  0.00000E+00  0.00000E+00  
310741    0.00000E+00  0.00000E+00  0.00000E+00  
310750    0.00000E+00  0.00000E+00  0.00000E+00  
310760    0.00000E+00  0.00000E+00  0.00000E+00  
310770    0.00000E+00  0.00000E+00  0.00000E+00  
310780    0.00000E+00  0.00000E+00  0.00000E+00  
310790    0.00000E+00  0.00000E+00  0.00000E+00  
310800    0.00000E+00  0.00000E+00  0.00000E+00  
310810    0.00000E+00  0.00000E+00  0.00000E+00  
310820    0.00000E+00  0.00000E+00  0.00000E+00  
310830    0.00000E+00  0.00000E+00  0.00000E+00  
310840    0.00000E+00  0.00000E+00  0.00000E+00  
310850    0.00000E+00  0.00000E+00  0.00000E+00  
310860    0.00000E+00  0.00000E+00  0.00000E+00  
310870    0.00000E+00  0.00000E+00  0.00000E+00  
310880    0.00000E+00  0.00000E+00  0.00000E+00  
310890    0.00000E+00  0.00000E+00  0.00000E+00  
320680    0.00000E+00  0.00000E+00  0.00000E+00  
320690    0.00000E+00  0.00000E+00  0.00000E+00  
320700    0.00000E+00  0.00000E+00  0.00000E+00  
320710    0.00000E+00  0.00000E+00  0.00000E+00  
320711    0.00000E+00  0.00000E+00  0.00000E+00  
320720    0.00000E+00  0.00000E+00  0.00000E+00  
320730    0.00000E+00  0.00000E+00  0.00000E+00  
320731    0.00000E+00  0.00000E+00  0.00000E+00  
320740    0.00000E+00  0.00000E+00  0.00000E+00  
320750    0.00000E+00  0.00000E+00  0.00000E+00  
320751    0.00000E+00  0.00000E+00  0.00000E+00  
320760    0.00000E+00  0.00000E+00  0.00000E+00  
320770    0.00000E+00  0.00000E+00  0.00000E+00  
320771    0.00000E+00  0.00000E+00  0.00000E+00  
320780    0.00000E+00  0.00000E+00  0.00000E+00  
320790    0.00000E+00  0.00000E+00  0.00000E+00  
320791    0.00000E+00  0.00000E+00  0.00000E+00  
320800    0.00000E+00  0.00000E+00  0.00000E+00  
320810    0.00000E+00  0.00000E+00  0.00000E+00  
320811    0.00000E+00  0.00000E+00  0.00000E+00  
320820    0.00000E+00  0.00000E+00  0.00000E+00  
320830    0.00000E+00  0.00000E+00  0.00000E+00  
320840    0.00000E+00  0.00000E+00  0.00000E+00  
320850    0.00000E+00  0.00000E+00  0.00000E+00  
320860    0.00000E+00  0.00000E+00  0.00000E+00  
320870    0.00000E+00  0.00000E+00  0.00000E+00  
320880    0.00000E+00  0.00000E+00  0.00000E+00  
320890    0.00000E+00  0.00000E+00  0.00000E+00  
320900    0.00000E+00  0.00000E+00  0.00000E+00  
320910    0.00000E+00  0.00000E+00  0.00000E+00  
320920    0.00000E+00  0.00000E+00  0.00000E+00  
330710    0.00000E+00  0.00000E+00  0.00000E+00  
330720    0.00000E+00  0.00000E+00  0.00000E+00  
330730    0.00000E+00  0.00000E+00  0.00000E+00  
330740    0.00000E+00  0.00000E+00  0.00000E+00  
330741    0.00000E+00  0.00000E+00  0.00000E+00  
330750    0.00000E+00  0.00000E+00  0.00000E+00  
330760    0.00000E+00  0.00000E+00  0.00000E+00  
330770    0.00000E+00  0.00000E+00  0.00000E+00  
330780    0.00000E+00  0.00000E+00  0.00000E+00  
330790    0.00000E+00  0.00000E+00  0.00000E+00  
330800    0.00000E+00  0.00000E+00  0.00000E+00  
330810    0.00000E+00  0.00000E+00  0.00000E+00  
330820    0.00000E+00  0.00000E+00  0.00000E+00  
330821    0.00000E+00  0.00000E+00  0.00000E+00  
330830    0.00000E+00  0.00000E+00  0.00000E+00  
330840    0.00000E+00  0.00000E+00  0.00000E+00  
330841    0.00000E+00  0.00000E+00  0.00000E+00  
330850    0.00000E+00  0.00000E+00  0.00000E+00  
330860    0.00000E+00  0.00000E+00  0.00000E+00  
330870    0.00000E+00  0.00000E+00  0.00000E+00  
330880    0.00000E+00  0.00000E+00  0.00000E+00  
330890    0.00000E+00  0.00000E+00  0.00000E+00  
330900    0.00000E+00  0.00000E+00  0.00000E+00  
330910    0.00000E+00  0.00000E+00  0.00000E+00  
330920    0.00000E+00  0.00000E+00  0.00000E+00  
330930    0.00000E+00  0.00000E+00  0.00000E+00  
330940    0.00000E+00  0.00000E+00  0.00000E+00  
340730    0.00000E+00  0.00000E+00  0.00000E+00  
340731    0.00000E+00  0.00000E+00  0.00000E+00  
340740    0.00000E+00  0.00000E+00  0.00000E+00  
340750    0.00000E+00  0.00000E+00  0.00000E+00  
340760    0.00000E+00  0.00000E+00  0.00000E+00  
340770    0.00000E+00  0.00000E+00  0.00000E+00  
340771    0.00000E+00  0.00000E+00  0.00000E+00  
340780    0.00000E+00  0.00000E+00  0.00000E+00  
340790    0.00000E+00  0.00000E+00  0.00000E+00  
340791    0.00000E+00  0.00000E+00  0.00000E+00  
340800    0.00000E+00  0.00000E+00  0.00000E+00  
340810    0.00000E+00  0.00000E+00  0.00000E+00  
340811    0.00000E+00  0.00000E+00  0.00000E+00  
340820    0.00000E+00  0.00000E+00  0.00000E+00  
340830    0.00000E+00  0.00000E+00  0.00000E+00  
340831    0.00000E+00  0.00000E+00  0.00000E+00  
340840    0.00000E+00  0.00000E+00  0.00000E+00  
340850    0.00000E+00  0.00000E+00  0.00000E+00  
340851    0.00000E+00  0.00000E+00  0.00000E+00  
340860    0.00000E+00  0.00000E+00  0.00000E+00  
340870    0.00000E+00  0.00000E+00  0.00000E+00  
340880    0.00000E+00  0.00000E+00  0.00000E+00  
340890    0.00000E+00  0.00000E+00  0.00000E+00  
340900    0.00000E+00  0.00000E+00  0.00000E+00  
340910    0.00000E+00  0.00000E+00  0.00000E+00  
340920    0.00000E+00  0.00000E+00  0.00000E+00  
340930    0.00000E+00  0.00000E+00  0.00000E+00  
340940    0.00000E+00  0.00000E+00  0.00000E+00  
340950    0.00000E+00  0.00000E+00  0.00000E+00  
340960    0.00000E+00  0.00000E+00  0.00000E+00  
340970    0.00000E+00  0.00000E+00  0.00000E+00  
350750    0.00000E+00  0.00000E+00  0.00000E+00  
350770    0.00000E+00  0.00000E+00  0.00000E+00  
350771    0.00000E+00  0.00000E+00  0.00000E+00  
350780    0.00000E+00  0.00000E+00  0.00000E+00  
350790    0.00000E+00  0.00000E+00  0.00000E+00  
350791    0.00000E+00  0.00000E+00  0.00000E+00  
350800    0.00000E+00  0.00000E+00  0.00000E+00  
350801    0.00000E+00  0.00000E+00  0.00000E+00  
350810    0.00000E+00  0.00000E+00  0.00000E+00  
350820    0.00000E+00  0.00000E+00  0.00000E+00  
350821    0.00000E+00  0.00000E+00  0.00000E+00  
350830    0.00000E+00  0.00000E+00  0.00000E+00  
350840    0.00000E+00  0.00000E+00  0.00000E+00  
350841    0.00000E+00  0.00000E+00  0.00000E+00  
350850    0.00000E+00  0.00000E+00  0.00000E+00  
350860    0.00000E+00  0.00000E+00  0.00000E+00  
350861    0.00000E+00  0.00000E+00  0.00000E+00  
350870    0.00000E+00  0.00000E+00  0.00000E+00  
350880    0.00000E+00  0.00000E+00  0.00000E+00  
350890    0.00000E+00  0.00000E+00  0.00000E+00  
350900    0.00000E+00  0.00000E+00  0.00000E+00  
350910    0.00000E+00  0.00000E+00  0.00000E+00  
350920    0.00000E+00  0.00000E+00  0.00000E+00  
350930    0.00000E+00  0.00000E+00  0.00000E+00  
350940    0.00000E+00  0.00000E+00  0.00000E+00  
350950    0.00000E+00  0.00000E+00  0.00000E+00  
350960    0.00000E+00  0.00000E+00  0.00000E+00  
350970    0.00000E+00  0.00000E+00  0.00000E+00  
350980    0.00000E+00  0.00000E+00  0.00000E+00  
350990    0.00000E+00  0.00000E+00  0.00000E+00  
351000    0.00000E+00  0.00000E+00  0.00000E+00  
360770    0.00000E+00  0.00000E+00  0.00000E+00  
360780    0.00000E+00  0.00000E+00  0.00000E+00  
360790    0.00000E+00  0.00000E+00  0.00000E+00  
360791    0.00000E+00  0.00000E+00  0.00000E+00  
360800    0.00000E+00  0.00000E+00  0.00000E+00  
360810    0.00000E+00  0.00000E+00  0.00000E+00  
360811    0.00000E+00  0.00000E+00  0.00000E+00  
360820    0.00000E+00  0.00000E+00  0.00000E+00  
360830    0.00000E+00  0.00000E+00  0.00000E+00  
360831    0.00000E+00  0.00000E+00  0.00000E+00  
360840    0.00000E+00  0.00000E+00  0.00000E+00  
360850    0.00000E+00  0.00000E+00  0.00000E+00  
360851    0.00000E+00  0.00000E+00  0.00000E+00  
360860    0.00000E+00  0.00000E+00  0.00000E+00  
360870    0.00000E+00  0.00000E+00  0.00000E+00  
360880    0.00000E+00  0.00000E+00  0.00000E+00  
360890    0.00000E+00  0.00000E+00  0.00000E+00  
360900    0.00000E+00  0.00000E+00  0.00000E+00  
360910    0.00000E+00  0.00000E+00  0.00000E+00  
360920    0.00000E+00  0.00000E+00  0.00000E+00  
360930    0.00000E+00  0.00000E+00  0.00000E+00  
360940    0.00000E+00  0.00000E+00  0.00000E+00  
360950    0.00000E+00  0.00000E+00  0.00000E+00  
360960    0.00000E+00  0.00000E+00  0.00000E+00  
360970    0.00000E+00  0.00000E+00  0.00000E+00  
360980    0.00000E+00  0.00000E+00  0.00000E+00  
360990    0.00000E+00  0.00000E+00  0.00000E+00  
361000    0.00000E+00  0.00000E+00  0.00000E+00  
361010    0.00000E+00  0.00000E+00  0.00000E+00  
361020    0.00000E+00  0.00000E+00  0.00000E+00  
370790    0.00000E+00  0.00000E+00  0.00000E+00  
370810    0.00000E+00  0.00000E+00  0.00000E+00  
370830    0.00000E+00  0.00000E+00  0.00000E+00  
370840    0.00000E+00  0.00000E+00  0.00000E+00  
370850    0.00000E+00  0.00000E+00  0.00000E+00  
370860    0.00000E+00  0.00000E+00  0.00000E+00  
370861    0.00000E+00  0.00000E+00  0.00000E+00  
370870    0.00000E+00  0.00000E+00  0.00000E+00  
370880    0.00000E+00  0.00000E+00  0.00000E+00  
370890    0.00000E+00  0.00000E+00  0.00000E+00  
370900    0.00000E+00  0.00000E+00  0.00000E+00  
370901    0.00000E+00  0.00000E+00  0.00000E+00  
370910    0.00000E+00  0.00000E+00  0.00000E+00  
370920    0.00000E+00  0.00000E+00  0.00000E+00  
370930    0.00000E+00  0.00000E+00  0.00000E+00  
370940    0.00000E+00  0.00000E+00  0.00000E+00  
370950    0.00000E+00  0.00000E+00  0.00000E+00  
370960    0.00000E+00  0.00000E+00  0.00000E+00  
370970    0.00000E+00  0.00000E+00  0.00000E+00  
370980    0.00000E+00  0.00000E+00  0.00000E+00  
370990    0.00000E+00  0.00000E+00  0.00000E+00  
371000    0.00000E+00  0.00000E+00  0.00000E+00  
371010    0.00000E+00  0.00000E+00  0.00000E+00  
371020    0.00000E+00  0.00000E+00  0.00000E+00  
371030    0.00000E+00  0.00000E+00  0.00000E+00  
371040    0.00000E+00  0.00000E+00  0.00000E+00  
371050    0.00000E+00  0.00000E+00  0.00000E+00  
371060    0.00000E+00  0.00000E+00  0.00000E+00  
380830    0.00000E+00  0.00000E+00  0.00000E+00  
380840    0.00000E+00  0.00000E+00  0.00000E+00  
380850    0.00000E+00  0.00000E+00  0.00000E+00  
380851    0.00000E+00  0.00000E+00  0.00000E+00  
380860    0.00000E+00  0.00000E+00  0.00000E+00  
380870    0.00000E+00  0.00000E+00  0.00000E+00  
380871    0.00000E+00  0.00000E+00  0.00000E+00  
380880    0.00000E+00  0.00000E+00  0.00000E+00  
380890    0.00000E+00  0.00000E+00  0.00000E+00  
380900    0.00000E+00  0.00000E+00  0.00000E+00  
380910    0.00000E+00  0.00000E+00  0.00000E+00  
380920    0.00000E+00  0.00000E+00  0.00000E+00  
380930    0.00000E+00  0.00000E+00  0.00000E+00  
380940    0.00000E+00  0.00000E+00  0.00000E+00  
380950    0.00000E+00  0.00000E+00  0.00000E+00  
380960    0.00000E+00  0.00000E+00  0.00000E+00  
380970    0.00000E+00  0.00000E+00  0.00000E+00  
380980    0.00000E+00  0.00000E+00  0.00000E+00  
380990    0.00000E+00  0.00000E+00  0.00000E+00  
381000    0.00000E+00  0.00000E+00  0.00000E+00  
381010    0.00000E+00  0.00000E+00  0.00000E+00  
381020    0.00000E+00  0.00000E+00  0.00000E+00  
381030    0.00000E+00  0.00000E+00  0.00000E+00  
381040    0.00000E+00  0.00000E+00  0.00000E+00  
381050    0.00000E+00  0.00000E+00  0.00000E+00  
381060    0.00000E+00  0.00000E+00  0.00000E+00  
381070    0.00000E+00  0.00000E+00  0.00000E+00  
381080    0.00000E+00  0.00000E+00  0.00000E+00  
381090    0.00000E+00  0.00000E+00  0.00000E+00  
390850    0.00000E+00  0.00000E+00  0.00000E+00  
390870    0.00000E+00  0.00000E+00  0.00000E+00  
390871    0.00000E+00  0.00000E+00  0.00000E+00  
390880    0.00000E+00  0.00000E+00  0.00000E+00  
390890    0.00000E+00  0.00000E+00  0.00000E+00  
390891    0.00000E+00  0.00000E+00  0.00000E+00  
390900    0.00000E+00  0.00000E+00  0.00000E+00  
390901    0.00000E+00  0.00000E+00  0.00000E+00  
390910    0.00000E+00  0.00000E+00  0.00000E+00  
390911    0.00000E+00  0.00000E+00  0.00000E+00  
390920    0.00000E+00  0.00000E+00  0.00000E+00  
390930    0.00000E+00  0.00000E+00  0.00000E+00  
390931    0.00000E+00  0.00000E+00  0.00000E+00  
390940    0.00000E+00  0.00000E+00  0.00000E+00  
390950    0.00000E+00  0.00000E+00  0.00000E+00  
390960    0.00000E+00  0.00000E+00  0.00000E+00  
390961    0.00000E+00  0.00000E+00  0.00000E+00  
390970    0.00000E+00  0.00000E+00  0.00000E+00  
390971    0.00000E+00  0.00000E+00  0.00000E+00  
390980    0.00000E+00  0.00000E+00  0.00000E+00  
390981    0.00000E+00  0.00000E+00  0.00000E+00  
390990    0.00000E+00  0.00000E+00  0.00000E+00  
391000    0.00000E+00  0.00000E+00  0.00000E+00  
391010    0.00000E+00  0.00000E+00  0.00000E+00  
391020    0.00000E+00  0.00000E+00  0.00000E+00  
391030    0.00000E+00  0.00000E+00  0.00000E+00  
391040    0.00000E+00  0.00000E+00  0.00000E+00  
391050    0.00000E+00  0.00000E+00  0.00000E+00  
391060    0.00000E+00  0.00000E+00  0.00000E+00  
391070    0.00000E+00  0.00000E+00  0.00000E+00  
391080    0.00000E+00  0.00000E+00  0.00000E+00  
391090    0.00000E+00  0.00000E+00  0.00000E+00  
391100    0.00000E+00  0.00000E+00  0.00000E+00  
391110    0.00000E+00  0.00000E+00  0.00000E+00  
400870    0.00000E+00  0.00000E+00  0.00000E+00  
400880    0.00000E+00  0.00000E+00  0.00000E+00  
400890    0.00000E+00  0.00000E+00  0.00000E+00  
400891    0.00000E+00  0.00000E+00  0.00000E+00  
400900    0.00000E+00  0.00000E+00  0.00000E+00  
400901    0.00000E+00  0.00000E+00  0.00000E+00  
400910    0.00000E+00  0.00000E+00  0.00000E+00  
400920    0.00000E+00  0.00000E+00  0.00000E+00  
400930    0.00000E+00  0.00000E+00  0.00000E+00  
400940    0.00000E+00  0.00000E+00  0.00000E+00  
400950    0.00000E+00  0.00000E+00  0.00000E+00  
400960    0.00000E+00  0.00000E+00  0.00000E+00  
400970    0.00000E+00  0.00000E+00  0.00000E+00  
400980    0.00000E+00  0.00000E+00  0.00000E+00  
400990    0.00000E+00  0.00000E+00  0.00000E+00  
401000    0.00000E+00  0.00000E+00  0.00000E+00  
401010    0.00000E+00  0.00000E+00  0.00000E+00  
401020    0.00000E+00  0.00000E+00  0.00000E+00  
401030    0.00000E+00  0.00000E+00  0.00000E+00  
401040    0.00000E+00  0.00000E+00  0.00000E+00  
401050    0.00000E+00  0.00000E+00  0.00000E+00  
401060    0.00000E+00  0.00000E+00  0.00000E+00  
401070    0.00000E+00  0.00000E+00  0.00000E+00  
401080    0.00000E+00  0.00000E+00  0.00000E+00  
401090    0.00000E+00  0.00000E+00  0.00000E+00  
401100    0.00000E+00  0.00000E+00  0.00000E+00  
401110    0.00000E+00  0.00000E+00  0.00000E+00  
401120    0.00000E+00  0.00000E+00  0.00000E+00  
401130    0.00000E+00  0.00000E+00  0.00000E+00  
401140    0.00000E+00  0.00000E+00  0.00000E+00  
410890    0.00000E+00  0.00000E+00  0.00000E+00  
410900    0.00000E+00  0.00000E+00  0.00000E+00  
410910    0.00000E+00  0.00000E+00  0.00000E+00  
410911    0.00000E+00  0.00000E+00  0.00000E+00  
410920    0.00000E+00  0.00000E+00  0.00000E+00  
410930    0.00000E+00  0.00000E+00  0.00000E+00  
410931    0.00000E+00  0.00000E+00  0.00000E+00  
410940    0.00000E+00  0.00000E+00  0.00000E+00  
410941    0.00000E+00  0.00000E+00  0.00000E+00  
410950    0.00000E+00  0.00000E+00  0.00000E+00  
410951    0.00000E+00  0.00000E+00  0.00000E+00  
410960    0.00000E+00  0.00000E+00  0.00000E+00  
410970    0.00000E+00  0.00000E+00  0.00000E+00  
410971    0.00000E+00  0.00000E+00  0.00000E+00  
410980    0.00000E+00  0.00000E+00  0.00000E+00  
410981    0.00000E+00  0.00000E+00  0.00000E+00  
410990    0.00000E+00  0.00000E+00  0.00000E+00  
410991    0.00000E+00  0.00000E+00  0.00000E+00  
411000    0.00000E+00  0.00000E+00  0.00000E+00  
411001    0.00000E+00  0.00000E+00  0.00000E+00  
411010    0.00000E+00  0.00000E+00  0.00000E+00  
411020    0.00000E+00  0.00000E+00  0.00000E+00  
411021    0.00000E+00  0.00000E+00  0.00000E+00  
411030    0.00000E+00  0.00000E+00  0.00000E+00  
411040    0.00000E+00  0.00000E+00  0.00000E+00  
411041    0.00000E+00  0.00000E+00  0.00000E+00  
411050    0.00000E+00  0.00000E+00  0.00000E+00  
411060    0.00000E+00  0.00000E+00  0.00000E+00  
411070    0.00000E+00  0.00000E+00  0.00000E+00  
411080    0.00000E+00  0.00000E+00  0.00000E+00  
411090    0.00000E+00  0.00000E+00  0.00000E+00  
411100    0.00000E+00  0.00000E+00  0.00000E+00  
411110    0.00000E+00  0.00000E+00  0.00000E+00  
411120    0.00000E+00  0.00000E+00  0.00000E+00  
411130    0.00000E+00  0.00000E+00  0.00000E+00  
411140    0.00000E+00  0.00000E+00  0.00000E+00  
411150    0.00000E+00  0.00000E+00  0.00000E+00  
411160    0.00000E+00  0.00000E+00  0.00000E+00  
420910    0.00000E+00  0.00000E+00  0.00000E+00  
420920    0.00000E+00  0.00000E+00  0.00000E+00  
420930    0.00000E+00  0.00000E+00  0.00000E+00  
420931    0.00000E+00  0.00000E+00  0.00000E+00  
420940    0.00000E+00  0.00000E+00  0.00000E+00  
420950    0.00000E+00  0.00000E+00  0.00000E+00  
420960    0.00000E+00  0.00000E+00  0.00000E+00  
420970    0.00000E+00  0.00000E+00  0.00000E+00  
420980    0.00000E+00  0.00000E+00  0.00000E+00  
420990    0.00000E+00  0.00000E+00  0.00000E+00  
421000    0.00000E+00  0.00000E+00  0.00000E+00  
421010    0.00000E+00  0.00000E+00  0.00000E+00  
421020    0.00000E+00  0.00000E+00  0.00000E+00  
421030    0.00000E+00  0.00000E+00  0.00000E+00  
421040    0.00000E+00  0.00000E+00  0.00000E+00  
421050    0.00000E+00  0.00000E+00  0.00000E+00  
421060    0.00000E+00  0.00000E+00  0.00000E+00  
421070    0.00000E+00  0.00000E+00  0.00000E+00  
421080    0.00000E+00  0.00000E+00  0.00000E+00  
421090    0.00000E+00  0.00000E+00  0.00000E+00  
421100    0.00000E+00  0.00000E+00  0.00000E+00  
421110    0.00000E+00  0.00000E+00  0.00000E+00  
421120    0.00000E+00  0.00000E+00  0.00000E+00  
421130    0.00000E+00  0.00000E+00  0.00000E+00  
421140    0.00000E+00  0.00000E+00  0.00000E+00  
421150    0.00000E+00  0.00000E+00  0.00000E+00  
421160    0.00000E+00  0.00000E+00  0.00000E+00  
421170    0.00000E+00  0.00000E+00  0.00000E+00  
421180    0.00000E+00  0.00000E+00  0.00000E+00  
430950    0.00000E+00  0.00000E+00  0.00000E+00  
430951    0.00000E+00  0.00000E+00  0.00000E+00  
430970    0.00000E+00  0.00000E+00  0.00000E+00  
430971    0.00000E+00  0.00000E+00  0.00000E+00  
430980    0.00000E+00  0.00000E+00  0.00000E+00  
430990    0.00000E+00  0.00000E+00  0.00000E+00  
430991    0.00000E+00  0.00000E+00  0.00000E+00  
431000    0.00000E+00  0.00000E+00  0.00000E+00  
431010    0.00000E+00  0.00000E+00  0.00000E+00  
431020    0.00000E+00  0.00000E+00  0.00000E+00  
431021    0.00000E+00  0.00000E+00  0.00000E+00  
431030    0.00000E+00  0.00000E+00  0.00000E+00  
431040    0.00000E+00  0.00000E+00  0.00000E+00  
431050    0.00000E+00  0.00000E+00  0.00000E+00  
431060    0.00000E+00  0.00000E+00  0.00000E+00  
431070    0.00000E+00  0.00000E+00  0.00000E+00  
431080    0.00000E+00  0.00000E+00  0.00000E+00  
431090    0.00000E+00  0.00000E+00  0.00000E+00  
431100    0.00000E+00  0.00000E+00  0.00000E+00  
431110    0.00000E+00  0.00000E+00  0.00000E+00  
431120    0.00000E+00  0.00000E+00  0.00000E+00  
431130    0.00000E+00  0.00000E+00  0.00000E+00  
431140    0.00000E+00  0.00000E+00  0.00000E+00  
431150    0.00000E+00  0.00000E+00  0.00000E+00  
431160    0.00000E+00  0.00000E+00  0.00000E+00  
431170    0.00000E+00  0.00000E+00  0.00000E+00  
431180    0.00000E+00  0.00000E+00  0.00000E+00  
431190    0.00000E+00  0.00000E+00  0.00000E+00  
431200    0.00000E+00  0.00000E+00  0.00000E+00  
431210    0.00000E+00  0.00000E+00  0.00000E+00  
440960    0.00000E+00  0.00000E+00  0.00000E+00  
440970    0.00000E+00  0.00000E+00  0.00000E+00  
440980    0.00000E+00  0.00000E+00  0.00000E+00  
440990    0.00000E+00  0.00000E+00  0.00000E+00  
441000    0.00000E+00  0.00000E+00  0.00000E+00  
441010    0.00000E+00  0.00000E+00  0.00000E+00  
441020    0.00000E+00  0.00000E+00  0.00000E+00  
441030    0.00000E+00  0.00000E+00  0.00000E+00  
441040    0.00000E+00  0.00000E+00  0.00000E+00  
441050    0.00000E+00  0.00000E+00  0.00000E+00  
441060    0.00000E+00  0.00000E+00  0.00000E+00  
441070    0.00000E+00  0.00000E+00  0.00000E+00  
441080    0.00000E+00  0.00000E+00  0.00000E+00  
441090    0.00000E+00  0.00000E+00  0.00000E+00  
441091    0.00000E+00  0.00000E+00  0.00000E+00  
441100    0.00000E+00  0.00000E+00  0.00000E+00  
441110    0.00000E+00  0.00000E+00  0.00000E+00  
441120    0.00000E+00  0.00000E+00  0.00000E+00  
441130    0.00000E+00  0.00000E+00  0.00000E+00  
441140    0.00000E+00  0.00000E+00  0.00000E+00  
441150    0.00000E+00  0.00000E+00  0.00000E+00  
441160    0.00000E+00  0.00000E+00  0.00000E+00  
441170    0.00000E+00  0.00000E+00  0.00000E+00  
441180    0.00000E+00  0.00000E+00  0.00000E+00  
441190    0.00000E+00  0.00000E+00  0.00000E+00  
441200    0.00000E+00  0.00000E+00  0.00000E+00  
441210    0.00000E+00  0.00000E+00  0.00000E+00  
441220    0.00000E+00  0.00000E+00  0.00000E+00  
441230    0.00000E+00  0.00000E+00  0.00000E+00  
450990    0.00000E+00  0.00000E+00  0.00000E+00  
451010    0.00000E+00  0.00000E+00  0.00000E+00  
451011    0.00000E+00  0.00000E+00  0.00000E+00  
451020    0.00000E+00  0.00000E+00  0.00000E+00  
451021    0.00000E+00  0.00000E+00  0.00000E+00  
451030    0.00000E+00  0.00000E+00  0.00000E+00  
451031    0.00000E+00  0.00000E+00  0.00000E+00  
451040    0.00000E+00  0.00000E+00  0.00000E+00  
451041    0.00000E+00  0.00000E+00  0.00000E+00  
451050    0.00000E+00  0.00000E+00  0.00000E+00  
451051    0.00000E+00  0.00000E+00  0.00000E+00  
451060    0.00000E+00  0.00000E+00  0.00000E+00  
451061    0.00000E+00  0.00000E+00  0.00000E+00  
451070    0.00000E+00  0.00000E+00  0.00000E+00  
451080    0.00000E+00  0.00000E+00  0.00000E+00  
451081    0.00000E+00  0.00000E+00  0.00000E+00  
451090    0.00000E+00  0.00000E+00  0.00000E+00  
451091    0.00000E+00  0.00000E+00  0.00000E+00  
451100    0.00000E+00  0.00000E+00  0.00000E+00  
451101    0.00000E+00  0.00000E+00  0.00000E+00  
451110    0.00000E+00  0.00000E+00  0.00000E+00  
451120    0.00000E+00  0.00000E+00  0.00000E+00  
451130    0.00000E+00  0.00000E+00  0.00000E+00  
451140    0.00000E+00  0.00000E+00  0.00000E+00  
451150    0.00000E+00  0.00000E+00  0.00000E+00  
451160    0.00000E+00  0.00000E+00  0.00000E+00  
451170    0.00000E+00  0.00000E+00  0.00000E+00  
451180    0.00000E+00  0.00000E+00  0.00000E+00  
451190    0.00000E+00  0.00000E+00  0.00000E+00  
451200    0.00000E+00  0.00000E+00  0.00000E+00  
451210    0.00000E+00  0.00000E+00  0.00000E+00  
451220    0.00000E+00  0.00000E+00  0.00000E+00  
451230    0.00000E+00  0.00000E+00  0.00000E+00  
451240    0.00000E+00  0.00000E+00  0.00000E+00  
451250    0.00000E+00  0.00000E+00  0.00000E+00  
461010    0.00000E+00  0.00000E+00  0.00000E+00  
461020    0.00000E+00  0.00000E+00  0.00000E+00  
461030    0.00000E+00  0.00000E+00  0.00000E+00  
461040    0.00000E+00  0.00000E+00  0.00000E+00  
461050    0.00000E+00  0.00000E+00  0.00000E+00  
461060    0.00000E+00  0.00000E+00  0.00000E+00  
461070    0.00000E+00  0.00000E+00  0.00000E+00  
461071    0.00000E+00  0.00000E+00  0.00000E+00  
461080    0.00000E+00  0.00000E+00  0.00000E+00  
461090    0.00000E+00  0.00000E+00  0.00000E+00  
461091    0.00000E+00  0.00000E+00  0.00000E+00  
461100    0.00000E+00  0.00000E+00  0.00000E+00  
461110    0.00000E+00  0.00000E+00  0.00000E+00  
461111    0.00000E+00  0.00000E+00  0.00000E+00  
461120    0.00000E+00  0.00000E+00  0.00000E+00  
461130    0.00000E+00  0.00000E+00  0.00000E+00  
461140    0.00000E+00  0.00000E+00  0.00000E+00  
461150    0.00000E+00  0.00000E+00  0.00000E+00  
461160    0.00000E+00  0.00000E+00  0.00000E+00  
461170    0.00000E+00  0.00000E+00  0.00000E+00  
461180    0.00000E+00  0.00000E+00  0.00000E+00  
461190    0.00000E+00  0.00000E+00  0.00000E+00  
461200    0.00000E+00  0.00000E+00  0.00000E+00  
461210    0.00000E+00  0.00000E+00  0.00000E+00  
461220    0.00000E+00  0.00000E+00  0.00000E+00  
461230    0.00000E+00  0.00000E+00  0.00000E+00  
461240    0.00000E+00  0.00000E+00  0.00000E+00  
461250    0.00000E+00  0.00000E+00  0.00000E+00  
461260    0.00000E+00  0.00000E+00  0.00000E+00  
461270    0.00000E+00  0.00000E+00  0.00000E+00  
461280    0.00000E+00  0.00000E+00  0.00000E+00  
461290    0.00000E+00  0.00000E+00  0.00000E+00  
461300    0.00000E+00  0.00000E+00  0.00000E+00  
461310    0.00000E+00  0.00000E+00  0.00000E+00  
471050    0.00000E+00  0.00000E+00  0.00000E+00  
471051    0.00000E+00  0.00000E+00  0.00000E+00  
471060    0.00000E+00  0.00000E+00  0.00000E+00  
471061    0.00000E+00  0.00000E+00  0.00000E+00  
471070    0.00000E+00  0.00000E+00  0.00000E+00  
471071    0.00000E+00  0.00000E+00  0.00000E+00  
471080    0.00000E+00  0.00000E+00  0.00000E+00  
471081    0.00000E+00  0.00000E+00  0.00000E+00  
471090    0.00000E+00  0.00000E+00  0.00000E+00  
471091    0.00000E+00  0.00000E+00  0.00000E+00  
471100    0.00000E+00  0.00000E+00  0.00000E+00  
471101    0.00000E+00  0.00000E+00  0.00000E+00  
471110    0.00000E+00  0.00000E+00  0.00000E+00  
471111    0.00000E+00  0.00000E+00  0.00000E+00  
471120    0.00000E+00  0.00000E+00  0.00000E+00  
471130    0.00000E+00  0.00000E+00  0.00000E+00  
471131    0.00000E+00  0.00000E+00  0.00000E+00  
471140    0.00000E+00  0.00000E+00  0.00000E+00  
471150    0.00000E+00  0.00000E+00  0.00000E+00  
471151    0.00000E+00  0.00000E+00  0.00000E+00  
471160    0.00000E+00  0.00000E+00  0.00000E+00  
471161    0.00000E+00  0.00000E+00  0.00000E+00  
471170    0.00000E+00  0.00000E+00  0.00000E+00  
471171    0.00000E+00  0.00000E+00  0.00000E+00  
471180    0.00000E+00  0.00000E+00  0.00000E+00  
471181    0.00000E+00  0.00000E+00  0.00000E+00  
471190    0.00000E+00  0.00000E+00  0.00000E+00  
471200    0.00000E+00  0.00000E+00  0.00000E+00  
471201    0.00000E+00  0.00000E+00  0.00000E+00  
471210    0.00000E+00  0.00000E+00  0.00000E+00  
471220    0.00000E+00  0.00000E+00  0.00000E+00  
471221    0.00000E+00  0.00000E+00  0.00000E+00  
471230    0.00000E+00  0.00000E+00  0.00000E+00  
471240    0.00000E+00  0.00000E+00  0.00000E+00  
471250    0.00000E+00  0.00000E+00  0.00000E+00  
471260    0.00000E+00  0.00000E+00  0.00000E+00  
471270    0.00000E+00  0.00000E+00  0.00000E+00  
471280    0.00000E+00  0.00000E+00  0.00000E+00  
471290    0.00000E+00  0.00000E+00  0.00000E+00  
471300    0.00000E+00  0.00000E+00  0.00000E+00  
471310    0.00000E+00  0.00000E+00  0.00000E+00  
471320    0.00000E+00  0.00000E+00  0.00000E+00  
471330    0.00000E+00  0.00000E+00  0.00000E+00  
481060    0.00000E+00  0.00000E+00  0.00000E+00  
481070    0.00000E+00  0.00000E+00  0.00000E+00  
481080    0.00000E+00  0.00000E+00  0.00000E+00  
481090    0.00000E+00  0.00000E+00  0.00000E+00  
481100    0.00000E+00  0.00000E+00  0.00000E+00  
481110    0.00000E+00  0.00000E+00  0.00000E+00  
481111    0.00000E+00  0.00000E+00  0.00000E+00  
481120    0.00000E+00  0.00000E+00  0.00000E+00  
481130    0.00000E+00  0.00000E+00  0.00000E+00  
481131    0.00000E+00  0.00000E+00  0.00000E+00  
481140    0.00000E+00  0.00000E+00  0.00000E+00  
481150    0.00000E+00  0.00000E+00  0.00000E+00  
481151    0.00000E+00  0.00000E+00  0.00000E+00  
481160    0.00000E+00  0.00000E+00  0.00000E+00  
481170    0.00000E+00  0.00000E+00  0.00000E+00  
481171    0.00000E+00  0.00000E+00  0.00000E+00  
481180    0.00000E+00  0.00000E+00  0.00000E+00  
481190    0.00000E+00  0.00000E+00  0.00000E+00  
481191    0.00000E+00  0.00000E+00  0.00000E+00  
481200    0.00000E+00  0.00000E+00  0.00000E+00  
481210    0.00000E+00  0.00000E+00  0.00000E+00  
481211    0.00000E+00  0.00000E+00  0.00000E+00  
481220    0.00000E+00  0.00000E+00  0.00000E+00  
481230    0.00000E+00  0.00000E+00  0.00000E+00  
481240    0.00000E+00  0.00000E+00  0.00000E+00  
481250    0.00000E+00  0.00000E+00  0.00000E+00  
481260    0.00000E+00  0.00000E+00  0.00000E+00  
481270    0.00000E+00  0.00000E+00  0.00000E+00  
481280    0.00000E+00  0.00000E+00  0.00000E+00  
481290    0.00000E+00  0.00000E+00  0.00000E+00  
481300    0.00000E+00  0.00000E+00  0.00000E+00  
481310    0.00000E+00  0.00000E+00  0.00000E+00  
481320    0.00000E+00  0.00000E+00  0.00000E+00  
481330    0.00000E+00  0.00000E+00  0.00000E+00  
481340    0.00000E+00  0.00000E+00  0.00000E+00  
481350    0.00000E+00  0.00000E+00  0.00000E+00  
481360    0.00000E+00  0.00000E+00  0.00000E+00  
491090    0.00000E+00  0.00000E+00  0.00000E+00  
491110    0.00000E+00  0.00000E+00  0.00000E+00  
491120    0.00000E+00  0.00000E+00  0.00000E+00  
491121    0.00000E+00  0.00000E+00  0.00000E+00  
491130    0.00000E+00  0.00000E+00  0.00000E+00  
491131    0.00000E+00  0.00000E+00  0.00000E+00  
491140    0.00000E+00  0.00000E+00  0.00000E+00  
491141    0.00000E+00  0.00000E+00  0.00000E+00  
491150    0.00000E+00  0.00000E+00  0.00000E+00  
491151    0.00000E+00  0.00000E+00  0.00000E+00  
491160    0.00000E+00  0.00000E+00  0.00000E+00  
491161    0.00000E+00  0.00000E+00  0.00000E+00  
491170    0.00000E+00  0.00000E+00  0.00000E+00  
491171    0.00000E+00  0.00000E+00  0.00000E+00  
491180    0.00000E+00  0.00000E+00  0.00000E+00  
491181    0.00000E+00  0.00000E+00  0.00000E+00  
491190    0.00000E+00  0.00000E+00  0.00000E+00  
491191    0.00000E+00  0.00000E+00  0.00000E+00  
491200    0.00000E+00  0.00000E+00  0.00000E+00  
491201    0.00000E+00  0.00000E+00  0.00000E+00  
491210    0.00000E+00  0.00000E+00  0.00000E+00  
491211    0.00000E+00  0.00000E+00  0.00000E+00  
491220    0.00000E+00  0.00000E+00  0.00000E+00  
491221    0.00000E+00  0.00000E+00  0.00000E+00  
491230    0.00000E+00  0.00000E+00  0.00000E+00  
491231    0.00000E+00  0.00000E+00  0.00000E+00  
491240    0.00000E+00  0.00000E+00  0.00000E+00  
491241    0.00000E+00  0.00000E+00  0.00000E+00  
491250    0.00000E+00  0.00000E+00  0.00000E+00  
491251    0.00000E+00  0.00000E+00  0.00000E+00  
491260    0.00000E+00  0.00000E+00  0.00000E+00  
491261    0.00000E+00  0.00000E+00  0.00000E+00  
491270    0.00000E+00  0.00000E+00  0.00000E+00  
491271    0.00000E+00  0.00000E+00  0.00000E+00  
491280    0.00000E+00  0.00000E+00  0.00000E+00  
491281    0.00000E+00  0.00000E+00  0.00000E+00  
491290    0.00000E+00  0.00000E+00  0.00000E+00  
491291    0.00000E+00  0.00000E+00  0.00000E+00  
491300    0.00000E+00  0.00000E+00  0.00000E+00  
491301    0.00000E+00  0.00000E+00  0.00000E+00  
491310    0.00000E+00  0.00000E+00  0.00000E+00  
491311    0.00000E+00  0.00000E+00  0.00000E+00  
491320    0.00000E+00  0.00000E+00  0.00000E+00  
491330    0.00000E+00  0.00000E+00  0.00000E+00  
491340    0.00000E+00  0.00000E+00  0.00000E+00  
491350    0.00000E+00  0.00000E+00  0.00000E+00  
491360    0.00000E+00  0.00000E+00  0.00000E+00  
491370    0.00000E+00  0.00000E+00  0.00000E+00  
491380    0.00000E+00  0.00000E+00  0.00000E+00  
501110    0.00000E+00  0.00000E+00  0.00000E+00  
501120    0.00000E+00  0.00000E+00  0.00000E+00  
501130    0.00000E+00  0.00000E+00  0.00000E+00  
501131    0.00000E+00  0.00000E+00  0.00000E+00  
501140    0.00000E+00  0.00000E+00  0.00000E+00  
501150    0.00000E+00  0.00000E+00  0.00000E+00  
501160    0.00000E+00  0.00000E+00  0.00000E+00  
501170    0.00000E+00  0.00000E+00  0.00000E+00  
501171    0.00000E+00  0.00000E+00  0.00000E+00  
501180    0.00000E+00  0.00000E+00  0.00000E+00  
501190    0.00000E+00  0.00000E+00  0.00000E+00  
501191    0.00000E+00  0.00000E+00  0.00000E+00  
501200    0.00000E+00  0.00000E+00  0.00000E+00  
501210    0.00000E+00  0.00000E+00  0.00000E+00  
501211    0.00000E+00  0.00000E+00  0.00000E+00  
501220    0.00000E+00  0.00000E+00  0.00000E+00  
501230    0.00000E+00  0.00000E+00  0.00000E+00  
501231    0.00000E+00  0.00000E+00  0.00000E+00  
501240    0.00000E+00  0.00000E+00  0.00000E+00  
501250    0.00000E+00  0.00000E+00  0.00000E+00  
501251    0.00000E+00  0.00000E+00  0.00000E+00  
501260    0.00000E+00  0.00000E+00  0.00000E+00  
501270    0.00000E+00  0.00000E+00  0.00000E+00  
501271    0.00000E+00  0.00000E+00  0.00000E+00  
501280    0.00000E+00  0.00000E+00  0.00000E+00  
501281    0.00000E+00  0.00000E+00  0.00000E+00  
501290    0.00000E+00  0.00000E+00  0.00000E+00  
501291    0.00000E+00  0.00000E+00  0.00000E+00  
501300    0.00000E+00  0.00000E+00  0.00000E+00  
501301    0.00000E+00  0.00000E+00  0.00000E+00  
501310    0.00000E+00  0.00000E+00  0.00000E+00  
501311    0.00000E+00  0.00000E+00  0.00000E+00  
501320    0.00000E+00  0.00000E+00  0.00000E+00  
501330    0.00000E+00  0.00000E+00  0.00000E+00  
501340    0.00000E+00  0.00000E+00  0.00000E+00  
501350    0.00000E+00  0.00000E+00  0.00000E+00  
501360    0.00000E+00  0.00000E+00  0.00000E+00  
501370    0.00000E+00  0.00000E+00  0.00000E+00  
501380    0.00000E+00  0.00000E+00  0.00000E+00  
501390    0.00000E+00  0.00000E+00  0.00000E+00  
501400    0.00000E+00  0.00000E+00  0.00000E+00  
501410    0.00000E+00  0.00000E+00  0.00000E+00  
511150    0.00000E+00  0.00000E+00  0.00000E+00  
511170    0.00000E+00  0.00000E+00  0.00000E+00  
511180    0.00000E+00  0.00000E+00  0.00000E+00  
511181    0.00000E+00  0.00000E+00  0.00000E+00  
511190    0.00000E+00  0.00000E+00  0.00000E+00  
511200    0.00000E+00  0.00000E+00  0.00000E+00  
511201    0.00000E+00  0.00000E+00  0.00000E+00  
511210    0.00000E+00  0.00000E+00  0.00000E+00  
511220    0.00000E+00  0.00000E+00  0.00000E+00  
511221    0.00000E+00  0.00000E+00  0.00000E+00  
511230    0.00000E+00  0.00000E+00  0.00000E+00  
511240    0.00000E+00  0.00000E+00  0.00000E+00  
511241    0.00000E+00  0.00000E+00  0.00000E+00  
511250    0.00000E+00  0.00000E+00  0.00000E+00  
511260    0.00000E+00  0.00000E+00  0.00000E+00  
511261    0.00000E+00  0.00000E+00  0.00000E+00  
511270    0.00000E+00  0.00000E+00  0.00000E+00  
511280    0.00000E+00  0.00000E+00  0.00000E+00  
511281    0.00000E+00  0.00000E+00  0.00000E+00  
511290    0.00000E+00  0.00000E+00  0.00000E+00  
511291    0.00000E+00  0.00000E+00  0.00000E+00  
511300    0.00000E+00  0.00000E+00  0.00000E+00  
511301    0.00000E+00  0.00000E+00  0.00000E+00  
511310    0.00000E+00  0.00000E+00  0.00000E+00  
511320    0.00000E+00  0.00000E+00  0.00000E+00  
511321    0.00000E+00  0.00000E+00  0.00000E+00  
511330    0.00000E+00  0.00000E+00  0.00000E+00  
511340    0.00000E+00  0.00000E+00  0.00000E+00  
511341    0.00000E+00  0.00000E+00  0.00000E+00  
511350    0.00000E+00  0.00000E+00  0.00000E+00  
511360    0.00000E+00  0.00000E+00  0.00000E+00  
511370    0.00000E+00  0.00000E+00  0.00000E+00  
511380    0.00000E+00  0.00000E+00  0.00000E+00  
511390    0.00000E+00  0.00000E+00  0.00000E+00  
511400    0.00000E+00  0.00000E+00  0.00000E+00  
511410    0.00000E+00  0.00000E+00  0.00000E+00  
511420    0.00000E+00  0.00000E+00  0.00000E+00  
511430    0.00000E+00  0.00000E+00  0.00000E+00  
521180    0.00000E+00  0.00000E+00  0.00000E+00  
521190    0.00000E+00  0.00000E+00  0.00000E+00  
521200    0.00000E+00  0.00000E+00  0.00000E+00  
521210    0.00000E+00  0.00000E+00  0.00000E+00  
521211    0.00000E+00  0.00000E+00  0.00000E+00  
521220    0.00000E+00  0.00000E+00  0.00000E+00  
521230    0.00000E+00  0.00000E+00  0.00000E+00  
521231    0.00000E+00  0.00000E+00  0.00000E+00  
521240    0.00000E+00  0.00000E+00  0.00000E+00  
521250    0.00000E+00  0.00000E+00  0.00000E+00  
521251    0.00000E+00  0.00000E+00  0.00000E+00  
521260    0.00000E+00  0.00000E+00  0.00000E+00  
521270    0.00000E+00  0.00000E+00  0.00000E+00  
521271    0.00000E+00  0.00000E+00  0.00000E+00  
521280    0.00000E+00  0.00000E+00  0.00000E+00  
521290    0.00000E+00  0.00000E+00  0.00000E+00  
521291    0.00000E+00  0.00000E+00  0.00000E+00  
521300    0.00000E+00  0.00000E+00  0.00000E+00  
521310    0.00000E+00  0.00000E+00  0.00000E+00  
521311    0.00000E+00  0.00000E+00  0.00000E+00  
521320    0.00000E+00  0.00000E+00  0.00000E+00  
521330    0.00000E+00  0.00000E+00  0.00000E+00  
521331    0.00000E+00  0.00000E+00  0.00000E+00  
521340    0.00000E+00  0.00000E+00  0.00000E+00  
521350    0.00000E+00  0.00000E+00  0.00000E+00  
521360    0.00000E+00  0.00000E+00  0.00000E+00  
521370    0.00000E+00  0.00000E+00  0.00000E+00  
521380    0.00000E+00  0.00000E+00  0.00000E+00  
521390    0.00000E+00  0.00000E+00  0.00000E+00  
521400    0.00000E+00  0.00000E+00  0.00000E+00  
521410    0.00000E+00  0.00000E+00  0.00000E+00  
521420    0.00000E+00  0.00000E+00  0.00000E+00  
521430    0.00000E+00  0.00000E+00  0.00000E+00  
521440    0.00000E+00  0.00000E+00  0.00000E+00  
521450    0.00000E+00  0.00000E+00  0.00000E+00  
521460    0.00000E+00  0.00000E+00  0.00000E+00  
531210    0.00000E+00  0.00000E+00  0.00000E+00  
531230    0.00000E+00  0.00000E+00  0.00000E+00  
531250    0.00000E+00  0.00000E+00  0.00000E+00  
531260    0.00000E+00  0.00000E+00  0.00000E+00  
531270    0.00000E+00  0.00000E+00  0.00000E+00  
531280    0.00000E+00  0.00000E+00  0.00000E+00  
531290    0.00000E+00  0.00000E+00  0.00000E+00  
531300    0.00000E+00  0.00000E+00  0.00000E+00  
531301    0.00000E+00  0.00000E+00  0.00000E+00  
531310    0.00000E+00  0.00000E+00  0.00000E+00  
531320    0.00000E+00  0.00000E+00  0.00000E+00  
531321    0.00000E+00  0.00000E+00  0.00000E+00  
531330    0.00000E+00  0.00000E+00  0.00000E+00  
531331    0.00000E+00  0.00000E+00  0.00000E+00  
531340    0.00000E+00  0.00000E+00  0.00000E+00  
531341    0.00000E+00  0.00000E+00  0.00000E+00  
531350    0.00000E+00  0.00000E+00  0.00000E+00  
531360    0.00000E+00  0.00000E+00  0.00000E+00  
531361    0.00000E+00  0.00000E+00  0.00000E+00  
531370    0.00000E+00  0.00000E+00  0.00000E+00  
531380    0.00000E+00  0.00000E+00  0.00000E+00  
531390    0.00000E+00  0.00000E+00  0.00000E+00  
531400    0.00000E+00  0.00000E+00  0.00000E+00  
531410    0.00000E+00  0.00000E+00  0.00000E+00  
531420    0.00000E+00  0.00000E+00  0.00000E+00  
531430    0.00000E+00  0.00000E+00  0.00000E+00  
531440    0.00000E+00  0.00000E+00  0.00000E+00  
531450    0.00000E+00  0.00000E+00  0.00000E+00  
531460    0.00000E+00  0.00000E+00  0.00000E+00  
531470    0.00000E+00  0.00000E+00  0.00000E+00  
531480    0.00000E+00  0.00000E+00  0.00000E+00  
541230    0.00000E+00  0.00000E+00  0.00000E+00  
541240    0.00000E+00  0.00000E+00  0.00000E+00  
541250    0.00000E+00  0.00000E+00  0.00000E+00  
541251    0.00000E+00  0.00000E+00  0.00000E+00  
541260    0.00000E+00  0.00000E+00  0.00000E+00  
541270    0.00000E+00  0.00000E+00  0.00000E+00  
541271    0.00000E+00  0.00000E+00  0.00000E+00  
541280    0.00000E+00  0.00000E+00  0.00000E+00  
541290    0.00000E+00  0.00000E+00  0.00000E+00  
541291    0.00000E+00  0.00000E+00  0.00000E+00  
541300    0.00000E+00  0.00000E+00  0.00000E+00  
541310    0.00000E+00  0.00000E+00  0.00000E+00  
541311    0.00000E+00  0.00000E+00  0.00000E+00  
541320    0.00000E+00  0.00000E+00  0.00000E+00  
541330    0.00000E+00  0.00000E+00  0.00000E+00  
541331    0.00000E+00  0.00000E+00  0.00000E+00  
541340    0.00000E+00  0.00000E+00  0.00000E+00  
541341    0.00000E+00  0.00000E+00  0.00000E+00  
541350    0.00000E+00  0.00000E+00  0.00000E+00  
541351    0.00000E+00  0.00000E+00  0.00000E+00  
541360    0.00000E+00  0.00000E+00  0.00000E+00  
541370    0.00000E+00  0.00000E+00  0.00000E+00  
541380    0.00000E+00  0.00000E+00  0.00000E+00  
541390    0.00000E+00  0.00000E+00  0.00000E+00  
541400    0.00000E+00  0.00000E+00  0.00000E+00  
541410    0.00000E+00  0.00000E+00  0.00000E+00  
541420    0.00000E+00  0.00000E+00  0.00000E+00  
541430    0.00000E+00  0.00000E+00  0.00000E+00  
541431    0.00000E+00  0.00000E+00  0.00000E+00  
541440    0.00000E+00  0.00000E+00  0.00000E+00  
541450    0.00000E+00  0.00000E+00  0.00000E+00  
541460    0.00000E+00  0.00000E+00  0.00000E+00  
541470    0.00000E+00  0.00000E+00  0.00000E+00  
541480    0.00000E+00  0.00000E+00  0.00000E+00  
541490    0.00000E+00  0.00000E+00  0.00000E+00  
541500    0.00000E+00  0.00000E+00  0.00000E+00  
541510    0.00000E+00  0.00000E+00  0.00000E+00  
551270    0.00000E+00  0.00000E+00  0.00000E+00  
551290    0.00000E+00  0.00000E+00  0.00000E+00  
551310    0.00000E+00  0.00000E+00  0.00000E+00  
551320    0.00000E+00  0.00000E+00  0.00000E+00  
551330    0.00000E+00  0.00000E+00  0.00000E+00  
551340    0.00000E+00  0.00000E+00  0.00000E+00  
551341    0.00000E+00  0.00000E+00  0.00000E+00  
551350    0.00000E+00  0.00000E+00  0.00000E+00  
551351    0.00000E+00  0.00000E+00  0.00000E+00  
551360    0.00000E+00  0.00000E+00  0.00000E+00  
551361    0.00000E+00  0.00000E+00  0.00000E+00  
551370    0.00000E+00  0.00000E+00  0.00000E+00  
551380    0.00000E+00  0.00000E+00  0.00000E+00  
551381    0.00000E+00  0.00000E+00  0.00000E+00  
551390    0.00000E+00  0.00000E+00  0.00000E+00  
551400    0.00000E+00  0.00000E+00  0.00000E+00  
551410    0.00000E+00  0.00000E+00  0.00000E+00  
551420    0.00000E+00  0.00000E+00  0.00000E+00  
551430    0.00000E+00  0.00000E+00  0.00000E+00  
551440    0.00000E+00  0.00000E+00  0.00000E+00  
551450    0.00000E+00  0.00000E+00  0.00000E+00  
551460    0.00000E+00  0.00000E+00  0.00000E+00  
551470    0.00000E+00  0.00000E+00  0.00000E+00  
551480    0.00000E+00  0.00000E+00  0.00000E+00  
551490    0.00000E+00  0.00000E+00  0.00000E+00  
551500    0.00000E+00  0.00000E+00  0.00000E+00  
551510    0.00000E+00  0.00000E+00  0.00000E+00  
551520    0.00000E+00  0.00000E+00  0.00000E+00  
551530    0.00000E+00  0.00000E+00  0.00000E+00  
551540    0.00000E+00  0.00000E+00  0.00000E+00  
561300    0.00000E+00  0.00000E+00  0.00000E+00  
561310    0.00000E+00  0.00000E+00  0.00000E+00  
561320    0.00000E+00  0.00000E+00  0.00000E+00  
561330    0.00000E+00  0.00000E+00  0.00000E+00  
561340    0.00000E+00  0.00000E+00  0.00000E+00  
561350    0.00000E+00  0.00000E+00  0.00000E+00  
561351    0.00000E+00  0.00000E+00  0.00000E+00  
561360    0.00000E+00  0.00000E+00  0.00000E+00  
561361    0.00000E+00  0.00000E+00  0.00000E+00  
561370    0.00000E+00  0.00000E+00  0.00000E+00  
561371    0.00000E+00  0.00000E+00  0.00000E+00  
561380    0.00000E+00  0.00000E+00  0.00000E+00  
561390    0.00000E+00  0.00000E+00  0.00000E+00  
561400    0.00000E+00  0.00000E+00  0.00000E+00  
561410    0.00000E+00  0.00000E+00  0.00000E+00  
561420    0.00000E+00  0.00000E+00  0.00000E+00  
561430    0.00000E+00  0.00000E+00  0.00000E+00  
561440    0.00000E+00  0.00000E+00  0.00000E+00  
561450    0.00000E+00  0.00000E+00  0.00000E+00  
561460    0.00000E+00  0.00000E+00  0.00000E+00  
561470    0.00000E+00  0.00000E+00  0.00000E+00  
561480    0.00000E+00  0.00000E+00  0.00000E+00  
561490    0.00000E+00  0.00000E+00  0.00000E+00  
561500    0.00000E+00  0.00000E+00  0.00000E+00  
561510    0.00000E+00  0.00000E+00  0.00000E+00  
561520    0.00000E+00  0.00000E+00  0.00000E+00  
561530    0.00000E+00  0.00000E+00  0.00000E+00  
561540    0.00000E+00  0.00000E+00  0.00000E+00  
561550    0.00000E+00  0.00000E+00  0.00000E+00  
561560    0.00000E+00  0.00000E+00  0.00000E+00  
571330    0.00000E+00  0.00000E+00  0.00000E+00  
571350    0.00000E+00  0.00000E+00  0.00000E+00  
571370    0.00000E+00  0.00000E+00  0.00000E+00  
571380    0.00000E+00  0.00000E+00  0.00000E+00  
571390    0.00000E+00  0.00000E+00  0.00000E+00  
571400    0.00000E+00  0.00000E+00  0.00000E+00  
571410    0.00000E+00  0.00000E+00  0.00000E+00  
571420    0.00000E+00  0.00000E+00  0.00000E+00  
571430    0.00000E+00  0.00000E+00  0.00000E+00  
571440    0.00000E+00  0.00000E+00  0.00000E+00  
571450    0.00000E+00  0.00000E+00  0.00000E+00  
571460    0.00000E+00  0.00000E+00  0.00000E+00  
571461    0.00000E+00  0.00000E+00  0.00000E+00  
571470    0.00000E+00  0.00000E+00  0.00000E+00  
571480    0.00000E+00  0.00000E+00  0.00000E+00  
571490    0.00000E+00  0.00000E+00  0.00000E+00  
571500    0.00000E+00  0.00000E+00  0.00000E+00  
571510    0.00000E+00  0.00000E+00  0.00000E+00  
571520    0.00000E+00  0.00000E+00  0.00000E+00  
571530    0.00000E+00  0.00000E+00  0.00000E+00  
571540    0.00000E+00  0.00000E+00  0.00000E+00  
571550    0.00000E+00  0.00000E+00  0.00000E+00  
571560    0.00000E+00  0.00000E+00  0.00000E+00  
571570    0.00000E+00  0.00000E+00  0.00000E+00  
571580    0.00000E+00  0.00000E+00  0.00000E+00  
571590    0.00000E+00  0.00000E+00  0.00000E+00  
581350    0.00000E+00  0.00000E+00  0.00000E+00  
581360    0.00000E+00  0.00000E+00  0.00000E+00  
581370    0.00000E+00  0.00000E+00  0.00000E+00  
581371    0.00000E+00  0.00000E+00  0.00000E+00  
581380    0.00000E+00  0.00000E+00  0.00000E+00  
581390    0.00000E+00  0.00000E+00  0.00000E+00  
581391    0.00000E+00  0.00000E+00  0.00000E+00  
581400    0.00000E+00  0.00000E+00  0.00000E+00  
581410    0.00000E+00  0.00000E+00  0.00000E+00  
581420    0.00000E+00  0.00000E+00  0.00000E+00  
581430    0.00000E+00  0.00000E+00  0.00000E+00  
581440    0.00000E+00  0.00000E+00  0.00000E+00  
581450    0.00000E+00  0.00000E+00  0.00000E+00  
581460    0.00000E+00  0.00000E+00  0.00000E+00  
581470    0.00000E+00  0.00000E+00  0.00000E+00  
581480    0.00000E+00  0.00000E+00  0.00000E+00  
581490    0.00000E+00  0.00000E+00  0.00000E+00  
581500    0.00000E+00  0.00000E+00  0.00000E+00  
581510    0.00000E+00  0.00000E+00  0.00000E+00  
581520    0.00000E+00  0.00000E+00  0.00000E+00  
581530    0.00000E+00  0.00000E+00  0.00000E+00  
581540    0.00000E+00  0.00000E+00  0.00000E+00  
581550    0.00000E+00  0.00000E+00  0.00000E+00  
581560    0.00000E+00  0.00000E+00  0.00000E+00  
581570    0.00000E+00  0.00000E+00  0.00000E+00  
581580    0.00000E+00  0.00000E+00  0.00000E+00  
581590    0.00000E+00  0.00000E+00  0.00000E+00  
581600    0.00000E+00  0.00000E+00  0.00000E+00  
581610    0.00000E+00  0.00000E+00  0.00000E+00  
591390    0.00000E+00  0.00000E+00  0.00000E+00  
591400    0.00000E+00  0.00000E+00  0.00000E+00  
591410    0.00000E+00  0.00000E+00  0.00000E+00  
591420    0.00000E+00  0.00000E+00  0.00000E+00  
591421    0.00000E+00  0.00000E+00  0.00000E+00  
591430    0.00000E+00  0.00000E+00  0.00000E+00  
591440    0.00000E+00  0.00000E+00  0.00000E+00  
591441    0.00000E+00  0.00000E+00  0.00000E+00  
591450    0.00000E+00  0.00000E+00  0.00000E+00  
591460    0.00000E+00  0.00000E+00  0.00000E+00  
591470    0.00000E+00  0.00000E+00  0.00000E+00  
591480    0.00000E+00  0.00000E+00  0.00000E+00  
591481    0.00000E+00  0.00000E+00  0.00000E+00  
591490    0.00000E+00  0.00000E+00  0.00000E+00  
591500    0.00000E+00  0.00000E+00  0.00000E+00  
591510    0.00000E+00  0.00000E+00  0.00000E+00  
591520    0.00000E+00  0.00000E+00  0.00000E+00  
591530    0.00000E+00  0.00000E+00  0.00000E+00  
591540    0.00000E+00  0.00000E+00  0.00000E+00  
591550    0.00000E+00  0.00000E+00  0.00000E+00  
591560    0.00000E+00  0.00000E+00  0.00000E+00  
591570    0.00000E+00  0.00000E+00  0.00000E+00  
591580    0.00000E+00  0.00000E+00  0.00000E+00  
591590    0.00000E+00  0.00000E+00  0.00000E+00  
591600    0.00000E+00  0.00000E+00  0.00000E+00  
591610    0.00000E+00  0.00000E+00  0.00000E+00  
591620    0.00000E+00  0.00000E+00  0.00000E+00  
591630    0.00000E+00  0.00000E+00  0.00000E+00  
591640    0.00000E+00  0.00000E+00  0.00000E+00  
601400    0.00000E+00  0.00000E+00  0.00000E+00  
601410    0.00000E+00  0.00000E+00  0.00000E+00  
601420    0.00000E+00  0.00000E+00  0.00000E+00  
601430    0.00000E+00  0.00000E+00  0.00000E+00  
601440    0.00000E+00  0.00000E+00  0.00000E+00  
601450    0.00000E+00  0.00000E+00  0.00000E+00  
601460    0.00000E+00  0.00000E+00  0.00000E+00  
601470    0.00000E+00  0.00000E+00  0.00000E+00  
601480    0.00000E+00  0.00000E+00  0.00000E+00  
601490    0.00000E+00  0.00000E+00  0.00000E+00  
601500    0.00000E+00  0.00000E+00  0.00000E+00  
601510    0.00000E+00  0.00000E+00  0.00000E+00  
601520    0.00000E+00  0.00000E+00  0.00000E+00  
601530    0.00000E+00  0.00000E+00  0.00000E+00  
601540    0.00000E+00  0.00000E+00  0.00000E+00  
601550    0.00000E+00  0.00000E+00  0.00000E+00  
601560    0.00000E+00  0.00000E+00  0.00000E+00  
601570    0.00000E+00  0.00000E+00  0.00000E+00  
601580    0.00000E+00  0.00000E+00  0.00000E+00  
601590    0.00000E+00  0.00000E+00  0.00000E+00  
601600    0.00000E+00  0.00000E+00  0.00000E+00  
601610    0.00000E+00  0.00000E+00  0.00000E+00  
601620    0.00000E+00  0.00000E+00  0.00000E+00  
601630    0.00000E+00  0.00000E+00  0.00000E+00  
601640    0.00000E+00  0.00000E+00  0.00000E+00  
601650    0.00000E+00  0.00000E+00  0.00000E+00  
601660    0.00000E+00  0.00000E+00  0.00000E+00  
601670    0.00000E+00  0.00000E+00  0.00000E+00  
611430    0.00000E+00  0.00000E+00  0.00000E+00  
611440    0.00000E+00  0.00000E+00  0.00000E+00  
611450    0.00000E+00  0.00000E+00  0.00000E+00  
611460    0.00000E+00  0.00000E+00  0.00000E+00  
611470    0.00000E+00  0.00000E+00  0.00000E+00  
611480    0.00000E+00  0.00000E+00  0.00000E+00  
611481    0.00000E+00  0.00000E+00  0.00000E+00  
611490    0.00000E+00  0.00000E+00  0.00000E+00  
611500    0.00000E+00  0.00000E+00  0.00000E+00  
611510    0.00000E+00  0.00000E+00  0.00000E+00  
611520    0.00000E+00  0.00000E+00  0.00000E+00  
611521    0.00000E+00  0.00000E+00  0.00000E+00  
611530    0.00000E+00  0.00000E+00  0.00000E+00  
611540    0.00000E+00  0.00000E+00  0.00000E+00  
611541    0.00000E+00  0.00000E+00  0.00000E+00  
611550    0.00000E+00  0.00000E+00  0.00000E+00  
611560    0.00000E+00  0.00000E+00  0.00000E+00  
611570    0.00000E+00  0.00000E+00  0.00000E+00  
611580    0.00000E+00  0.00000E+00  0.00000E+00  
611590    0.00000E+00  0.00000E+00  0.00000E+00  
611600    0.00000E+00  0.00000E+00  0.00000E+00  
611610    0.00000E+00  0.00000E+00  0.00000E+00  
611620    0.00000E+00  0.00000E+00  0.00000E+00  
611630    0.00000E+00  0.00000E+00  0.00000E+00  
611640    0.00000E+00  0.00000E+00  0.00000E+00  
611650    0.00000E+00  0.00000E+00  0.00000E+00  
611660    0.00000E+00  0.00000E+00  0.00000E+00  
611670    0.00000E+00  0.00000E+00  0.00000E+00  
611680    0.00000E+00  0.00000E+00  0.00000E+00  
611690    0.00000E+00  0.00000E+00  0.00000E+00  
621440    0.00000E+00  0.00000E+00  0.00000E+00  
621450    0.00000E+00  0.00000E+00  0.00000E+00  
621460    0.00000E+00  0.00000E+00  0.00000E+00  
621470    0.00000E+00  0.00000E+00  0.00000E+00  
621480    0.00000E+00  0.00000E+00  0.00000E+00  
621490    0.00000E+00  0.00000E+00  0.00000E+00  
621500    0.00000E+00  0.00000E+00  0.00000E+00  
621510    0.00000E+00  0.00000E+00  0.00000E+00  
621520    0.00000E+00  0.00000E+00  0.00000E+00  
621530    0.00000E+00  0.00000E+00  0.00000E+00  
621540    0.00000E+00  0.00000E+00  0.00000E+00  
621550    0.00000E+00  0.00000E+00  0.00000E+00  
621560    0.00000E+00  0.00000E+00  0.00000E+00  
621570    0.00000E+00  0.00000E+00  0.00000E+00  
621580    0.00000E+00  0.00000E+00  0.00000E+00  
621590    0.00000E+00  0.00000E+00  0.00000E+00  
621600    0.00000E+00  0.00000E+00  0.00000E+00  
621610    0.00000E+00  0.00000E+00  0.00000E+00  
621620    0.00000E+00  0.00000E+00  0.00000E+00  
621630    0.00000E+00  0.00000E+00  0.00000E+00  
621640    0.00000E+00  0.00000E+00  0.00000E+00  
621650    0.00000E+00  0.00000E+00  0.00000E+00  
621660    0.00000E+00  0.00000E+00  0.00000E+00  
621670    0.00000E+00  0.00000E+00  0.00000E+00  
621680    0.00000E+00  0.00000E+00  0.00000E+00  
621690    0.00000E+00  0.00000E+00  0.00000E+00  
621700    0.00000E+00  0.00000E+00  0.00000E+00  
621710    0.00000E+00  0.00000E+00  0.00000E+00  
621720    0.00000E+00  0.00000E+00  0.00000E+00  
631470    0.00000E+00  0.00000E+00  0.00000E+00  
631490    0.00000E+00  0.00000E+00  0.00000E+00  
631510    0.00000E+00  0.00000E+00  0.00000E+00  
631520    0.00000E+00  0.00000E+00  0.00000E+00  
631521    0.00000E+00  0.00000E+00  0.00000E+00  
631530    0.00000E+00  0.00000E+00  0.00000E+00  
631540    0.00000E+00  0.00000E+00  0.00000E+00  
631541    0.00000E+00  0.00000E+00  0.00000E+00  
631550    0.00000E+00  0.00000E+00  0.00000E+00  
631560    0.00000E+00  0.00000E+00  0.00000E+00  
631570    0.00000E+00  0.00000E+00  0.00000E+00  
631580    0.00000E+00  0.00000E+00  0.00000E+00  
631590    0.00000E+00  0.00000E+00  0.00000E+00  
631600    0.00000E+00  0.00000E+00  0.00000E+00  
631610    0.00000E+00  0.00000E+00  0.00000E+00  
631620    0.00000E+00  0.00000E+00  0.00000E+00  
631630    0.00000E+00  0.00000E+00  0.00000E+00  
631640    0.00000E+00  0.00000E+00  0.00000E+00  
631650    0.00000E+00  0.00000E+00  0.00000E+00  
631660    0.00000E+00  0.00000E+00  0.00000E+00  
631670    0.00000E+00  0.00000E+00  0.00000E+00  
631680    0.00000E+00  0.00000E+00  0.00000E+00  
631690    0.00000E+00  0.00000E+00  0.00000E+00  
631700    0.00000E+00  0.00000E+00  0.00000E+00  
631710    0.00000E+00  0.00000E+00  0.00000E+00  
631720    0.00000E+00  0.00000E+00  0.00000E+00  
641490    0.00000E+00  0.00000E+00  0.00000E+00  
641500    0.00000E+00  0.00000E+00  0.00000E+00  
641510    0.00000E+00  0.00000E+00  0.00000E+00  
641520    0.00000E+00  0.00000E+00  0.00000E+00  
641530    0.00000E+00  0.00000E+00  0.00000E+00  
641540    0.00000E+00  0.00000E+00  0.00000E+00  
641550    0.00000E+00  0.00000E+00  0.00000E+00  
641560    0.00000E+00  0.00000E+00  0.00000E+00  
641570    0.00000E+00  0.00000E+00  0.00000E+00  
641580    0.00000E+00  0.00000E+00  0.00000E+00  
641590    0.00000E+00  0.00000E+00  0.00000E+00  
641600    0.00000E+00  0.00000E+00  0.00000E+00  
641610    0.00000E+00  0.00000E+00  0.00000E+00  
641620    0.00000E+00  0.00000E+00  0.00000E+00  
641630    0.00000E+00  0.00000E+00  0.00000E+00  
641640    0.00000E+00  0.00000E+00  0.00000E+00  
641650    0.00000E+00  0.00000E+00  0.00000E+00  
641660    0.00000E+00  0.00000E+00  0.00000E+00  
641670    0.00000E+00  0.00000E+00  0.00000E+00  
641680    0.00000E+00  0.00000E+00  0.00000E+00  
641690    0.00000E+00  0.00000E+00  0.00000E+00  
641700    0.00000E+00  0.00000E+00  0.00000E+00  
641710    0.00000E+00  0.00000E+00  0.00000E+00  
641720    0.00000E+00  0.00000E+00  0.00000E+00  
651530    0.00000E+00  0.00000E+00  0.00000E+00  
651550    0.00000E+00  0.00000E+00  0.00000E+00  
651560    0.00000E+00  0.00000E+00  0.00000E+00  
651561    0.00000E+00  0.00000E+00  0.00000E+00  
651570    0.00000E+00  0.00000E+00  0.00000E+00  
651580    0.00000E+00  0.00000E+00  0.00000E+00  
651581    0.00000E+00  0.00000E+00  0.00000E+00  
651590    0.00000E+00  0.00000E+00  0.00000E+00  
651600    0.00000E+00  0.00000E+00  0.00000E+00  
651610    0.00000E+00  0.00000E+00  0.00000E+00  
651620    0.00000E+00  0.00000E+00  0.00000E+00  
651621    0.00000E+00  0.00000E+00  0.00000E+00  
651630    0.00000E+00  0.00000E+00  0.00000E+00  
651640    0.00000E+00  0.00000E+00  0.00000E+00  
651650    0.00000E+00  0.00000E+00  0.00000E+00  
651660    0.00000E+00  0.00000E+00  0.00000E+00  
651670    0.00000E+00  0.00000E+00  0.00000E+00  
651680    0.00000E+00  0.00000E+00  0.00000E+00  
651690    0.00000E+00  0.00000E+00  0.00000E+00  
651700    0.00000E+00  0.00000E+00  0.00000E+00  
651710    0.00000E+00  0.00000E+00  0.00000E+00  
651720    0.00000E+00  0.00000E+00  0.00000E+00  
661540    0.00000E+00  0.00000E+00  0.00000E+00  
661550    0.00000E+00  0.00000E+00  0.00000E+00  
661560    0.00000E+00  0.00000E+00  0.00000E+00  
661570    0.00000E+00  0.00000E+00  0.00000E+00  
661580    0.00000E+00  0.00000E+00  0.00000E+00  
661590    0.00000E+00  0.00000E+00  0.00000E+00  
661600    0.00000E+00  0.00000E+00  0.00000E+00  
661610    0.00000E+00  0.00000E+00  0.00000E+00  
661620    0.00000E+00  0.00000E+00  0.00000E+00  
661630    0.00000E+00  0.00000E+00  0.00000E+00  
661640    0.00000E+00  0.00000E+00  0.00000E+00  
661650    0.00000E+00  0.00000E+00  0.00000E+00  
661651    0.00000E+00  0.00000E+00  0.00000E+00  
661660    0.00000E+00  0.00000E+00  0.00000E+00  
661670    0.00000E+00  0.00000E+00  0.00000E+00  
661680    0.00000E+00  0.00000E+00  0.00000E+00  
661690    0.00000E+00  0.00000E+00  0.00000E+00  
661700    0.00000E+00  0.00000E+00  0.00000E+00  
661710    0.00000E+00  0.00000E+00  0.00000E+00  
661720    0.00000E+00  0.00000E+00  0.00000E+00  
671590    0.00000E+00  0.00000E+00  0.00000E+00  
671591    0.00000E+00  0.00000E+00  0.00000E+00  
671610    0.00000E+00  0.00000E+00  0.00000E+00  
671611    0.00000E+00  0.00000E+00  0.00000E+00  
671620    0.00000E+00  0.00000E+00  0.00000E+00  
671621    0.00000E+00  0.00000E+00  0.00000E+00  
671630    0.00000E+00  0.00000E+00  0.00000E+00  
671631    0.00000E+00  0.00000E+00  0.00000E+00  
671640    0.00000E+00  0.00000E+00  0.00000E+00  
671641    0.00000E+00  0.00000E+00  0.00000E+00  
671650    0.00000E+00  0.00000E+00  0.00000E+00  
671660    0.00000E+00  0.00000E+00  0.00000E+00  
671661    0.00000E+00  0.00000E+00  0.00000E+00  
671670    0.00000E+00  0.00000E+00  0.00000E+00  
671680    0.00000E+00  0.00000E+00  0.00000E+00  
671690    0.00000E+00  0.00000E+00  0.00000E+00  
671700    0.00000E+00  0.00000E+00  0.00000E+00  
671701    0.00000E+00  0.00000E+00  0.00000E+00  
671710    0.00000E+00  0.00000E+00  0.00000E+00  
671720    0.00000E+00  0.00000E+00  0.00000E+00  
681610    0.00000E+00  0.00000E+00  0.00000E+00  
681620    0.00000E+00  0.00000E+00  0.00000E+00  
681630    0.00000E+00  0.00000E+00  0.00000E+00  
681640    0.00000E+00  0.00000E+00  0.00000E+00  
681650    0.00000E+00  0.00000E+00  0.00000E+00  
681660    0.00000E+00  0.00000E+00  0.00000E+00  
681670    0.00000E+00  0.00000E+00  0.00000E+00  
681671    0.00000E+00  0.00000E+00  0.00000E+00  
681680    0.00000E+00  0.00000E+00  0.00000E+00  
681690    0.00000E+00  0.00000E+00  0.00000E+00  
681700    0.00000E+00  0.00000E+00  0.00000E+00  
681710    0.00000E+00  0.00000E+00  0.00000E+00  
681720    0.00000E+00  0.00000E+00  0.00000E+00  
691650    0.00000E+00  0.00000E+00  0.00000E+00  
691660    0.00000E+00  0.00000E+00  0.00000E+00  
691670    0.00000E+00  0.00000E+00  0.00000E+00  
691680    0.00000E+00  0.00000E+00  0.00000E+00  
691690    0.00000E+00  0.00000E+00  0.00000E+00  
691700    0.00000E+00  0.00000E+00  0.00000E+00  
691710    0.00000E+00  0.00000E+00  0.00000E+00  
691720    0.00000E+00  0.00000E+00  0.00000E+00  
701670    0.00000E+00  0.00000E+00  0.00000E+00  
701680    0.00000E+00  0.00000E+00  0.00000E+00  
701690    0.00000E+00  0.00000E+00  0.00000E+00  
701691    0.00000E+00  0.00000E+00  0.00000E+00  
701700    0.00000E+00  0.00000E+00  0.00000E+00  
701710    0.00000E+00  0.00000E+00  0.00000E+00  
701720    0.00000E+00  0.00000E+00  0.00000E+00  
701730    0.00000E+00  0.00000E+00  0.00000E+00  
701740    0.00000E+00  0.00000E+00  0.00000E+00  
701750    0.00000E+00  0.00000E+00  0.00000E+00  
701760    0.00000E+00  0.00000E+00  0.00000E+00  
711710    0.00000E+00  0.00000E+00  0.00000E+00  
711711    0.00000E+00  0.00000E+00  0.00000E+00  
711720    0.00000E+00  0.00000E+00  0.00000E+00  
711721    0.00000E+00  0.00000E+00  0.00000E+00  
711750    0.00000E+00  0.00000E+00  0.00000E+00  
711760    0.00000E+00  0.00000E+00  0.00000E+00  
721740    0.00000E+00  0.00000E+00  0.00000E+00  
721750    0.00000E+00  0.00000E+00  0.00000E+00  
721760    0.00000E+00  0.00000E+00  0.00000E+00  
721770    0.00000E+00  0.00000E+00  0.00000E+00  
721780    0.00000E+00  0.00000E+00  0.00000E+00  
721790    0.00000E+00  0.00000E+00  0.00000E+00  
721800    0.00000E+00  0.00000E+00  0.00000E+00  
721810    0.00000E+00  0.00000E+00  0.00000E+00  
721820    0.00000E+00  0.00000E+00  0.00000E+00  
731800    0.00000E+00  0.00000E+00  0.00000E+00  
731810    0.00000E+00  0.00000E+00  0.00000E+00  
731820    0.00000E+00  0.00000E+00  0.00000E+00  
741800    0.00000E+00  0.00000E+00  0.00000E+00  
741810    0.00000E+00  0.00000E+00  0.00000E+00  
741820    0.00000E+00  0.00000E+00  0.00000E+00  
741830    0.00000E+00  0.00000E+00  0.00000E+00  
741840    0.00000E+00  0.00000E+00  0.00000E+00  
741850    0.00000E+00  0.00000E+00  0.00000E+00  
741860    0.00000E+00  0.00000E+00  0.00000E+00  
751850    0.00000E+00  0.00000E+00  0.00000E+00  
751860    0.00000E+00  0.00000E+00  0.00000E+00  
751861    0.00000E+00  0.00000E+00  0.00000E+00  
751870    0.00000E+00  0.00000E+00  0.00000E+00  
761840    0.00000E+00  0.00000E+00  0.00000E+00  
761850    0.00000E+00  0.00000E+00  0.00000E+00  
761860    0.00000E+00  0.00000E+00  0.00000E+00  
761870    0.00000E+00  0.00000E+00  0.00000E+00  
761880    0.00000E+00  0.00000E+00  0.00000E+00  
761890    0.00000E+00  0.00000E+00  0.00000E+00  
761900    0.00000E+00  0.00000E+00  0.00000E+00  
761910    0.00000E+00  0.00000E+00  0.00000E+00  
761920    0.00000E+00  0.00000E+00  0.00000E+00  
771910    0.00000E+00  0.00000E+00  0.00000E+00  
771911    0.00000E+00  0.00000E+00  0.00000E+00  
771920    0.00000E+00  0.00000E+00  0.00000E+00  
771930    0.00000E+00  0.00000E+00  0.00000E+00  
771940    0.00000E+00  0.00000E+00  0.00000E+00  
771941    0.00000E+00  0.00000E+00  0.00000E+00  
781900    0.00000E+00  0.00000E+00  0.00000E+00  
781910    0.00000E+00  0.00000E+00  0.00000E+00  
781920    0.00000E+00  0.00000E+00  0.00000E+00  
781930    0.00000E+00  0.00000E+00  0.00000E+00  
781940    0.00000E+00  0.00000E+00  0.00000E+00  
781950    0.00000E+00  0.00000E+00  0.00000E+00  
781960    0.00000E+00  0.00000E+00  0.00000E+00  
781970    0.00000E+00  0.00000E+00  0.00000E+00  
781980    0.00000E+00  0.00000E+00  0.00000E+00  
791970    0.00000E+00  0.00000E+00  0.00000E+00  
791971    0.00000E+00  0.00000E+00  0.00000E+00  
801960    0.00000E+00  0.00000E+00  0.00000E+00  
801970    0.00000E+00  0.00000E+00  0.00000E+00  
801971    0.00000E+00  0.00000E+00  0.00000E+00  
801980    0.00000E+00  0.00000E+00  0.00000E+00  
801990    0.00000E+00  0.00000E+00  0.00000E+00  
802000    0.00000E+00  0.00000E+00  0.00000E+00  
802010    0.00000E+00  0.00000E+00  0.00000E+00  
802020    0.00000E+00  0.00000E+00  0.00000E+00  
802030    0.00000E+00  0.00000E+00  0.00000E+00  
802040    0.00000E+00  0.00000E+00  0.00000E+00  
802060    0.00000E+00  0.00000E+00  0.00000E+00  
812030    0.00000E+00  0.00000E+00  0.00000E+00  
812040    0.00000E+00  0.00000E+00  0.00000E+00  
812050    0.00000E+00  0.00000E+00  0.00000E+00  
812060    0.00000E+00  0.00000E+00  0.00000E+00  
812070    0.00000E+00  0.00000E+00  0.00000E+00  
812080    0.00000E+00  0.00000E+00  0.00000E+00  
812090    0.00000E+00  0.00000E+00  0.00000E+00  
812100    0.00000E+00  0.00000E+00  0.00000E+00  
822040    0.00000E+00  0.00000E+00  0.00000E+00  
822050    0.00000E+00  0.00000E+00  0.00000E+00  
822060    0.00000E+00  0.00000E+00  0.00000E+00  
822070    0.00000E+00  0.00000E+00  0.00000E+00  
822080    0.00000E+00  0.00000E+00  0.00000E+00  
822090    0.00000E+00  0.00000E+00  0.00000E+00  
822100    0.00000E+00  0.00000E+00  0.00000E+00  
822110    0.00000E+00  0.00000E+00  0.00000E+00  
822120    0.00000E+00  0.00000E+00  0.00000E+00  
822140    0.00000E+00  0.00000E+00  0.00000E+00  
832080    0.00000E+00  0.00000E+00  0.00000E+00  
832090    0.00000E+00  0.00000E+00  0.00000E+00  
832100    0.00000E+00  0.00000E+00  0.00000E+00  
832101    0.00000E+00  0.00000E+00  0.00000E+00  
832110    0.00000E+00  0.00000E+00  0.00000E+00  
832120    0.00000E+00  0.00000E+00  0.00000E+00  
832130    0.00000E+00  0.00000E+00  0.00000E+00  
832140    0.00000E+00  0.00000E+00  0.00000E+00  
832150    0.00000E+00  0.00000E+00  0.00000E+00  
842080    0.00000E+00  0.00000E+00  0.00000E+00  
842090    0.00000E+00  0.00000E+00  0.00000E+00  
842100    0.00000E+00  0.00000E+00  0.00000E+00  
842110    0.00000E+00  0.00000E+00  0.00000E+00  
842120    0.00000E+00  0.00000E+00  0.00000E+00  
842130    0.00000E+00  0.00000E+00  0.00000E+00  
842140    0.00000E+00  0.00000E+00  0.00000E+00  
842150    0.00000E+00  0.00000E+00  0.00000E+00  
842160    0.00000E+00  0.00000E+00  0.00000E+00  
842180    0.00000E+00  0.00000E+00  0.00000E+00  
852150    0.00000E+00  0.00000E+00  0.00000E+00  
852170    0.00000E+00  0.00000E+00  0.00000E+00  
852180    0.00000E+00  0.00000E+00  0.00000E+00  
852190    0.00000E+00  0.00000E+00  0.00000E+00  
862170    0.00000E+00  0.00000E+00  0.00000E+00  
862180    0.00000E+00  0.00000E+00  0.00000E+00  
862190    0.00000E+00  0.00000E+00  0.00000E+00  
862200    0.00000E+00  0.00000E+00  0.00000E+00  
862220    0.00000E+00  0.00000E+00  0.00000E+00  
872210    0.00000E+00  0.00000E+00  0.00000E+00  
872220    0.00000E+00  0.00000E+00  0.00000E+00  
872230    0.00000E+00  0.00000E+00  0.00000E+00  
882220    0.00000E+00  0.00000E+00  0.00000E+00  
882230    0.00000E+00  0.00000E+00  0.00000E+00  
882240    0.00000E+00  0.00000E+00  0.00000E+00  
882250    0.00000E+00  0.00000E+00  0.00000E+00  
882260    0.00000E+00  0.00000E+00  0.00000E+00  
882280    0.00000E+00  0.00000E+00  0.00000E+00  
892250    0.00000E+00  0.00000E+00  0.00000E+00  
892260    0.00000E+00  0.00000E+00  0.00000E+00  
892270    0.00000E+00  0.00000E+00  0.00000E+00  
892280    0.00000E+00  0.00000E+00  0.00000E+00  
902260    0.00000E+00  0.00000E+00  0.00000E+00  
902270    0.00000E+00  0.00000E+00  0.00000E+00  
902280    0.00000E+00  0.00000E+00  0.00000E+00  
902290    0.00000E+00  0.00000E+00  0.00000E+00  
902300    0.00000E+00  0.00000E+00  0.00000E+00  
902310    0.00000E+00  0.00000E+00  0.00000E+00  
902320    0.00000E+00  0.00000E+00  0.00000E+00  
902330    0.00000E+00  0.00000E+00  0.00000E+00  
902340    0.00000E+00  0.00000E+00  0.00000E+00  
912290    0.00000E+00  0.00000E+00  0.00000E+00  
912300    0.00000E+00  0.00000E+00  0.00000E+00  
912310    0.00000E+00  0.00000E+00  0.00000E+00  
912320    0.00000E+00  0.00000E+00  0.00000E+00  
912330    0.00000E+00  0.00000E+00  0.00000E+00  
912340    0.00000E+00  0.00000E+00  0.00000E+00  
912341    0.00000E+00  0.00000E+00  0.00000E+00  
922300    0.00000E+00  0.00000E+00  0.00000E+00  
922310    0.00000E+00  0.00000E+00  0.00000E+00  
922320    0.00000E+00  0.00000E+00  0.00000E+00  
922330    0.00000E+00  0.00000E+00  0.00000E+00  
922340    0.00000E+00  0.00000E+00  0.00000E+00  
922350    0.00000E+00  0.00000E+00  0.00000E+00  
922351    0.00000E+00  0.00000E+00  0.00000E+00  
922360    0.00000E+00  0.00000E+00  0.00000E+00  
922370    0.00000E+00  0.00000E+00  0.00000E+00  
922380    0.00000E+00  0.00000E+00  0.00000E+00  
922390    0.00000E+00  0.00000E+00  0.00000E+00  
922400    0.00000E+00  0.00000E+00  0.00000E+00  
922410    0.00000E+00  0.00000E+00  0.00000E+00  
932340    0.00000E+00  0.00000E+00  0.00000E+00  
932350    0.00000E+00  0.00000E+00  0.00000E+00  
932360    0.00000E+00  0.00000E+00  0.00000E+00  
932361    0.00000E+00  0.00000E+00  0.00000E+00  
932370    0.00000E+00  0.00000E+00  0.00000E+00  
932380    0.00000E+00  0.00000E+00  0.00000E+00  
932390    0.00000E+00  0.00000E+00  0.00000E+00  
932400    0.00000E+00  0.00000E+00  0.00000E+00  
932401    0.00000E+00  0.00000E+00  0.00000E+00  
932410    0.00000E+00  0.00000E+00  0.00000E+00  
942360    0.00000E+00  0.00000E+00  0.00000E+00  
942370    0.00000E+00  0.00000E+00  0.00000E+00  
942380    0.00000E+00  0.00000E+00  0.00000E+00  
942390    0.00000E+00  0.00000E+00  0.00000E+00  
942400    0.00000E+00  0.00000E+00  0.00000E+00  
942410    0.00000E+00  0.00000E+00  0.00000E+00  
942420    0.00000E+00  0.00000E+00  0.00000E+00  
942430    0.00000E+00  0.00000E+00  0.00000E+00  
942440    0.00000E+00  0.00000E+00  0.00000E+00  
942450    0.00000E+00  0.00000E+00  0.00000E+00  
942460    0.00000E+00  0.00000E+00  0.00000E+00  
952400    0.00000E+00  0.00000E+00  0.00000E+00  
952410    0.00000E+00  0.00000E+00  0.00000E+00  
952420    0.00000E+00  0.00000E+00  0.00000E+00  
952421    0.00000E+00  0.00000E+00  0.00000E+00  
952430    0.00000E+00  0.00000E+00  0.00000E+00  
952440    0.00000E+00  0.00000E+00  0.00000E+00  
952441    0.00000E+00  0.00000E+00  0.00000E+00  
952450    0.00000E+00  0.00000E+00  0.00000E+00  
952461    0.00000E+00  0.00000E+00  0.00000E+00  
962400    0.00000E+00  0.00000E+00  0.00000E+00  
962410    0.00000E+00  0.00000E+00  0.00000E+00  
962420    0.00000E+00  0.00000E+00  0.00000E+00  
962430    0.00000E+00  0.00000E+00  0.00000E+00  
962440    0.00000E+00  0.00000E+00  0.00000E+00  
962450    0.00000E+00  0.00000E+00  0.00000E+00  
962460    0.00000E+00  0.00000E+00  0.00000E+00  
962470    0.00000E+00  0.00000E+00  0.00000E+00  
962480    0.00000E+00  0.00000E+00  0.00000E+00  
962490    0.00000E+00  0.00000E+00  0.00000E+00  
962500    0.00000E+00  0.00000E+00  0.00000E+00  
972450    0.00000E+00  0.00000E+00  0.00000E+00  
972460    0.00000E+00  0.00000E+00  0.00000E+00  
972470    0.00000E+00  0.00000E+00  0.00000E+00  
972480    0.00000E+00  0.00000E+00  0.00000E+00  
972490    0.00000E+00  0.00000E+00  0.00000E+00  
972500    0.00000E+00  0.00000E+00  0.00000E+00  
972510    0.00000E+00  0.00000E+00  0.00000E+00  
982460    0.00000E+00  0.00000E+00  0.00000E+00  
982470    0.00000E+00  0.00000E+00  0.00000E+00  
982480    0.00000E+00  0.00000E+00  0.00000E+00  
982490    0.00000E+00  0.00000E+00  0.00000E+00  
982500    0.00000E+00  0.00000E+00  0.00000E+00  
982510    0.00000E+00  0.00000E+00  0.00000E+00  
982520    0.00000E+00  0.00000E+00  0.00000E+00  
982530    0.00000E+00  0.00000E+00  0.00000E+00  
982540    0.00000E+00  0.00000E+00  0.00000E+00  
992510    0.00000E+00  0.00000E+00  0.00000E+00  
992520    0.00000E+00  0.00000E+00  0.00000E+00  
992530    0.00000E+00  0.00000E+00  0.00000E+00  
992540    0.00000E+00  0.00000E+00  0.00000E+00  
992541    0.00000E+00  0.00000E+00  0.00000E+00  
992550    0.00000E+00  0.00000E+00  0.00000E+00  
1002540   0.00000E+00  0.00000E+00  0.00000E+00  
1002550   0.00000E+00  0.00000E+00  0.00000E+00  
