TIME      57004659.2783802262705125.2062182568405591.13405627
SYS BU    3.33333E-01  3.66667E-01  4.00000E-01  
CELL BU   3.33333E-01  3.66667E-01  4.00000E-01  
FLUX      6.30445E+12  6.27577E+12  6.24826E+12  
POW DENS  9.08389E+00  9.08389E+00  9.08389E+00  
POW       6.00000E-02  6.00000E-02  6.00000E-02  

10010     0.00000E+00  0.00000E+00  0.00000E+00  
10020     0.00000E+00  0.00000E+00  0.00000E+00  
10030     0.00000E+00  0.00000E+00  0.00000E+00  
20030     0.00000E+00  0.00000E+00  0.00000E+00  
20040     0.00000E+00  0.00000E+00  0.00000E+00  
30060     0.00000E+00  0.00000E+00  0.00000E+00  
30070     0.00000E+00  0.00000E+00  0.00000E+00  
40070     0.00000E+00  0.00000E+00  0.00000E+00  
40090     0.00000E+00  0.00000E+00  0.00000E+00  
40100     0.00000E+00  0.00000E+00  0.00000E+00  
50100     0.00000E+00  0.00000E+00  0.00000E+00  
50110     0.00000E+00  0.00000E+00  0.00000E+00  
60120     0.00000E+00  0.00000E+00  0.00000E+00  
60130     0.00000E+00  0.00000E+00  0.00000E+00  
60140     0.00000E+00  0.00000E+00  0.00000E+00  
70140     0.00000E+00  0.00000E+00  0.00000E+00  
70150     0.00000E+00  0.00000E+00  0.00000E+00  
80160     0.00000E+00  0.00000E+00  0.00000E+00  
80170     0.00000E+00  0.00000E+00  0.00000E+00  
80180     0.00000E+00  0.00000E+00  0.00000E+00  
90190     0.00000E+00  0.00000E+00  0.00000E+00  
100200    0.00000E+00  0.00000E+00  0.00000E+00  
100210    0.00000E+00  0.00000E+00  0.00000E+00  
100220    0.00000E+00  0.00000E+00  0.00000E+00  
110220    0.00000E+00  0.00000E+00  0.00000E+00  
110230    0.00000E+00  0.00000E+00  0.00000E+00  
120240    0.00000E+00  0.00000E+00  0.00000E+00  
120250    0.00000E+00  0.00000E+00  0.00000E+00  
120260    0.00000E+00  0.00000E+00  0.00000E+00  
130261    0.00000E+00  0.00000E+00  0.00000E+00  
130270    0.00000E+00  0.00000E+00  0.00000E+00  
140280    0.00000E+00  0.00000E+00  0.00000E+00  
140290    0.00000E+00  0.00000E+00  0.00000E+00  
140300    0.00000E+00  0.00000E+00  0.00000E+00  
140310    0.00000E+00  0.00000E+00  0.00000E+00  
140320    0.00000E+00  0.00000E+00  0.00000E+00  
150310    0.00000E+00  0.00000E+00  0.00000E+00  
150320    0.00000E+00  0.00000E+00  0.00000E+00  
160320    0.00000E+00  0.00000E+00  0.00000E+00  
160330    0.00000E+00  0.00000E+00  0.00000E+00  
160340    0.00000E+00  0.00000E+00  0.00000E+00  
160350    0.00000E+00  0.00000E+00  0.00000E+00  
160360    0.00000E+00  0.00000E+00  0.00000E+00  
170350    0.00000E+00  0.00000E+00  0.00000E+00  
170360    0.00000E+00  0.00000E+00  0.00000E+00  
170370    0.00000E+00  0.00000E+00  0.00000E+00  
180360    0.00000E+00  0.00000E+00  0.00000E+00  
180370    0.00000E+00  0.00000E+00  0.00000E+00  
180380    0.00000E+00  0.00000E+00  0.00000E+00  
180390    0.00000E+00  0.00000E+00  0.00000E+00  
180400    0.00000E+00  0.00000E+00  0.00000E+00  
180410    0.00000E+00  0.00000E+00  0.00000E+00  
190390    0.00000E+00  0.00000E+00  0.00000E+00  
190400    0.00000E+00  0.00000E+00  0.00000E+00  
190410    0.00000E+00  0.00000E+00  0.00000E+00  
200400    0.00000E+00  0.00000E+00  0.00000E+00  
200410    0.00000E+00  0.00000E+00  0.00000E+00  
200420    0.00000E+00  0.00000E+00  0.00000E+00  
200430    0.00000E+00  0.00000E+00  0.00000E+00  
200440    0.00000E+00  0.00000E+00  0.00000E+00  
200450    0.00000E+00  0.00000E+00  0.00000E+00  
200460    0.00000E+00  0.00000E+00  0.00000E+00  
200470    0.00000E+00  0.00000E+00  0.00000E+00  
200480    0.00000E+00  0.00000E+00  0.00000E+00  
210450    0.00000E+00  0.00000E+00  0.00000E+00  
210451    0.00000E+00  0.00000E+00  0.00000E+00  
210470    0.00000E+00  0.00000E+00  0.00000E+00  
210480    0.00000E+00  0.00000E+00  0.00000E+00  
220460    0.00000E+00  0.00000E+00  0.00000E+00  
220470    0.00000E+00  0.00000E+00  0.00000E+00  
220480    0.00000E+00  0.00000E+00  0.00000E+00  
220490    0.00000E+00  0.00000E+00  0.00000E+00  
220500    0.00000E+00  0.00000E+00  0.00000E+00  
220660    0.00000E+00  0.00000E+00  0.00000E+00  
230490    0.00000E+00  0.00000E+00  0.00000E+00  
230500    0.00000E+00  0.00000E+00  0.00000E+00  
230510    0.00000E+00  0.00000E+00  0.00000E+00  
230660    1.34569E-20  1.48079E-20  1.61530E-20  
230670    2.61161E-22  2.87380E-22  3.13484E-22  
230680    1.12315E-23  1.28395E-23  1.44403E-23  
230690    0.00000E+00  0.00000E+00  0.00000E+00  
240500    0.00000E+00  0.00000E+00  0.00000E+00  
240510    0.00000E+00  0.00000E+00  0.00000E+00  
240520    0.00000E+00  0.00000E+00  0.00000E+00  
240530    0.00000E+00  0.00000E+00  0.00000E+00  
240540    0.00000E+00  0.00000E+00  0.00000E+00  
240660    0.00000E+00  0.00000E+00  0.00000E+00  
240670    0.00000E+00  0.00000E+00  0.00000E+00  
240680    4.24906E-19  4.67565E-19  5.10035E-19  
240690    6.53994E-20  7.19653E-20  7.85021E-20  
240710    7.67070E-24  8.76887E-24  9.86220E-24  
250540    0.00000E+00  0.00000E+00  0.00000E+00  
250550    0.00000E+00  0.00000E+00  0.00000E+00  
250660    3.32421E-24  3.30897E-24  3.29434E-24  
250670    3.13401E-24  3.11933E-24  3.10524E-24  
250680    0.00000E+00  0.00000E+00  0.00000E+00  
250690    0.00000E+00  0.00000E+00  0.00000E+00  
250700    4.22081E-18  4.64456E-18  5.06644E-18  
250710    2.10553E-19  2.31692E-19  2.52737E-19  
250720    1.93882E-21  2.13365E-21  2.32769E-21  
250730    3.80360E-22  4.18492E-22  4.56451E-22  
250740    1.11061E-23  1.26961E-23  1.42791E-23  
260540    0.00000E+00  0.00000E+00  0.00000E+00  
260550    0.00000E+00  0.00000E+00  0.00000E+00  
260560    0.00000E+00  0.00000E+00  0.00000E+00  
260570    0.00000E+00  0.00000E+00  0.00000E+00  
260580    0.00000E+00  0.00000E+00  0.00000E+00  
260660    3.14446E-22  3.13259E-22  3.12119E-22  
260670    8.74050E-22  8.69801E-22  8.65715E-22  
260680    2.22547E-22  2.21485E-22  2.20464E-22  
260690    4.29730E-23  4.27746E-23  4.25840E-23  
260700    9.05438E-24  9.01345E-24  8.97412E-24  
260710    0.00000E+00  0.00000E+00  0.00000E+00  
260720    0.00000E+00  0.00000E+00  0.00000E+00  
260730    9.87722E-18  1.08641E-17  1.18462E-17  
260740    4.20177E-19  4.62362E-19  5.04361E-19  
260750    8.12963E-21  8.93717E-21  9.74046E-21  
260770    2.96798E-22  3.26596E-22  3.56262E-22  
270580    0.00000E+00  0.00000E+00  0.00000E+00  
270581    0.00000E+00  0.00000E+00  0.00000E+00  
270590    0.00000E+00  0.00000E+00  0.00000E+00  
270660    2.31534E-22  2.31272E-22  2.31026E-22  
270670    2.42915E-21  2.41897E-21  2.40919E-21  
270680    1.20468E-21  1.20034E-21  1.19618E-21  
270690    1.21822E-21  1.21487E-21  1.21166E-21  
270700    3.95894E-22  3.95107E-22  3.94357E-22  
270710    1.28529E-22  1.28083E-22  1.27655E-22  
270720    3.14995E-23  3.13784E-23  3.12617E-23  
270730    1.10093E-23  1.09525E-23  1.08977E-23  
270740    1.09450E-24  1.08865E-24  1.08302E-24  
270750    0.00000E+00  0.00000E+00  0.00000E+00  
270760    1.38733E-17  1.52459E-17  1.66109E-17  
270770    5.80761E-18  6.39024E-18  6.97027E-18  
270780    6.22378E-20  6.84492E-20  7.46303E-20  
270790    1.31976E-20  1.45226E-20  1.58418E-20  
280580    0.00000E+00  0.00000E+00  0.00000E+00  
280590    0.00000E+00  0.00000E+00  0.00000E+00  
280600    0.00000E+00  0.00000E+00  0.00000E+00  
280610    0.00000E+00  0.00000E+00  0.00000E+00  
280620    0.00000E+00  0.00000E+00  0.00000E+00  
280630    1.79956E-21  2.18217E-21  2.60020E-21  
280640    2.90538E-20  3.52125E-20  4.19333E-20  
280660    2.40313E-16  2.40431E-16  2.40554E-16  
280670    1.38296E-19  1.37840E-19  1.37402E-19  
280680    2.81877E-19  2.81658E-19  2.81456E-19  
280690    1.70942E-19  1.71471E-19  1.71989E-19  
280700    1.40869E-19  1.41872E-19  1.42849E-19  
280710    6.86531E-20  6.88021E-20  6.89481E-20  
280720    5.70527E-20  5.70358E-20  5.70195E-20  
280730    3.05552E-20  3.04099E-20  3.02692E-20  
280740    1.41929E-20  1.41046E-20  1.40191E-20  
280750    4.18068E-21  4.15087E-21  4.12197E-21  
280760    5.15150E-22  5.11021E-22  5.07016E-22  
280770    2.17765E-23  2.16238E-23  2.14759E-23  
280780    6.09022E-24  6.05353E-24  6.01811E-24  
280790    3.23109E-16  3.55554E-16  3.87857E-16  
280800    5.30660E-18  5.83802E-18  6.36697E-18  
280810    1.54713E-19  1.70246E-19  1.85710E-19  
290630    4.85110E-24  7.31019E-24  1.02645E-23  
290640    0.00000E+00  0.00000E+00  0.00000E+00  
290650    8.11305E-23  1.05159E-22  1.32382E-22  
290660    3.75773E-19  3.75970E-19  3.76175E-19  
290670    1.46866E-15  1.46393E-15  1.45939E-15  
290680    3.06096E-19  3.05994E-19  3.05905E-19  
290681    2.20073E-20  2.27637E-20  2.34980E-20  
290690    2.78722E-18  2.80343E-18  2.81923E-18  
290700    1.22146E-18  1.23589E-18  1.24991E-18  
290701    1.62936E-19  1.69305E-19  1.75486E-19  
290710    9.78916E-19  9.90850E-19  1.00245E-18  
290720    7.08134E-19  7.16205E-19  7.24035E-19  
290730    1.07084E-18  1.07257E-18  1.07425E-18  
290740    5.45390E-19  5.44486E-19  5.43608E-19  
290750    4.94340E-19  4.91732E-19  4.89199E-19  
290760    2.06297E-19  2.04771E-19  2.03290E-19  
290770    8.65428E-20  8.58677E-20  8.52127E-20  
290780    1.91437E-20  1.90033E-20  1.88672E-20  
290790    1.36295E-21  1.35743E-21  1.35214E-21  
290800    1.47170E-22  1.46381E-22  1.45621E-22  
290810    2.98033E-15  3.27976E-15  3.57790E-15  
290820    2.57329E-16  2.83039E-16  3.08625E-16  
290830    3.72734E-18  4.10092E-18  4.47280E-18  
290840    2.34520E-19  2.58065E-19  2.81506E-19  
300640    0.00000E+00  0.00000E+00  0.00000E+00  
300650    1.19873E-22  1.36607E-22  1.53949E-22  
300660    4.67458E-14  5.15702E-14  5.63976E-14  
300670    2.56795E-13  2.82751E-13  3.08625E-13  
300680    3.80944E-13  4.19825E-13  4.58701E-13  
300690    5.52918E-17  5.56222E-17  5.59441E-17  
300691    1.56215E-18  1.67227E-18  1.77912E-18  
300700    1.09395E-12  1.21595E-12  1.33979E-12  
300710    7.50378E-18  7.60028E-18  7.69407E-18  
300711    5.16712E-17  5.43766E-17  5.70027E-17  
300720    2.52163E-14  2.56994E-14  2.61679E-14  
300730    1.14175E-17  1.15148E-17  1.16091E-17  
300740    1.30952E-16  1.31452E-16  1.31936E-16  
300750    3.41811E-17  3.41216E-17  3.40635E-17  
300760    4.03243E-17  4.01182E-17  3.99180E-17  
300770    2.41402E-17  2.39619E-17  2.37887E-17  
300780    1.94464E-17  1.92875E-17  1.91332E-17  
300790    6.44850E-18  6.39477E-18  6.34263E-18  
300800    5.91782E-19  5.87389E-19  5.83129E-19  
300810    2.65426E-20  2.64598E-20  2.63807E-20  
300820    3.10196E-21  3.07822E-21  3.05524E-21  
300830    1.06743E-22  1.06213E-22  1.05705E-22  
300840    1.80395E-13  1.97448E-13  2.14342E-13  
300850    4.97675E-17  5.47522E-17  5.97141E-17  
300860    3.60312E-17  3.94509E-17  4.28399E-17  
300870    1.67004E-19  1.83771E-19  2.00464E-19  
310660    0.00000E+00  0.00000E+00  0.00000E+00  
310670    0.00000E+00  0.00000E+00  0.00000E+00  
310680    3.95720E-24  4.30452E-24  4.64379E-24  
310690    6.11844E-13  6.76435E-13  7.41410E-13  
310700    8.99900E-21  9.83516E-21  1.06613E-20  
310710    1.95631E-12  2.17361E-12  2.39423E-12  
310720    7.69850E-15  7.84904E-15  7.99507E-15  
310721    2.32037E-22  2.37627E-22  2.43051E-22  
310730    8.72236E-15  8.80648E-15  8.88807E-15  
310740    7.09376E-16  7.13412E-16  7.17324E-16  
310741    4.68131E-19  4.84731E-19  5.00831E-19  
310750    5.34770E-16  5.35583E-16  5.36368E-16  
310760    3.68087E-16  3.67385E-16  3.66701E-16  
310770    3.61669E-16  3.60334E-16  3.59037E-16  
310780    2.65457E-16  2.64037E-16  2.62657E-16  
310790    2.04031E-16  2.02706E-16  2.01420E-16  
310800    7.74302E-17  7.69332E-17  7.64507E-17  
310810    3.93154E-17  3.90236E-17  3.87405E-17  
310820    1.45857E-17  1.44573E-17  1.43326E-17  
310830    5.00194E-19  4.97108E-19  4.94127E-19  
310840    3.24691E-18  3.21557E-18  3.18513E-18  
310850    9.99415E-13  1.09927E-12  1.19864E-12  
310860    3.30526E-21  3.27346E-21  3.24258E-21  
310870    6.84314E-15  7.50816E-15  8.16851E-15  
310880    7.79985E-17  8.54457E-17  9.28296E-17  
310890    1.53500E-18  1.68911E-18  1.84254E-18  
320680    0.00000E+00  0.00000E+00  0.00000E+00  
320690    0.00000E+00  0.00000E+00  0.00000E+00  
320700    1.43162E-16  1.72317E-16  2.04047E-16  
320710    7.60784E-20  8.28372E-20  8.94298E-20  
320711    0.00000E+00  0.00000E+00  0.00000E+00  
320720    5.28745E-12  5.89137E-12  6.50685E-12  
320730    1.85278E-11  2.05003E-11  2.24915E-11  
320731    2.45109E-19  2.47474E-19  2.49768E-19  
320740    5.60055E-11  6.18252E-11  6.76801E-11  
320750    2.12843E-14  2.13252E-14  2.13647E-14  
320751    9.15064E-18  9.23560E-18  9.31795E-18  
320760    4.72680E-10  5.19706E-10  5.66699E-10  
320770    1.23820E-12  1.23638E-12  1.23460E-12  
320771    2.33584E-17  2.37920E-17  2.42126E-17  
320780    4.26869E-13  4.26177E-13  4.25504E-13  
320790    2.21889E-15  2.21219E-15  2.20569E-15  
320791    1.96587E-15  1.96835E-15  1.97074E-15  
320800    1.24454E-14  1.23882E-14  1.23326E-14  
320810    3.67154E-15  3.65181E-15  3.63264E-15  
320811    1.01834E-16  1.01079E-16  1.00345E-16  
320820    2.25770E-15  2.24106E-15  2.22491E-15  
320830    3.62186E-16  3.59481E-16  3.56857E-16  
320840    1.13074E-16  1.12144E-16  1.11242E-16  
320850    7.60953E-18  7.55672E-18  7.50563E-18  
320860    2.05155E-16  2.03169E-16  2.01241E-16  
320870    1.06808E-18  1.05780E-18  1.04783E-18  
320880    1.24438E-20  1.23268E-20  1.22132E-20  
320890    3.79495E-23  3.77732E-23  3.76041E-23  
320900    6.45193E-17  7.09606E-17  7.73768E-17  
320910    9.21193E-18  1.01315E-17  1.10465E-17  
320920    8.77166E-19  9.65231E-19  1.05291E-18  
330710    0.00000E+00  0.00000E+00  0.00000E+00  
330720    5.86267E-23  6.35911E-23  6.84062E-23  
330730    3.17956E-19  3.50992E-19  3.83273E-19  
330740    1.29209E-18  1.40434E-18  1.51425E-18  
330741    3.91527E-17  4.67065E-17  5.48495E-17  
330750    1.67039E-10  1.83935E-10  2.00863E-10  
330760    6.00034E-16  6.49854E-16  6.99008E-16  
330770    4.31160E-12  4.30672E-12  4.30195E-12  
330780    4.44460E-13  4.43896E-13  4.43347E-13  
330790    9.59846E-14  9.59182E-14  9.58532E-14  
330800    7.31922E-15  7.29843E-15  7.27819E-15  
330810    2.49077E-14  2.48599E-14  2.48133E-14  
330820    1.85019E-14  1.83844E-14  1.82704E-14  
330821    1.68056E-15  1.69262E-15  1.70433E-15  
330830    1.73639E-14  1.72610E-14  1.71612E-14  
330840    2.10589E-15  2.09205E-15  2.07863E-15  
330841    1.60619E-08  1.76142E-08  1.91573E-08  
330850    1.06600E-15  1.05775E-15  1.04974E-15  
330860    2.05340E-15  2.03400E-15  2.01516E-15  
330870    1.08247E-16  1.07259E-16  1.06300E-16  
330880    4.82626E-17  4.77980E-17  4.73468E-17  
330890    8.07862E-20  8.02663E-20  7.97641E-20  
330900    1.41886E-21  1.41136E-21  1.40413E-21  
330910    1.93828E-13  2.13085E-13  2.32241E-13  
330920    1.56297E-14  1.71986E-14  1.87606E-14  
330930    2.62422E-17  2.88524E-17  3.14491E-17  
330940    2.29157E-18  2.52164E-18  2.75069E-18  
340730    0.00000E+00  0.00000E+00  0.00000E+00  
340731    0.00000E+00  0.00000E+00  0.00000E+00  
340740    5.81111E-18  6.98451E-18  8.25418E-18  
340750    2.80180E-19  3.13359E-19  3.46193E-19  
340760    1.39201E-13  1.65226E-13  1.93304E-13  
340770    1.21624E-09  1.33735E-09  1.45830E-09  
340771    1.78426E-18  1.78241E-18  1.78060E-18  
340780    3.24330E-09  3.56552E-09  3.88739E-09  
340790    7.00710E-09  7.70384E-09  8.39990E-09  
340791    4.07764E-14  4.07485E-14  4.07212E-14  
340800    1.93992E-08  2.13095E-08  2.32153E-08  
340810    8.68589E-13  8.67574E-13  8.66582E-13  
340811    2.01858E-13  2.03225E-13  2.04550E-13  
340820    5.02316E-08  5.51685E-08  6.00915E-08  
340830    2.45992E-12  2.44838E-12  2.43718E-12  
340831    9.15446E-15  9.15959E-15  9.16451E-15  
340840    5.54177E-13  5.51456E-13  5.48813E-13  
340850    5.97640E-14  5.94417E-14  5.91287E-14  
340851    6.76093E-08  7.41641E-08  8.06859E-08  
340860    6.55602E-14  6.50957E-14  6.46446E-14  
340870    1.58598E-14  1.57395E-14  1.56227E-14  
340880    2.02135E-15  2.00514E-15  1.98941E-15  
340890    1.02260E-16  1.01514E-16  1.00792E-16  
340900    1.12400E-17  1.11595E-17  1.10816E-17  
340910    1.84599E-18  1.83440E-18  1.82321E-18  
340920    5.79366E-20  5.76106E-20  5.72965E-20  
340930    1.39340E-21  1.38538E-21  1.37763E-21  
340940    1.00139E-22  1.00118E-22  1.00102E-22  
340950    6.61484E-17  7.27920E-17  7.94121E-17  
340960    2.52927E-17  2.78246E-17  3.03450E-17  
340970    3.55272E-19  3.90940E-19  4.26451E-19  
350750    0.00000E+00  0.00000E+00  0.00000E+00  
350770    2.56433E-21  2.78217E-21  2.99347E-21  
350771    2.48171E-24  2.69123E-24  2.89446E-24  
350780    5.03400E-22  5.45301E-22  5.85948E-22  
350790    3.85389E-12  4.23942E-12  4.62499E-12  
350791    3.70604E-22  4.00258E-22  4.29020E-22  
350800    1.31338E-18  1.37535E-18  1.43586E-18  
350801    1.32850E-17  1.38411E-17  1.43817E-17  
350810    3.11304E-08  3.42206E-08  3.73074E-08  
350820    1.41544E-13  1.51828E-13  1.61918E-13  
350821    2.26087E-16  2.44703E-16  2.63069E-16  
350830    1.76491E-11  1.75744E-11  1.75018E-11  
350840    5.54101E-12  5.51500E-12  5.48972E-12  
350841    2.75989E-14  2.79595E-14  2.83092E-14  
350850    4.79900E-13  4.77593E-13  4.75353E-13  
350860    3.00709E-13  2.98831E-13  2.97008E-13  
350861    3.51683E-08  3.86453E-08  4.21162E-08  
350870    4.23685E-13  4.21069E-13  4.18528E-13  
350880    1.05399E-13  1.04705E-13  1.04031E-13  
350890    1.90142E-14  1.88957E-14  1.87808E-14  
350900    4.55400E-15  4.52816E-15  4.50310E-15  
350910    5.22613E-16  5.18461E-16  5.14435E-16  
350920    5.14762E-17  5.11086E-17  5.07527E-17  
350930    2.57288E-18  2.57842E-18  2.58385E-18  
350940    2.45966E-19  2.51064E-19  2.56014E-19  
350950    2.41764E-21  2.40614E-21  2.39508E-21  
350960    6.43187E-22  6.39718E-22  6.36368E-22  
350970    7.49960E-15  8.31156E-15  9.13008E-15  
350980    2.07649E-15  2.27291E-15  2.46752E-15  
350990    7.50238E-18  8.25560E-18  9.00550E-18  
351000    1.30845E-19  1.43981E-19  1.57059E-19  
360770    0.00000E+00  0.00000E+00  0.00000E+00  
360780    0.00000E+00  0.00000E+00  0.00000E+00  
360790    9.33857E-22  1.01305E-21  1.08986E-21  
360791    0.00000E+00  0.00000E+00  0.00000E+00  
360800    3.31873E-14  3.77695E-14  4.25606E-14  
360810    2.04875E-15  2.43769E-15  2.85656E-15  
360811    1.65539E-22  1.79193E-22  1.92488E-22  
360820    2.68900E-11  3.15065E-11  3.64439E-11  
360830    8.16687E-08  8.95651E-08  9.74165E-08  
360831    1.34543E-11  1.33974E-11  1.33420E-11  
360840    1.21160E-07  1.33049E-07  1.44902E-07  
360850    2.63490E-08  2.87407E-08  3.10917E-08  
360851    4.47510E-11  4.45358E-11  4.43266E-11  
360860    2.35976E-07  2.58752E-07  2.81395E-07  
360870    4.17637E-11  4.15252E-11  4.12937E-11  
360880    1.26412E-10  1.25658E-10  1.24926E-10  
360890    3.04363E-12  3.02421E-12  3.00535E-12  
360900    5.73151E-13  5.69179E-13  5.65323E-13  
360910    1.08830E-13  1.08033E-13  1.07260E-13  
360920    1.20436E-14  1.19537E-14  1.18666E-14  
360930    2.64600E-15  2.62590E-15  2.60641E-15  
360940    1.02712E-16  1.02078E-16  1.01465E-16  
360950    6.35182E-18  6.31282E-18  6.27516E-18  
360960    1.12945E-17  1.12119E-17  1.11317E-17  
360970    5.71588E-20  6.02930E-20  6.33336E-20  
360980    2.60735E-19  2.58226E-19  2.55789E-19  
360990    1.26705E-22  1.26126E-22  1.25571E-22  
361000    2.82516E-23  2.79813E-23  2.77187E-23  
361010    2.71533E-17  2.98436E-17  3.25193E-17  
361020    2.77991E-18  3.05900E-18  3.33686E-18  
370790    0.00000E+00  0.00000E+00  0.00000E+00  
370810    4.28140E-23  4.64308E-23  4.99389E-23  
370830    1.23907E-16  1.36323E-16  1.48454E-16  
370840    1.78983E-16  1.92929E-16  2.07634E-16  
370850    9.01358E-08  9.90648E-08  1.07981E-07  
370860    5.23142E-13  5.69351E-13  6.15108E-13  
370861    4.62072E-18  4.96258E-18  5.29783E-18  
370870    3.71398E-07  4.07315E-07  4.43034E-07  
370880    1.32907E-11  1.32133E-11  1.31381E-11  
370890    1.53844E-11  1.52921E-11  1.52026E-11  
370900    2.54278E-12  2.52579E-12  2.50930E-12  
370901    1.28895E-12  1.28374E-12  1.27867E-12  
370910    1.22797E-12  1.22078E-12  1.21380E-12  
370920    8.20375E-14  8.15762E-14  8.11282E-14  
370930    7.99750E-14  7.95287E-14  7.90955E-14  
370940    1.82086E-14  1.81138E-14  1.80219E-14  
370950    1.21855E-15  1.21345E-15  1.20849E-15  
370960    2.05439E-16  2.04097E-16  2.02798E-16  
370970    2.61396E-17  2.59474E-17  2.57610E-17  
370980    3.84892E-18  3.82640E-18  3.80466E-18  
370990    2.30874E-19  2.29841E-19  2.28849E-19  
371000    6.10118E-18  6.04219E-18  5.98490E-18  
371010    5.07300E-22  5.04115E-22  5.01040E-22  
371020    4.68189E-23  4.66038E-23  4.63974E-23  
371030    6.27659E-17  6.91012E-17  7.54162E-17  
371040    7.22152E-18  7.94654E-18  8.66837E-18  
371050    1.60798E-18  1.76941E-18  1.93013E-18  
371060    0.00000E+00  0.00000E+00  0.00000E+00  
380830    5.13514E-23  5.57027E-23  5.99233E-23  
380840    5.38495E-17  6.42905E-17  7.55432E-17  
380850    2.10655E-17  2.30057E-17  2.49014E-17  
380851    9.27060E-21  1.00019E-20  1.07113E-20  
380860    6.79050E-12  8.13180E-12  9.58609E-12  
380870    4.32066E-13  4.97898E-13  5.67405E-13  
380871    3.11634E-17  3.29910E-17  3.47671E-17  
380880    5.07129E-07  5.56122E-07  6.04838E-07  
380890    7.45328E-08  7.40835E-08  7.36457E-08  
380900    8.46652E-07  9.26319E-07  1.00516E-06  
380910    7.63969E-10  7.59843E-10  7.55835E-10  
380920    2.18210E-10  2.17180E-10  2.16180E-10  
380930    1.03655E-11  1.03244E-11  1.02845E-11  
380940    1.73202E-12  1.72533E-12  1.71884E-12  
380950    4.84846E-13  4.82876E-13  4.80963E-13  
380960    1.58580E-14  1.57830E-14  1.57103E-14  
380970    3.00904E-15  2.99371E-15  2.97883E-15  
380980    2.27046E-15  2.25808E-15  2.24608E-15  
380990    1.91996E-16  1.90835E-16  1.89712E-16  
381000    3.73650E-17  3.71288E-17  3.69002E-17  
381010    3.20060E-18  3.17785E-18  3.15585E-18  
381020    1.45995E-19  1.45138E-19  1.44311E-19  
381030    3.01696E-21  3.00414E-21  2.99184E-21  
381040    2.29777E-22  2.28640E-22  2.27547E-22  
381050    5.58683E-23  5.56131E-23  5.53683E-23  
381060    3.86722E-22  5.53259E-22  7.66021E-22  
381070    0.00000E+00  0.00000E+00  0.00000E+00  
381080    0.00000E+00  0.00000E+00  0.00000E+00  
381090    0.00000E+00  0.00000E+00  0.00000E+00  
390850    0.00000E+00  0.00000E+00  0.00000E+00  
390870    3.22575E-19  3.49113E-19  3.74852E-19  
390871    0.00000E+00  0.00000E+00  0.00000E+00  
390880    1.65186E-15  1.82602E-15  2.00659E-15  
390890    6.17469E-07  6.84692E-07  7.51514E-07  
390891    2.58288E-17  2.56769E-17  2.55288E-17  
390900    2.13916E-10  2.34172E-10  2.54217E-10  
390901    6.27217E-16  6.64071E-16  6.99866E-16  
390910    1.11940E-07  1.11351E-07  1.10765E-07  
390911    3.86743E-11  3.84655E-11  3.82628E-11  
390920    2.88394E-10  2.87036E-10  2.85718E-10  
390930    8.69053E-10  8.65742E-10  8.62525E-10  
390931    6.68528E-15  6.66028E-15  6.63599E-15  
390940    2.76067E-11  2.75169E-11  2.74295E-11  
390950    1.53102E-11  1.52697E-11  1.52304E-11  
390960    8.38544E-14  8.34828E-14  8.31221E-14  
390961    7.64408E-14  7.64805E-14  7.65186E-14  
390970    4.58545E-14  4.57182E-14  4.55858E-14  
390971    8.54221E-15  8.52905E-15  8.51626E-15  
390980    4.43043E-15  4.41999E-15  4.40988E-15  
390981    9.23259E-15  9.23233E-15  9.23209E-15  
390990    1.30215E-14  1.29825E-14  1.29446E-14  
391000    2.18394E-15  2.17508E-15  2.16652E-15  
391010    6.14821E-16  6.11084E-16  6.07466E-16  
391020    3.78223E-16  3.74878E-16  3.71633E-16  
391030    9.52419E-18  9.47834E-18  9.43425E-18  
391040    1.06537E-18  1.05916E-18  1.05318E-18  
391050    7.75483E-20  7.72119E-20  7.68894E-20  
391060    0.00000E+00  0.00000E+00  0.00000E+00  
391070    0.00000E+00  0.00000E+00  0.00000E+00  
391080    0.00000E+00  0.00000E+00  0.00000E+00  
391090    6.36706E-19  6.96776E-19  7.56280E-19  
391100    1.12906E-20  1.23562E-20  1.34118E-20  
391110    1.31788E-19  1.45019E-19  1.58192E-19  
400870    0.00000E+00  0.00000E+00  0.00000E+00  
400880    1.11434E-20  1.23118E-20  1.34535E-20  
400890    8.13545E-19  9.70008E-19  1.13896E-18  
400891    0.00000E+00  0.00000E+00  0.00000E+00  
400900    1.85704E-08  2.24129E-08  2.66009E-08  
400901    1.06295E-23  1.14517E-23  1.22493E-23  
400910    7.81755E-07  8.68984E-07  9.55753E-07  
400920    9.16311E-07  1.00548E-06  1.09425E-06  
400930    9.53283E-07  1.04658E-06  1.13954E-06  
400940    9.90229E-07  1.08740E-06  1.18427E-06  
400950    1.39866E-07  1.39554E-07  1.39225E-07  
400960    9.98919E-07  1.09748E-06  1.19582E-06  
400970    1.44082E-09  1.43884E-09  1.43691E-09  
400980    6.93263E-13  6.92922E-13  6.92590E-13  
400990    4.78793E-14  4.78256E-14  4.77736E-14  
401000    1.60796E-13  1.60605E-13  1.60421E-13  
401010    2.93620E-14  2.92931E-14  2.92263E-14  
401020    2.48503E-14  2.47542E-14  2.46611E-14  
401030    3.21933E-15  3.20323E-15  3.18766E-15  
401040    6.69952E-16  6.67657E-16  6.65449E-16  
401050    2.70950E-16  2.68625E-16  2.66369E-16  
401060    6.84675E-20  6.99572E-20  7.14304E-20  
401070    1.59966E-21  1.66527E-21  1.72921E-21  
401080    3.12353E-23  3.23906E-23  3.35245E-23  
401090    1.60544E-22  1.59025E-22  1.57551E-22  
401100    3.12975E-24  3.09956E-24  3.07024E-24  
401110    3.22615E-15  3.55004E-15  3.87250E-15  
401120    1.00594E-18  1.10686E-18  1.20732E-18  
401130    7.45084E-20  8.19888E-20  8.94361E-20  
401140    3.65929E-21  4.02667E-21  4.39243E-21  
410890    0.00000E+00  0.00000E+00  0.00000E+00  
410900    0.00000E+00  0.00000E+00  0.00000E+00  
410910    6.47701E-19  7.75465E-19  9.13418E-19  
410911    0.00000E+00  0.00000E+00  0.00000E+00  
410920    6.02886E-17  7.18519E-17  8.43113E-17  
410930    2.34374E-14  2.93862E-14  3.61999E-14  
410931    3.73730E-13  4.50486E-13  5.34061E-13  
410940    1.70721E-13  2.00273E-13  2.31802E-13  
410941    1.08116E-18  1.16018E-18  1.23683E-18  
410950    7.64479E-08  7.63117E-08  7.61465E-08  
410951    8.52269E-11  8.50401E-11  8.48414E-11  
410960    4.12215E-13  4.19677E-13  4.26886E-13  
410970    1.03701E-10  1.03568E-10  1.03438E-10  
410971    1.33402E-12  1.33221E-12  1.33045E-12  
410980    6.58663E-14  6.58358E-14  6.58061E-14  
410981    4.59945E-13  4.60401E-13  4.60839E-13  
410990    2.23460E-13  2.23238E-13  2.23023E-13  
410991    1.49579E-12  1.49663E-12  1.49743E-12  
411000    3.60764E-14  3.60564E-14  3.60369E-14  
411001    4.19693E-15  4.23715E-15  4.27615E-15  
411010    1.47868E-13  1.47988E-13  1.48104E-13  
411020    5.19294E-14  5.18835E-14  5.18392E-14  
411021    4.55982E-15  4.58901E-15  4.61735E-15  
411030    1.36542E-14  1.36911E-14  1.37270E-14  
411040    1.03211E-14  1.03500E-14  1.03783E-14  
411041    1.45521E-15  1.46255E-15  1.46971E-15  
411050    4.57516E-15  4.59157E-15  4.60762E-15  
411060    1.96790E-16  1.96787E-16  1.96801E-16  
411070    1.40427E-17  1.40687E-17  1.40949E-17  
411080    9.40949E-19  9.42628E-19  9.44333E-19  
411090    3.85872E-19  3.82504E-19  3.79239E-19  
411100    1.35032E-20  1.33959E-20  1.32919E-20  
411110    5.77892E-21  5.75232E-21  5.72681E-21  
411120    3.16580E-23  3.15100E-23  3.13678E-23  
411130    1.09840E-24  1.09337E-24  1.08854E-24  
411140    6.51652E-17  7.17242E-17  7.82570E-17  
411150    7.43783E-20  8.18497E-20  8.92895E-20  
411160    4.36156E-21  4.79947E-21  5.23544E-21  
420910    0.00000E+00  0.00000E+00  0.00000E+00  
420920    0.00000E+00  0.00000E+00  0.00000E+00  
420930    2.65201E-18  2.71059E-18  2.77528E-18  
420931    5.34451E-23  5.79612E-23  6.23415E-23  
420940    4.84808E-14  6.11694E-14  7.52939E-14  
420950    7.92526E-07  8.92260E-07  9.91776E-07  
420960    7.65392E-10  9.41358E-10  1.13540E-09  
420970    9.49310E-07  1.04373E-06  1.13803E-06  
420980    9.15312E-07  1.00670E-06  1.09806E-06  
420990    5.89656E-09  5.89438E-09  5.89226E-09  
421000    1.01385E-06  1.11540E-06  1.21697E-06  
421010    1.88651E-11  1.88785E-11  1.88915E-11  
421020    1.25471E-11  1.25786E-11  1.26093E-11  
421030    9.58753E-13  9.66342E-13  9.73710E-13  
421040    5.65149E-13  5.71953E-13  5.78561E-13  
421050    2.00840E-13  2.04203E-13  2.07469E-13  
421060    2.36983E-14  2.41874E-14  2.46629E-14  
421070    3.44250E-15  3.49066E-15  3.53759E-15  
421080    3.41343E-16  3.47264E-16  3.53030E-16  
421090    5.17964E-17  5.15263E-17  5.12665E-17  
421100    8.52475E-18  8.46533E-18  8.40787E-18  
421110    9.88413E-19  9.83089E-19  9.77964E-19  
421120    1.65191E-19  1.64386E-19  1.63613E-19  
421130    4.10710E-21  4.08809E-21  4.06984E-21  
421140    1.77619E-22  1.78274E-22  1.78917E-22  
421150    4.28429E-24  4.26637E-24  4.24944E-24  
421160    1.15805E-16  1.27442E-16  1.39028E-16  
421170    2.43862E-19  2.68327E-19  2.92683E-19  
421180    3.98711E-20  4.38741E-20  4.78593E-20  
430950    0.00000E+00  0.00000E+00  0.00000E+00  
430951    0.00000E+00  0.00000E+00  0.00000E+00  
430970    1.07051E-16  1.22004E-16  1.38271E-16  
430971    1.03355E-17  1.14149E-17  1.24700E-17  
430980    1.62990E-13  1.82659E-13  2.02906E-13  
430990    9.71976E-07  1.06950E-06  1.16697E-06  
430991    4.71801E-10  4.71627E-10  4.71458E-10  
431000    1.30929E-15  1.43406E-15  1.55784E-15  
431010    1.83402E-11  1.83535E-11  1.83665E-11  
431020    9.79524E-14  9.82023E-14  9.84449E-14  
431021    1.19065E-14  1.21059E-14  1.22991E-14  
431030    7.90383E-13  7.96770E-13  8.02970E-13  
431040    1.09221E-11  1.10623E-11  1.11985E-11  
431050    2.93370E-12  2.99939E-12  3.06317E-12  
431060    1.24876E-13  1.28933E-13  1.32874E-13  
431070    3.75309E-14  3.90516E-14  4.05291E-14  
431080    3.37253E-15  3.50152E-15  3.62700E-15  
431090    2.73310E-16  2.83690E-16  2.93786E-16  
431100    9.46086E-17  9.52075E-17  9.57950E-17  
431110    9.64483E-18  9.64397E-18  9.64355E-18  
431120    2.47272E-18  2.46390E-18  2.45546E-18  
431130    3.83547E-19  3.81835E-19  3.80191E-19  
431140    6.95011E-20  7.05143E-20  7.14996E-20  
431150    3.04298E-21  3.03443E-21  3.02649E-21  
431160    5.27838E-22  5.25891E-22  5.24034E-22  
431170    4.85590E-24  4.83379E-24  4.81262E-24  
431180    1.19328E-24  1.18783E-24  1.18260E-24  
431190    1.93191E-18  2.12598E-18  2.31921E-18  
431200    6.75677E-20  7.43513E-20  8.11049E-20  
431210    4.73876E-21  5.21451E-21  5.68816E-21  
440960    0.00000E+00  0.00000E+00  0.00000E+00  
440970    0.00000E+00  0.00000E+00  0.00000E+00  
440980    4.14625E-18  5.05475E-18  6.05381E-18  
440990    3.44948E-11  3.82765E-11  4.21144E-11  
441000    1.66139E-09  2.01112E-09  2.39255E-09  
441010    8.43498E-07  9.28284E-07  1.01313E-06  
441020    7.21716E-07  7.95224E-07  8.68935E-07  
441030    4.89992E-08  4.94172E-08  4.98202E-08  
441040    3.63098E-07  4.02612E-07  4.42629E-07  
441050    1.03114E-10  1.05441E-10  1.07701E-10  
441060    6.96479E-08  7.52936E-08  8.07415E-08  
441070    4.70051E-13  4.92252E-13  5.13815E-13  
441080    3.11313E-13  3.29392E-13  3.46954E-13  
441090    1.76018E-14  1.85714E-14  1.95135E-14  
441091    4.07054E-09  4.86182E-09  5.71549E-09  
441100    4.12801E-15  4.34728E-15  4.56032E-15  
441110    3.59576E-16  3.75526E-16  3.91025E-16  
441120    1.48336E-16  1.52867E-16  1.57269E-16  
441130    3.59033E-17  3.66849E-17  3.74449E-17  
441140    9.00965E-18  9.23691E-18  9.45778E-18  
441150    2.92268E-18  2.95200E-18  2.98068E-18  
441160    2.02872E-19  2.03230E-19  2.03591E-19  
441170    2.03577E-20  2.03005E-20  2.02462E-20  
441180    2.71936E-21  2.70772E-21  2.69657E-21  
441190    1.95873E-22  1.94992E-22  1.94148E-22  
441200    6.97455E-24  6.94199E-24  6.91073E-24  
441210    1.16052E-16  1.27703E-16  1.39303E-16  
441220    5.97546E-19  6.57537E-19  7.17264E-19  
441230    1.29092E-20  1.42052E-20  1.54955E-20  
450990    0.00000E+00  0.00000E+00  0.00000E+00  
451010    7.35659E-18  7.60942E-18  7.85823E-18  
451011    5.40267E-21  5.86411E-21  6.31169E-21  
451020    7.10356E-15  8.33202E-15  9.58790E-15  
451021    7.16068E-17  7.86364E-17  8.56244E-17  
451030    4.93801E-07  5.50033E-07  6.06632E-07  
451031    4.80793E-11  4.84895E-11  4.88849E-11  
451040    1.10282E-14  1.22282E-14  1.34274E-14  
451041    5.16145E-15  5.72305E-15  6.28428E-15  
451050    8.16964E-10  8.35457E-10  8.53415E-10  
451051    7.31395E-14  7.47905E-14  7.63936E-14  
451060    6.56484E-14  7.09414E-14  7.60491E-14  
451061    9.96923E-14  1.01530E-13  1.03300E-13  
451070    2.75770E-12  2.88935E-12  3.01722E-12  
451080    1.92845E-14  2.04078E-14  2.14989E-14  
451081    2.71619E-15  2.94575E-15  3.16845E-15  
451090    4.19200E-14  4.42617E-14  4.65369E-14  
451091    2.87479E-10  3.44209E-10  4.05478E-10  
451100    1.94256E-17  2.10103E-17  2.25481E-17  
451101    1.03151E-14  1.08679E-14  1.14050E-14  
451110    2.08503E-15  2.18318E-15  2.27853E-15  
451120    2.24018E-16  2.31708E-16  2.39178E-16  
451130    2.43089E-16  2.49099E-16  2.54938E-16  
451140    9.36357E-17  9.60129E-17  9.83220E-17  
451150    2.83324E-17  2.87984E-17  2.92515E-17  
451160    7.82660E-18  7.94076E-18  8.05186E-18  
451170    2.23042E-18  2.23827E-18  2.24597E-18  
451180    3.82763E-19  3.82000E-19  3.81280E-19  
451190    4.81159E-20  4.79389E-20  4.77697E-20  
451200    5.84473E-21  5.81360E-21  5.78364E-21  
451210    3.98715E-22  3.96900E-22  3.95158E-22  
451220    1.62440E-23  1.61696E-23  1.60981E-23  
451230    0.00000E+00  0.00000E+00  0.00000E+00  
451240    5.46000E-18  6.00726E-18  6.55204E-18  
451250    8.02079E-20  8.82605E-20  9.62775E-20  
461010    0.00000E+00  0.00000E+00  0.00000E+00  
461020    1.18578E-15  1.56015E-15  1.99482E-15  
461030    5.68194E-18  6.98637E-18  8.44190E-18  
461040    4.70024E-09  5.77915E-09  6.96944E-09  
461050    2.19133E-07  2.44672E-07  2.70772E-07  
461060    4.67055E-08  5.57852E-08  6.55548E-08  
461070    6.08557E-08  6.93998E-08  7.83368E-08  
461071    2.07955E-19  2.36495E-19  2.66153E-19  
461080    3.05646E-08  3.52530E-08  4.02039E-08  
461090    2.59149E-11  2.73724E-11  2.87894E-11  
461091    1.12297E-17  1.28937E-17  1.46407E-17  
461100    1.01070E-08  1.15972E-08  1.31649E-08  
461110    2.66175E-13  2.78705E-13  2.90879E-13  
461111    4.69471E-16  4.80882E-16  4.92324E-16  
461120    8.10623E-12  8.38353E-12  8.65290E-12  
461130    8.46237E-15  8.65948E-15  8.85100E-15  
461140    1.01368E-14  1.03593E-14  1.05754E-14  
461150    1.56373E-15  1.58672E-15  1.60904E-15  
461160    6.15100E-16  6.27824E-16  6.40174E-16  
461170    2.11168E-16  2.12951E-16  2.14682E-16  
461180    4.28683E-17  4.31313E-17  4.33874E-17  
461190    6.29686E-18  6.31338E-18  6.32970E-18  
461200    5.73415E-18  5.68834E-18  5.64391E-18  
461210    1.88681E-19  1.87825E-19  1.87002E-19  
461220    2.06239E-20  2.05247E-20  2.04293E-20  
461230    3.50530E-21  3.48786E-21  3.47109E-21  
461240    7.48004E-23  7.42761E-23  7.37690E-23  
461250    1.99802E-23  1.98887E-23  1.98008E-23  
461260    0.00000E+00  0.00000E+00  0.00000E+00  
461270    0.00000E+00  0.00000E+00  0.00000E+00  
461280    1.91305E-19  2.09349E-19  2.27222E-19  
461290    0.00000E+00  0.00000E+00  0.00000E+00  
461300    9.69369E-18  1.06080E-17  1.15137E-17  
461310    0.00000E+00  0.00000E+00  0.00000E+00  
471050    0.00000E+00  0.00000E+00  0.00000E+00  
471051    0.00000E+00  0.00000E+00  0.00000E+00  
471060    1.89671E-24  2.05843E-24  2.21567E-24  
471061    2.15757E-21  2.34373E-21  2.52432E-21  
471070    5.09302E-15  6.34627E-15  7.76754E-15  
471071    1.42240E-23  1.54251E-23  1.65901E-23  
471080    4.31294E-21  4.87433E-21  5.45593E-21  
471081    1.64681E-16  1.97170E-16  2.32252E-16  
471090    1.40746E-08  1.61800E-08  1.83971E-08  
471091    2.07957E-14  2.19652E-14  2.31024E-14  
471100    1.36486E-16  1.56192E-16  1.76818E-16  
471101    2.76422E-12  3.33478E-12  3.95211E-12  
471110    1.20147E-10  1.25878E-10  1.31446E-10  
471111    1.21989E-14  1.27732E-14  1.33311E-14  
471120    1.20642E-12  1.24770E-12  1.28779E-12  
471130    1.15271E-12  1.17956E-12  1.20565E-12  
471131    5.98687E-15  6.12630E-15  6.26176E-15  
471140    3.35884E-16  3.42816E-16  3.49547E-16  
471150    7.74452E-14  7.85627E-14  7.96477E-14  
471151    8.96839E-17  8.92772E-17  8.88817E-17  
471160    1.66419E-14  1.68908E-14  1.71323E-14  
471161    8.28865E-17  8.48287E-17  8.67122E-17  
471170    4.28182E-15  4.33143E-15  4.37958E-15  
471171    4.89034E-17  5.02474E-17  5.15510E-17  
471180    1.63220E-16  1.64776E-16  1.66287E-16  
471181    3.66802E-17  3.71469E-17  3.75998E-17  
471190    8.74890E-17  8.79506E-17  8.83997E-17  
471200    2.30698E-17  2.30666E-17  2.30638E-17  
471201    1.70223E-18  1.72301E-18  1.74324E-18  
471210    1.15157E-17  1.14914E-17  1.14681E-17  
471220    1.36608E-18  1.36093E-18  1.35598E-18  
471221    4.92922E-19  4.91090E-19  4.89327E-19  
471230    6.05176E-19  6.01453E-19  5.97856E-19  
471240    3.68872E-19  3.65520E-19  3.62266E-19  
471250    7.04167E-21  7.00940E-21  6.97844E-21  
471260    0.00000E+00  0.00000E+00  0.00000E+00  
471270    0.00000E+00  0.00000E+00  0.00000E+00  
471280    0.00000E+00  0.00000E+00  0.00000E+00  
471290    0.00000E+00  0.00000E+00  0.00000E+00  
471300    1.14333E-21  1.13229E-21  1.12157E-21  
471310    2.27684E-14  2.49163E-14  2.70439E-14  
471320    6.50655E-17  7.15980E-17  7.81017E-17  
471330    3.27640E-18  3.60535E-18  3.93284E-18  
481060    0.00000E+00  0.00000E+00  0.00000E+00  
481070    0.00000E+00  0.00000E+00  0.00000E+00  
481080    5.09568E-16  6.32611E-16  7.70979E-16  
481090    8.87275E-19  1.14605E-18  1.46055E-18  
481100    9.38766E-11  1.17785E-10  1.45022E-10  
481110    5.37565E-09  6.13449E-09  6.92817E-09  
481111    3.88335E-20  4.85025E-20  5.94576E-20  
481120    3.39880E-09  3.82863E-09  4.27280E-09  
481130    7.45598E-10  7.71013E-10  7.95221E-10  
481131    3.40186E-11  3.78486E-11  4.17407E-11  
481140    4.86641E-09  5.49068E-09  6.13020E-09  
481150    1.24552E-11  1.26213E-11  1.27826E-11  
481151    1.41552E-11  1.43721E-11  1.45811E-11  
481160    2.66549E-09  2.96057E-09  3.26013E-09  
481170    5.12159E-13  5.19087E-13  5.25810E-13  
481171    1.53706E-13  1.56033E-13  1.58291E-13  
481180    1.86124E-13  1.87994E-13  1.89809E-13  
481190    6.75985E-15  6.81217E-15  6.86298E-15  
481191    2.92696E-15  2.95736E-15  2.98687E-15  
481200    3.09147E-15  3.11379E-15  3.13547E-15  
481210    4.29421E-16  4.32201E-16  4.34904E-16  
481211    1.68299E-16  1.70210E-16  1.72066E-16  
481220    3.08596E-16  3.09126E-16  3.09642E-16  
481230    9.52842E-17  9.48278E-17  9.43855E-17  
481240    6.12139E-17  6.06680E-17  6.01383E-17  
481250    1.46000E-17  1.44687E-17  1.43413E-17  
481260    1.43872E-17  1.42489E-17  1.41145E-17  
481270    1.03950E-17  1.02947E-17  1.01973E-17  
481280    3.42383E-18  3.39077E-18  3.35865E-18  
481290    3.80749E-21  3.78771E-21  3.76868E-21  
481300    4.88345E-17  4.83625E-17  4.79042E-17  
481310    3.21632E-18  3.18520E-18  3.15498E-18  
481320    4.29503E-21  4.27725E-21  4.26021E-21  
481330    8.08609E-14  8.89773E-14  9.70580E-14  
481340    9.02224E-16  9.92740E-16  1.08285E-15  
481350    8.42869E-18  9.27491E-18  1.01174E-17  
481360    3.19640E-20  3.51730E-20  3.83679E-20  
491090    0.00000E+00  0.00000E+00  0.00000E+00  
491110    0.00000E+00  0.00000E+00  0.00000E+00  
491120    1.56229E-24  1.89824E-24  2.26812E-24  
491121    0.00000E+00  0.00000E+00  0.00000E+00  
491130    1.44169E-12  1.75970E-12  2.11184E-12  
491131    0.00000E+00  0.00000E+00  0.00000E+00  
491140    8.48693E-21  1.03932E-20  1.24953E-20  
491141    2.61529E-16  3.24632E-16  3.94473E-16  
491150    2.29518E-09  2.54297E-09  2.79310E-09  
491151    1.04509E-12  1.05903E-12  1.07256E-12  
491160    8.01334E-18  8.83802E-18  9.66479E-18  
491161    3.04707E-15  3.36068E-15  3.67509E-15  
491170    1.09059E-13  1.10588E-13  1.12072E-13  
491171    3.65990E-13  3.70943E-13  3.75750E-13  
491180    3.08554E-16  3.11660E-16  3.14676E-16  
491181    1.75180E-18  1.82665E-18  1.89923E-18  
491190    4.28761E-15  4.32824E-15  4.36767E-15  
491191    4.10064E-14  4.13282E-14  4.16408E-14  
491200    1.90939E-16  1.92376E-16  1.93773E-16  
491201    5.25458E-17  5.38116E-17  5.50391E-17  
491210    1.00044E-15  1.01273E-15  1.02466E-15  
491211    5.46478E-15  5.51179E-15  5.55745E-15  
491220    9.73015E-17  9.77630E-17  9.82112E-17  
491221    6.15452E-17  6.36728E-17  6.57369E-17  
491230    2.29775E-16  2.32354E-16  2.34857E-16  
491231    1.63056E-15  1.62991E-15  1.62929E-15  
491240    1.99796E-16  1.99963E-16  2.00125E-16  
491241    5.57445E-17  5.75581E-17  5.93183E-17  
491250    8.52012E-17  8.58822E-17  8.65433E-17  
491251    4.62151E-16  4.65476E-16  4.68705E-16  
491260    6.67816E-17  6.69814E-17  6.71756E-17  
491261    2.57672E-17  2.64220E-17  2.70580E-17  
491270    2.03698E-16  2.02714E-16  2.01758E-16  
491271    1.42932E-16  1.44870E-16  1.46753E-16  
491280    6.70970E-17  6.75298E-17  6.79497E-17  
491281    4.87942E-17  4.92493E-17  4.96910E-17  
491290    6.88257E-17  6.83233E-17  6.78361E-17  
491291    1.29487E-16  1.28564E-16  1.27668E-16  
491300    9.04656E-17  8.97154E-17  8.89867E-17  
491301    1.13691E-17  1.14901E-17  1.16077E-17  
491310    1.09134E-17  1.08548E-17  1.07980E-17  
491311    8.37389E-18  8.35162E-18  8.33012E-18  
491320    7.78352E-18  7.73643E-18  7.69088E-18  
491330    3.94458E-19  3.92377E-19  3.90373E-19  
491340    5.16910E-12  5.68576E-12  6.20001E-12  
491350    3.83542E-22  3.81796E-22  3.80120E-22  
491360    2.58513E-15  2.84455E-15  3.10281E-15  
491370    5.52573E-17  6.06183E-17  6.59409E-17  
491380    7.90075E-19  8.69396E-19  9.48366E-19  
501110    0.00000E+00  0.00000E+00  0.00000E+00  
501120    9.82429E-21  1.31603E-20  1.71780E-20  
501130    3.29593E-22  2.28134E-22  1.61512E-22  
501131    0.00000E+00  0.00000E+00  0.00000E+00  
501140    1.48402E-15  2.00123E-15  2.62814E-15  
501150    1.16825E-10  1.29614E-10  1.42566E-10  
501160    2.90259E-11  3.53141E-11  4.22192E-11  
501170    2.53002E-09  2.80723E-09  3.08821E-09  
501171    1.72511E-13  1.74973E-13  1.77360E-13  
501180    2.28494E-09  2.52953E-09  2.77655E-09  
501190    2.42737E-09  2.68694E-09  2.94895E-09  
501191    4.23031E-11  4.43021E-11  4.60886E-11  
501200    2.37137E-09  2.62143E-09  2.87345E-09  
501210    6.12832E-12  6.19435E-12  6.25849E-12  
501211    1.85290E-10  2.05369E-10  2.25682E-10  
501220    2.76443E-09  3.05803E-09  3.35427E-09  
501230    7.70603E-11  8.11949E-11  8.51443E-11  
501231    1.75806E-13  1.77048E-13  1.78254E-13  
501240    4.88563E-09  5.41334E-09  5.94727E-09  
501250    4.83818E-11  4.96525E-11  5.08856E-11  
501251    6.40857E-14  6.45849E-14  6.50693E-14  
501260    1.00573E-08  1.11711E-08  1.23024E-08  
501270    3.45885E-12  3.50935E-12  3.55834E-12  
501271    6.76335E-14  6.85219E-14  6.93838E-14  
501280    5.09532E-12  5.12536E-12  5.15448E-12  
501281    4.56129E-15  4.58854E-15  4.61497E-15  
501290    1.88412E-13  1.90076E-13  1.91691E-13  
501291    3.50953E-13  3.51976E-13  3.52969E-13  
501300    5.48966E-13  5.47719E-13  5.46509E-13  
501301    2.39668E-13  2.39231E-13  2.38808E-13  
501310    1.10121E-13  1.09765E-13  1.09421E-13  
501311    1.11240E-13  1.10885E-13  1.10541E-13  
501320    1.07510E-13  1.07257E-13  1.07013E-13  
501330    9.47141E-16  9.41008E-16  9.35068E-16  
501340    1.11608E-16  1.10910E-16  1.10236E-16  
501350    2.70958E-10  2.97730E-10  3.24359E-10  
501360    9.94872E-20  9.89802E-20  9.84926E-20  
501370    3.25611E-12  3.56692E-12  3.87509E-12  
501380    2.14336E-14  2.35829E-14  2.57226E-14  
501390    1.59963E-16  1.75991E-16  1.91946E-16  
501400    8.24152E-18  9.06897E-18  9.89279E-18  
501410    2.45531E-18  2.70181E-18  2.94723E-18  
511150    0.00000E+00  0.00000E+00  0.00000E+00  
511170    0.00000E+00  0.00000E+00  0.00000E+00  
511180    0.00000E+00  0.00000E+00  0.00000E+00  
511181    2.08878E-23  2.26530E-23  2.43653E-23  
511190    4.79017E-20  5.17900E-20  5.55617E-20  
511200    9.51153E-21  1.03413E-20  1.11565E-20  
511201    4.84636E-18  5.24052E-18  5.62284E-18  
511210    2.31893E-09  2.56834E-09  2.82039E-09  
511220    2.43886E-14  2.68046E-14  2.92194E-14  
511221    3.57421E-18  3.88423E-18  4.18974E-18  
511230    2.92943E-09  3.24740E-09  3.56887E-09  
511240    4.86067E-13  5.21807E-13  5.57063E-13  
511241    1.80806E-18  1.91877E-18  2.02683E-18  
511250    4.98561E-09  5.42669E-09  5.85740E-09  
511260    3.44704E-12  3.47323E-12  3.49869E-12  
511261    3.95307E-15  3.96767E-15  3.98179E-15  
511270    2.54175E-10  2.57818E-10  2.61352E-10  
511280    3.69091E-12  3.75596E-12  3.81904E-12  
511281    9.24549E-13  9.30856E-13  9.36973E-13  
511290    4.09863E-11  4.13801E-11  4.17623E-11  
511291    5.10300E-14  5.11788E-14  5.13231E-14  
511300    7.12219E-12  7.14105E-12  7.15935E-12  
511301    1.61045E-12  1.61079E-12  1.61113E-12  
511310    1.44913E-11  1.44814E-11  1.44718E-11  
511320    1.37883E-12  1.38025E-12  1.38163E-12  
511321    8.55583E-13  8.52524E-13  8.49558E-13  
511330    1.43881E-12  1.43211E-12  1.42562E-12  
511340    1.32923E-15  1.32345E-15  1.31786E-15  
511341    1.62723E-14  1.62033E-14  1.61365E-14  
511350    1.29405E-15  1.28769E-15  1.28154E-15  
511360    9.07655E-17  9.02589E-17  8.97702E-17  
511370    1.19040E-16  1.17913E-16  1.16819E-16  
511380    1.88047E-19  1.87111E-19  1.86211E-19  
511390    3.17939E-12  3.49752E-12  3.81418E-12  
511400    1.66958E-13  1.83600E-13  2.00161E-13  
511410    4.73200E-14  5.20708E-14  5.68007E-14  
511420    3.56551E-17  3.92196E-17  4.27673E-17  
511430    3.31246E-18  3.64502E-18  3.97611E-18  
521180    0.00000E+00  0.00000E+00  0.00000E+00  
521190    0.00000E+00  0.00000E+00  0.00000E+00  
521200    1.99995E-20  2.39408E-20  2.81969E-20  
521210    1.81121E-19  2.00531E-19  2.19665E-19  
521211    6.80078E-19  7.66103E-19  8.51228E-19  
521220    1.99656E-12  2.41499E-12  2.87291E-12  
521230    7.62539E-15  9.39248E-15  1.13440E-14  
521231    3.05103E-15  3.40834E-15  3.76163E-15  
521240    2.38562E-12  2.79272E-12  3.22790E-12  
521250    1.10845E-09  1.33877E-09  1.58901E-09  
521251    5.79919E-11  6.39705E-11  6.98099E-11  
521260    2.33456E-10  2.57973E-10  2.82635E-10  
521270    2.51855E-11  2.55667E-11  2.59324E-11  
521271    1.06306E-09  1.08402E-09  1.10322E-09  
521280    5.84004E-08  6.45345E-08  7.07152E-08  
521290    1.02874E-11  1.03861E-11  1.04818E-11  
521291    1.23532E-09  1.24695E-09  1.25821E-09  
521300    2.94171E-07  3.23947E-07  3.53779E-07  
521310    1.62040E-11  1.62185E-11  1.62326E-11  
521311    2.14684E-10  2.17046E-10  2.19337E-10  
521320    4.96480E-09  4.96964E-09  4.97433E-09  
521330    1.12246E-11  1.12083E-11  1.11925E-11  
521331    4.48236E-11  4.47708E-11  4.47194E-11  
521340    6.83110E-11  6.81027E-11  6.79005E-11  
521350    2.58327E-13  2.57490E-13  2.56679E-13  
521360    9.83576E-14  9.78063E-14  9.72720E-14  
521370    4.42224E-15  4.39594E-15  4.37047E-15  
521380    5.12075E-16  5.08681E-16  5.05397E-16  
521390    1.82043E-17  1.80908E-17  1.79813E-17  
521400    1.90325E-17  1.88568E-17  1.86862E-17  
521410    3.10093E-19  3.08625E-19  3.07216E-19  
521420    5.95297E-21  5.92239E-21  5.89295E-21  
521430    8.11567E-14  8.93048E-14  9.74169E-14  
521440    6.27106E-17  6.89984E-17  7.52615E-17  
521450    5.76507E-18  6.34390E-18  6.92017E-18  
521460    4.14217E-19  4.55803E-19  4.97205E-19  
531210    0.00000E+00  0.00000E+00  0.00000E+00  
531230    2.09861E-21  2.27605E-21  2.44816E-21  
531250    1.04898E-19  7.01340E-20  5.55465E-20  
531260    5.31084E-17  5.89986E-17  6.49194E-17  
531270    2.61731E-08  2.91541E-08  3.21788E-08  
531280    1.54080E-15  1.70658E-15  1.87348E-15  
531290    9.63547E-08  1.06715E-07  1.17170E-07  
531300    3.56524E-13  3.88122E-13  4.19595E-13  
531301    2.32861E-15  2.54852E-15  2.76820E-15  
531310    8.41634E-09  8.43394E-09  8.45101E-09  
531320    1.49482E-10  1.49688E-10  1.49887E-10  
531321    4.21071E-13  4.40836E-13  4.60010E-13  
531330    2.04102E-09  2.04065E-09  2.04028E-09  
531331    1.67730E-14  1.68932E-14  1.70098E-14  
531340    9.87346E-11  9.86437E-11  9.85553E-11  
531341    3.75519E-13  3.80939E-13  3.86197E-13  
531350    6.05603E-10  6.05492E-10  6.05383E-10  
531360    9.06908E-13  9.03905E-13  9.00996E-13  
531361    2.46050E-13  2.46514E-13  2.46966E-13  
531370    3.05175E-13  3.04514E-13  3.03873E-13  
531380    4.03164E-14  4.02420E-14  4.01700E-14  
531390    7.56698E-15  7.52620E-15  7.48667E-15  
531400    6.56831E-16  6.53272E-16  6.49828E-16  
531410    8.79865E-17  8.73812E-17  8.67950E-17  
531420    6.92968E-18  6.89400E-18  6.85949E-18  
531430    5.55579E-19  5.53055E-19  5.50632E-19  
531440    5.86372E-21  5.83571E-21  5.80880E-21  
531450    3.60258E-22  3.58626E-22  3.57061E-22  
531460    7.36978E-15  8.10965E-15  8.84626E-15  
531470    9.32299E-18  1.02412E-17  1.11540E-17  
531480    6.50649E-19  7.15972E-19  7.81007E-19  
541230    0.00000E+00  0.00000E+00  0.00000E+00  
541240    0.00000E+00  0.00000E+00  0.00000E+00  
541250    0.00000E+00  0.00000E+00  0.00000E+00  
541251    0.00000E+00  0.00000E+00  0.00000E+00  
541260    4.03175E-16  4.96809E-16  6.00301E-16  
541270    7.58641E-20  9.37093E-20  1.13567E-19  
541271    0.00000E+00  0.00000E+00  0.00000E+00  
541280    1.79759E-11  2.19493E-11  2.63301E-11  
541290    6.61425E-15  8.40225E-15  1.04731E-14  
541291    1.00664E-17  1.22823E-17  1.47151E-17  
541300    1.88365E-10  2.24269E-10  2.63233E-10  
541310    4.61155E-07  5.08439E-07  5.55764E-07  
541311    1.34508E-10  1.34798E-10  1.35078E-10  
541320    7.05511E-07  7.77613E-07  8.49879E-07  
541330    1.23510E-08  1.23496E-08  1.23483E-08  
541331    1.50480E-10  1.50651E-10  1.50816E-10  
541340    1.24939E-06  1.37394E-06  1.49841E-06  
541341    5.53987E-17  5.69288E-17  5.84127E-17  
541350    7.37699E-10  7.38835E-10  7.39932E-10  
541351    4.70498E-12  4.72101E-12  4.73655E-12  
541360    1.16107E-06  1.27731E-06  1.39355E-06  
541370    5.54279E-12  5.53966E-12  5.53661E-12  
541380    2.08045E-11  2.07649E-11  2.07264E-11  
541390    7.81167E-13  7.78262E-13  7.75442E-13  
541400    1.94324E-13  1.93306E-13  1.92319E-13  
541410    9.08103E-15  9.02992E-15  8.98038E-15  
541420    2.37259E-15  2.35832E-15  2.34449E-15  
541430    4.36506E-17  4.33734E-17  4.31053E-17  
541431    5.87253E-09  6.44375E-09  7.01145E-09  
541440    5.83539E-17  5.79956E-17  5.76498E-17  
541450    6.42371E-19  6.39573E-19  6.36892E-19  
541460    9.71075E-20  9.66151E-20  9.61417E-20  
541470    1.01071E-21  1.00301E-21  9.95557E-22  
541480    1.74196E-14  1.91676E-14  2.09078E-14  
541490    2.23048E-17  2.45360E-17  2.67568E-17  
541500    2.74112E-18  3.01632E-18  3.29031E-18  
541510    4.28051E-19  4.71026E-19  5.13811E-19  
551270    0.00000E+00  0.00000E+00  0.00000E+00  
551290    0.00000E+00  0.00000E+00  0.00000E+00  
551310    1.30062E-18  1.39558E-18  1.50841E-18  
551320    1.07452E-15  1.16345E-15  1.25161E-15  
551330    1.05833E-06  1.16539E-06  1.27240E-06  
551340    1.90938E-09  2.26931E-09  2.65103E-09  
551341    1.15566E-13  1.26651E-13  1.37647E-13  
551350    8.74817E-07  9.63303E-07  1.05192E-06  
551351    1.03251E-14  1.09442E-14  1.15449E-14  
551360    7.26335E-11  7.76805E-11  8.26415E-11  
551361    5.42082E-16  5.70754E-16  5.98581E-16  
551370    9.49502E-07  1.04247E-06  1.13507E-06  
551380    5.29140E-11  5.28425E-11  5.27731E-11  
551381    1.74568E-13  1.76598E-13  1.78565E-13  
551390    1.39819E-11  1.39584E-11  1.39356E-11  
551400    1.43172E-12  1.42718E-12  1.42278E-12  
551410    4.17536E-13  4.16640E-13  4.15770E-13  
551420    1.82371E-14  1.81620E-14  1.80891E-14  
551430    1.03856E-14  1.03352E-14  1.02863E-14  
551440    1.95451E-15  1.94360E-15  1.93303E-15  
551450    2.39565E-16  2.38257E-16  2.36993E-16  
551460    1.78653E-17  1.77645E-17  1.76673E-17  
551470    2.57348E-18  2.55305E-18  2.53328E-18  
551480    9.34335E-20  9.29815E-20  9.25475E-20  
551490    5.77055E-22  5.74131E-22  5.71323E-22  
551500    5.85809E-23  5.83122E-23  5.80544E-23  
551510    1.05182E-23  1.04700E-23  1.04238E-23  
551520    5.38064E-18  5.92075E-18  6.45846E-18  
551530    2.87868E-19  3.16769E-19  3.45543E-19  
551540    0.00000E+00  0.00000E+00  0.00000E+00  
561300    0.00000E+00  0.00000E+00  0.00000E+00  
561310    0.00000E+00  0.00000E+00  1.07058E-24  
561320    7.85303E-16  9.32688E-16  1.09174E-15  
561330    1.50468E-17  1.92394E-17  2.42287E-17  
561340    4.02337E-10  5.28873E-10  6.77895E-10  
561350    3.68218E-13  4.49115E-13  5.39488E-13  
561351    2.70982E-16  2.96743E-16  3.22866E-16  
561360    1.96341E-09  2.28287E-09  2.62272E-09  
561361    2.21324E-18  2.36726E-18  2.51863E-18  
561370    1.99564E-08  2.41140E-08  2.86584E-08  
561371    1.45375E-13  1.59597E-13  1.73764E-13  
561380    1.05566E-06  1.16054E-06  1.26531E-06  
561390    1.26892E-10  1.26707E-10  1.26527E-10  
561400    2.72198E-08  2.71767E-08  2.71349E-08  
561410    2.54870E-11  2.54512E-11  2.54164E-11  
561420    1.43132E-11  1.42837E-11  1.42549E-11  
561430    3.08859E-13  3.07802E-13  3.06777E-13  
561440    1.95129E-13  1.94257E-13  1.93410E-13  
561450    3.31240E-14  3.29484E-14  3.27780E-14  
561460    8.33825E-15  8.28254E-15  8.22852E-15  
561470    9.46700E-16  9.39624E-16  9.32766E-16  
561480    8.44420E-17  8.38760E-17  8.33290E-17  
561490    5.18402E-18  5.15681E-18  5.13063E-18  
561500    4.47698E-19  4.45519E-19  4.43426E-19  
561510    6.13411E-20  6.10626E-20  6.07954E-20  
561520    8.40132E-22  8.36277E-22  8.32580E-22  
561530    2.84416E-23  2.83115E-23  2.81867E-23  
561540    6.74377E-17  7.42083E-17  8.09491E-17  
561550    3.75220E-19  4.12895E-19  4.50406E-19  
561560    2.41442E-20  2.65682E-20  2.89815E-20  
571330    0.00000E+00  0.00000E+00  0.00000E+00  
571350    1.02921E-20  1.11630E-20  1.20077E-20  
571370    2.33540E-14  2.78573E-14  3.27120E-14  
571380    5.04852E-12  5.57747E-12  6.11041E-12  
571390    1.01064E-06  1.11086E-06  1.21095E-06  
571400    3.58850E-09  3.58314E-09  3.57793E-09  
571410    3.29390E-10  3.28953E-10  3.28528E-10  
571420    1.25453E-10  1.25234E-10  1.25021E-10  
571430    1.95315E-11  1.94810E-11  1.94319E-11  
571440    8.64531E-13  8.61696E-13  8.58943E-13  
571450    3.73904E-13  3.72651E-13  3.71435E-13  
571460    4.19359E-14  4.17365E-14  4.15431E-14  
571461    2.93238E-14  2.92567E-14  2.91915E-14  
571470    1.56632E-14  1.56179E-14  1.55741E-14  
571480    2.01665E-15  2.00473E-15  1.99320E-15  
571490    4.87094E-16  4.84708E-16  4.82406E-16  
571500    7.83165E-17  7.79584E-17  7.76140E-17  
571510    1.13239E-17  1.12714E-17  1.12210E-17  
571520    7.10712E-19  7.07512E-19  7.04446E-19  
571530    5.56021E-20  5.53507E-20  5.51098E-20  
571540    1.57531E-21  1.56822E-21  1.56142E-21  
571550    3.39581E-23  3.38054E-23  3.36593E-23  
571560    4.28905E-16  4.71970E-16  5.14844E-16  
571570    8.49362E-19  9.34639E-19  1.01954E-18  
571580    1.78041E-20  1.95917E-20  2.13715E-20  
571590    9.65467E-22  1.06240E-21  1.15890E-21  
581350    0.00000E+00  0.00000E+00  0.00000E+00  
581360    0.00000E+00  0.00000E+00  0.00000E+00  
581370    1.09497E-21  1.18752E-21  1.27730E-21  
581371    0.00000E+00  0.00000E+00  0.00000E+00  
581380    1.62175E-16  1.81699E-16  2.02224E-16  
581390    1.53020E-14  1.74322E-14  1.95474E-14  
581391    5.13597E-21  5.55717E-21  5.96572E-21  
581400    9.52915E-07  1.05051E-06  1.14796E-06  
581410    6.54908E-08  6.54069E-08  6.53253E-08  
581420    9.13157E-07  1.00358E-06  1.09386E-06  
581430    2.74068E-09  2.73363E-09  2.72679E-09  
581440    4.24289E-07  4.39015E-07  4.51323E-07  
581450    2.80794E-12  2.80095E-12  2.79417E-12  
581460    9.76513E-12  9.74517E-12  9.72579E-12  
581470    4.40441E-13  4.40134E-13  4.39836E-13  
581480    3.56104E-13  3.54839E-13  3.53612E-13  
581490    1.73380E-14  1.72946E-14  1.72526E-14  
581500    6.99127E-15  6.96982E-15  6.94908E-15  
581510    8.59257E-16  8.56099E-16  8.53051E-16  
581520    1.69595E-16  1.68891E-16  1.68214E-16  
581530    1.94239E-17  1.93431E-17  1.92656E-17  
581540    1.77425E-18  1.76732E-18  1.76071E-18  
581550    1.01308E-19  1.00886E-19  1.00483E-19  
581560    4.95580E-21  4.93460E-21  4.91435E-21  
581570    1.29303E-22  1.28731E-22  1.28184E-22  
581580    4.73050E-16  5.20561E-16  5.67867E-16  
581590    2.36364E-17  2.60096E-17  2.83725E-17  
581600    5.74782E-20  6.32489E-20  6.89940E-20  
581610    7.70790E-22  8.48174E-22  9.25217E-22  
591390    1.69769E-22  1.86702E-22  2.03448E-22  
591400    1.81371E-19  1.99851E-19  2.18170E-19  
591410    8.59774E-07  9.51709E-07  1.04352E-06  
591420    1.53139E-12  1.68774E-12  1.84272E-12  
591421    6.79549E-15  7.48792E-15  8.17430E-15  
591430    2.69985E-08  2.69297E-08  2.68629E-08  
591440    1.78759E-11  1.84962E-11  1.90146E-11  
591441    7.31280E-14  7.55861E-14  7.76394E-14  
591450    3.35006E-10  3.34176E-10  3.33371E-10  
591460    1.74717E-11  1.74368E-11  1.74029E-11  
591470    7.31398E-12  7.30358E-12  7.29350E-12  
591480    9.08500E-13  9.06581E-13  9.04720E-13  
591481    3.05213E-14  3.15619E-14  3.25711E-14  
591490    6.13614E-13  6.13634E-13  6.13654E-13  
591500    1.69452E-14  1.69674E-14  1.69890E-14  
591510    2.86691E-14  2.87066E-14  2.87432E-14  
591520    2.19108E-15  2.19463E-15  2.19813E-15  
591530    9.58449E-16  9.58607E-16  9.58792E-16  
591540    1.02564E-16  1.02672E-16  1.02783E-16  
591550    8.73613E-18  8.72912E-18  8.72293E-18  
591560    1.08042E-18  1.07843E-18  1.07659E-18  
591570    1.07338E-19  1.06997E-19  1.06677E-19  
591580    1.54247E-21  1.53654E-21  1.53093E-21  
591590    5.59886E-23  5.57544E-23  5.55316E-23  
591600    5.47156E-16  6.02139E-16  6.56891E-16  
591610    1.48424E-17  1.63330E-17  1.78170E-17  
591620    1.58967E-20  1.74980E-20  1.90932E-20  
591630    6.04466E-22  6.65152E-22  7.25570E-22  
591640    9.72731E-24  1.11199E-23  1.25064E-23  
601400    0.00000E+00  1.19327E-24  1.42604E-24  
601410    6.22717E-21  7.32269E-21  8.49679E-21  
601420    4.16212E-10  5.08374E-10  6.09449E-10  
601430    8.79963E-07  9.68407E-07  1.05641E-06  
601440    4.42839E-07  5.14501E-07  5.88539E-07  
601450    6.19145E-07  6.80080E-07  7.40844E-07  
601460    4.81492E-07  5.29286E-07  5.77017E-07  
601470    8.61883E-09  8.60709E-09  8.59567E-09  
601480    2.71942E-07  2.99052E-07  3.26145E-07  
601490    2.84281E-11  2.84389E-11  2.84494E-11  
601500    1.12920E-07  1.24433E-07  1.35979E-07  
601510    1.42250E-12  1.42905E-12  1.43540E-12  
601520    8.49170E-13  8.54744E-13  8.60159E-13  
601530    2.28580E-14  2.29839E-14  2.31065E-14  
601540    8.50551E-15  8.57979E-15  8.65203E-15  
601550    9.97825E-16  1.00633E-15  1.01461E-15  
601560    1.92536E-16  1.94251E-16  1.95927E-16  
601570    1.25233E-17  1.25971E-17  1.26701E-17  
601580    1.44193E-18  1.44484E-18  1.44787E-18  
601590    9.04507E-20  9.03734E-20  9.03116E-20  
601600    5.59164E-21  5.57769E-21  5.56481E-21  
601610    2.08904E-22  2.08192E-22  2.07523E-22  
601620    4.22048E-16  4.64551E-16  5.06890E-16  
601630    1.48062E-17  1.62937E-17  1.77748E-17  
601640    3.67999E-19  4.04944E-19  4.41727E-19  
601650    1.74422E-21  1.91933E-21  2.09367E-21  
601660    7.55235E-23  8.33070E-23  9.10561E-23  
601670    0.00000E+00  0.00000E+00  0.00000E+00  
611430    0.00000E+00  0.00000E+00  0.00000E+00  
611440    5.26707E-21  6.02834E-21  6.79659E-21  
611450    1.75486E-16  1.92423E-16  2.10446E-16  
611460    3.78111E-15  4.10136E-15  4.39728E-15  
611470    2.78163E-07  2.99482E-07  3.19715E-07  
611480    4.54499E-11  4.87788E-11  5.19040E-11  
611481    2.10784E-10  2.28244E-10  2.44379E-10  
611490    8.75591E-10  8.76172E-10  8.76725E-10  
611500    3.05805E-14  3.08288E-14  3.10703E-14  
611510    1.95431E-10  1.96362E-10  1.97266E-10  
611520    3.08773E-13  3.10868E-13  3.12904E-13  
611521    3.37853E-15  3.52623E-15  3.66948E-15  
611530    2.45780E-13  2.47634E-13  2.49436E-13  
611540    3.78866E-14  3.83154E-14  3.87320E-14  
611541    5.88507E-15  6.08806E-15  6.28500E-15  
611550    8.09072E-15  8.23527E-15  8.37573E-15  
611560    2.36231E-15  2.41730E-15  2.47074E-15  
611570    3.41433E-16  3.49963E-16  3.58266E-16  
611580    4.10888E-17  4.19404E-17  4.27726E-17  
611590    2.85598E-18  2.90395E-18  2.95101E-18  
611600    4.69752E-19  4.74506E-19  4.79213E-19  
611610    3.93861E-20  3.96056E-20  3.98261E-20  
611620    6.44078E-22  6.44873E-22  6.45672E-22  
611630    5.23572E-23  5.21974E-23  5.20449E-23  
611640    7.19605E-16  7.91981E-16  8.64061E-16  
611650    3.35923E-17  3.69665E-17  4.03262E-17  
611660    1.37702E-18  1.51528E-18  1.65293E-18  
611670    1.12557E-19  1.23858E-19  1.35109E-19  
611680    2.27371E-22  2.50198E-22  2.72925E-22  
611690    7.32961E-24  8.37896E-24  9.42369E-24  
621440    0.00000E+00  0.00000E+00  0.00000E+00  
621450    2.29916E-18  2.35113E-18  2.45883E-18  
621460    8.14826E-15  1.07776E-14  1.38766E-14  
621470    7.00185E-08  8.37303E-08  9.84197E-08  
621480    3.37276E-09  4.08359E-09  4.85350E-09  
621490    2.40022E-08  2.41384E-08  2.42679E-08  
621500    1.54294E-07  1.72110E-07  1.89930E-07  
621510    5.25028E-08  5.62883E-08  5.98774E-08  
621520    6.70617E-08  7.56058E-08  8.43963E-08  
621530    1.41018E-10  1.43285E-10  1.45552E-10  
621540    1.47386E-08  1.63531E-08  1.79897E-08  
621550    2.78265E-13  2.83830E-13  2.89238E-13  
621560    3.92866E-12  4.04341E-12  4.15486E-12  
621570    2.78785E-14  2.88612E-14  2.98160E-14  
621580    9.21776E-15  9.54829E-15  9.86961E-15  
621590    1.14274E-16  1.18789E-16  1.23180E-16  
621600    2.97904E-17  3.09755E-17  3.21289E-17  
621610    2.97583E-18  3.09102E-18  3.20332E-18  
621620    2.19109E-19  2.27077E-19  2.34811E-19  
621630    2.71775E-20  2.75204E-20  2.78540E-20  
621640    3.45532E-21  3.45669E-21  3.45817E-21  
621650    2.72942E-22  2.72051E-22  2.71199E-22  
621660    1.66284E-15  1.83011E-15  1.99670E-15  
621670    1.25115E-16  1.37679E-16  1.50187E-16  
621680    6.03219E-18  6.63781E-18  7.24077E-18  
621690    2.55838E-19  2.81524E-19  3.07097E-19  
621700    0.00000E+00  0.00000E+00  0.00000E+00  
621710    1.06242E-23  1.21452E-23  1.36595E-23  
621720    0.00000E+00  0.00000E+00  0.00000E+00  
631470    0.00000E+00  0.00000E+00  0.00000E+00  
631490    1.54237E-20  1.42835E-20  1.43119E-20  
631510    3.24474E-10  3.78194E-10  4.33732E-10  
631520    4.16611E-11  5.28050E-11  6.53155E-11  
631521    5.94539E-14  6.89921E-14  7.87866E-14  
631530    2.98373E-08  3.30769E-08  3.63598E-08  
631540    4.57492E-10  5.48491E-10  6.46701E-10  
631541    1.20521E-15  1.32961E-15  1.45478E-15  
631550    5.12191E-09  5.54172E-09  5.94885E-09  
631560    2.38859E-10  2.50466E-10  2.61643E-10  
631570    3.24905E-12  3.36673E-12  3.48106E-12  
631580    8.67302E-14  9.00576E-14  9.32912E-14  
631590    1.43824E-14  1.50469E-14  1.56927E-14  
631600    1.99073E-16  2.09261E-16  2.19162E-16  
631610    4.94754E-17  5.23743E-17  5.51914E-17  
631620    5.08985E-18  5.41469E-18  5.72982E-18  
631630    1.00485E-18  1.05604E-18  1.10570E-18  
631640    8.20707E-20  8.41523E-20  8.61740E-20  
631650    1.82645E-20  1.84172E-20  1.85661E-20  
631660    8.30039E-22  8.29458E-22  8.28932E-22  
631670    9.80070E-23  9.76041E-23  9.72180E-23  
631680    2.56236E-15  2.81973E-15  3.07598E-15  
631690    2.23607E-16  2.46059E-16  2.68413E-16  
631700    1.10025E-17  1.21072E-17  1.32069E-17  
631710    2.91625E-19  3.20903E-19  3.50052E-19  
631720    6.39655E-20  7.03874E-20  7.67809E-20  
641490    0.00000E+00  0.00000E+00  0.00000E+00  
641500    1.18038E-21  1.35222E-21  1.56996E-21  
641510    3.17405E-19  4.31934E-19  5.67694E-19  
641520    1.90177E-11  2.45251E-11  3.08602E-11  
641530    1.87339E-13  2.55838E-13  3.38389E-13  
641540    2.26720E-11  2.99793E-11  3.86632E-11  
641550    3.61395E-10  4.09686E-10  4.57796E-10  
641560    5.38587E-09  6.21359E-09  7.08658E-09  
641570    2.16796E-10  2.26339E-10  2.35635E-10  
641580    2.61552E-09  2.97182E-09  3.34154E-09  
641590    8.95283E-13  9.37327E-13  9.78208E-13  
641600    1.55882E-10  1.78716E-10  2.02712E-10  
641610    5.31836E-16  5.65121E-16  5.97453E-16  
641620    4.84680E-16  5.19334E-16  5.52949E-16  
641630    2.57867E-17  2.75362E-17  2.92334E-17  
641640    5.84155E-18  6.19087E-18  6.52975E-18  
641650    4.47552E-19  4.67239E-19  4.86343E-19  
641660    8.61256E-20  8.83409E-20  9.04923E-20  
641670    2.00778E-20  2.00943E-20  2.01112E-20  
641680    6.87332E-22  6.84937E-22  6.82657E-22  
641690    5.22254E-22  5.19992E-22  5.17827E-22  
641700    3.30181E-15  3.63338E-15  3.96350E-15  
641710    3.24111E-16  3.56652E-16  3.89051E-16  
641720    7.70480E-17  8.47833E-17  9.24845E-17  
651530    0.00000E+00  0.00000E+00  0.00000E+00  
651550    8.04620E-22  8.73555E-22  9.40435E-22  
651560    5.08290E-20  5.51830E-20  5.94063E-20  
651561    9.73833E-22  1.05629E-21  1.13627E-21  
651570    6.51426E-17  7.78678E-17  9.15907E-17  
651580    3.05814E-16  3.40652E-16  3.75167E-16  
651581    4.56732E-23  4.94839E-23  5.31801E-23  
651590    3.88640E-10  4.42746E-10  4.99287E-10  
651600    2.58972E-13  2.99172E-13  3.40742E-13  
651610    1.43540E-12  1.52671E-12  1.61540E-12  
651620    4.45129E-16  4.77005E-16  5.07925E-16  
651621    2.53964E-13  3.03386E-13  3.56697E-13  
651630    4.89611E-16  5.23502E-16  5.56377E-16  
651640    2.88577E-17  3.07017E-17  3.24906E-17  
651650    8.81837E-18  9.31594E-18  9.79867E-18  
651660    8.62611E-19  9.02418E-19  9.41047E-19  
651670    2.73126E-19  2.77427E-19  2.81608E-19  
651680    5.36637E-20  5.37445E-20  5.38266E-20  
651690    6.01604E-21  6.00096E-21  5.98671E-21  
651700    2.95610E-21  2.94373E-21  2.93191E-21  
651710    1.45530E-22  1.44883E-22  1.44262E-22  
651720    7.20897E-15  7.93276E-15  8.65336E-15  
661540    0.00000E+00  0.00000E+00  0.00000E+00  
661550    0.00000E+00  0.00000E+00  0.00000E+00  
661560    0.00000E+00  0.00000E+00  0.00000E+00  
661570    0.00000E+00  0.00000E+00  0.00000E+00  
661580    2.21832E-19  2.72401E-19  3.28019E-19  
661590    8.88445E-19  9.98974E-19  1.10913E-18  
661600    6.39150E-13  8.14726E-13  1.01594E-12  
661610    5.93843E-11  6.88527E-11  7.88690E-11  
661620    2.39248E-11  2.81553E-11  3.26919E-11  
661630    1.02716E-11  1.20398E-11  1.39305E-11  
661640    3.84974E-12  4.45510E-12  5.09338E-12  
661650    7.66473E-16  8.25170E-16  8.83939E-16  
661651    9.16288E-19  1.05335E-18  1.19677E-18  
661660    1.17584E-14  1.23648E-14  1.29532E-14  
661670    6.34327E-18  6.50057E-18  6.65333E-18  
661680    4.44329E-18  4.49358E-18  4.54265E-18  
661690    1.79215E-19  1.79918E-19  1.80611E-19  
661700    7.14178E-20  7.12843E-20  7.11593E-20  
661710    7.27404E-21  7.24994E-21  7.22694E-21  
661720    4.80919E-21  4.78773E-21  4.76715E-21  
671590    0.00000E+00  0.00000E+00  0.00000E+00  
671591    0.00000E+00  0.00000E+00  0.00000E+00  
671610    1.04262E-23  1.13073E-23  1.21622E-23  
671611    0.00000E+00  0.00000E+00  0.00000E+00  
671620    1.85195E-23  2.00836E-23  2.16009E-23  
671621    7.89086E-23  8.55733E-23  9.20382E-23  
671630    8.72203E-18  1.04432E-17  1.23017E-17  
671631    0.00000E+00  0.00000E+00  0.00000E+00  
671640    4.68191E-21  5.07901E-21  5.46454E-21  
671641    4.21978E-21  4.57612E-21  4.92176E-21  
671650    2.21801E-12  2.59023E-12  2.98983E-12  
671660    3.91013E-15  4.11802E-15  4.32054E-15  
671661    1.09966E-15  1.30459E-15  1.52363E-15  
671670    1.91889E-16  1.96770E-16  2.01515E-16  
671680    1.54883E-18  1.56778E-18  1.58626E-18  
671690    1.34602E-18  1.35390E-18  1.36163E-18  
671700    4.05843E-19  4.05380E-19  4.04956E-19  
671701    3.01638E-21  3.08753E-21  3.15674E-21  
671710    7.58364E-20  7.57291E-20  7.56289E-20  
671720    5.92219E-20  5.89757E-20  5.87398E-20  
681610    0.00000E+00  0.00000E+00  0.00000E+00  
681620    0.00000E+00  0.00000E+00  0.00000E+00  
681630    0.00000E+00  0.00000E+00  0.00000E+00  
681640    2.23756E-17  2.67958E-17  3.15701E-17  
681650    5.23657E-22  5.83484E-22  6.44370E-22  
681660    1.10621E-12  1.27008E-12  1.44231E-12  
681670    5.35205E-13  5.96558E-13  6.58862E-13  
681671    4.75206E-21  4.88457E-21  5.01442E-21  
681680    3.43055E-13  3.84837E-13  4.27821E-13  
681690    3.85460E-15  3.87841E-15  3.90143E-15  
681700    9.67613E-14  1.06713E-13  1.16661E-13  
681710    3.91131E-17  3.90842E-17  3.90582E-17  
681720    4.28801E-16  4.27129E-16  4.25528E-16  
691650    0.00000E+00  0.00000E+00  0.00000E+00  
691660    0.00000E+00  0.00000E+00  0.00000E+00  
691670    0.00000E+00  0.00000E+00  0.00000E+00  
691680    1.01375E-20  1.14194E-20  1.26766E-20  
691690    1.70747E-13  1.89182E-13  2.07695E-13  
691700    7.05013E-16  8.03731E-16  9.03101E-16  
691710    4.05062E-14  4.33813E-14  4.60663E-14  
691720    5.58058E-16  5.56228E-16  5.54465E-16  
701670    0.00000E+00  0.00000E+00  0.00000E+00  
701680    0.00000E+00  0.00000E+00  0.00000E+00  
701690    1.20138E-23  1.54652E-23  1.93772E-23  
701691    0.00000E+00  0.00000E+00  0.00000E+00  
701700    9.87492E-16  1.25501E-15  1.55763E-15  
701710    1.44675E-14  1.71932E-14  2.00984E-14  
701720    9.38247E-14  1.03430E-13  1.13006E-13  
701730    1.52397E-17  1.84750E-17  2.20088E-17  
701740    1.96602E-20  2.61878E-20  3.39924E-20  
701750    0.00000E+00  1.16927E-24  1.51436E-24  
701760    0.00000E+00  0.00000E+00  0.00000E+00  
711710    0.00000E+00  0.00000E+00  0.00000E+00  
711711    0.00000E+00  0.00000E+00  0.00000E+00  
711720    0.00000E+00  0.00000E+00  0.00000E+00  
711721    0.00000E+00  0.00000E+00  0.00000E+00  
711750    2.06732E-23  3.09034E-23  4.54642E-23  
711760    0.00000E+00  0.00000E+00  0.00000E+00  
721740    0.00000E+00  0.00000E+00  0.00000E+00  
721750    0.00000E+00  0.00000E+00  0.00000E+00  
721760    0.00000E+00  0.00000E+00  0.00000E+00  
721770    0.00000E+00  0.00000E+00  0.00000E+00  
721780    0.00000E+00  0.00000E+00  0.00000E+00  
721790    0.00000E+00  0.00000E+00  0.00000E+00  
721800    0.00000E+00  0.00000E+00  0.00000E+00  
721810    0.00000E+00  0.00000E+00  0.00000E+00  
721820    0.00000E+00  0.00000E+00  0.00000E+00  
731800    0.00000E+00  0.00000E+00  0.00000E+00  
731810    0.00000E+00  0.00000E+00  0.00000E+00  
731820    0.00000E+00  0.00000E+00  0.00000E+00  
741800    0.00000E+00  0.00000E+00  0.00000E+00  
741810    0.00000E+00  0.00000E+00  0.00000E+00  
741820    0.00000E+00  0.00000E+00  0.00000E+00  
741830    0.00000E+00  0.00000E+00  0.00000E+00  
741840    0.00000E+00  0.00000E+00  0.00000E+00  
741850    0.00000E+00  0.00000E+00  0.00000E+00  
741860    0.00000E+00  0.00000E+00  0.00000E+00  
751850    0.00000E+00  0.00000E+00  0.00000E+00  
751860    0.00000E+00  0.00000E+00  0.00000E+00  
751861    0.00000E+00  0.00000E+00  0.00000E+00  
751870    0.00000E+00  0.00000E+00  0.00000E+00  
761840    0.00000E+00  0.00000E+00  0.00000E+00  
761850    0.00000E+00  0.00000E+00  0.00000E+00  
761860    0.00000E+00  0.00000E+00  0.00000E+00  
761870    0.00000E+00  0.00000E+00  0.00000E+00  
761880    0.00000E+00  0.00000E+00  0.00000E+00  
761890    0.00000E+00  0.00000E+00  0.00000E+00  
761900    0.00000E+00  0.00000E+00  0.00000E+00  
761910    0.00000E+00  0.00000E+00  0.00000E+00  
761920    0.00000E+00  0.00000E+00  0.00000E+00  
771910    0.00000E+00  0.00000E+00  0.00000E+00  
771911    0.00000E+00  0.00000E+00  0.00000E+00  
771920    0.00000E+00  0.00000E+00  0.00000E+00  
771930    0.00000E+00  0.00000E+00  0.00000E+00  
771940    0.00000E+00  0.00000E+00  0.00000E+00  
771941    0.00000E+00  0.00000E+00  0.00000E+00  
781900    0.00000E+00  0.00000E+00  0.00000E+00  
781910    0.00000E+00  0.00000E+00  0.00000E+00  
781920    0.00000E+00  0.00000E+00  0.00000E+00  
781930    0.00000E+00  0.00000E+00  0.00000E+00  
781940    0.00000E+00  0.00000E+00  0.00000E+00  
781950    0.00000E+00  0.00000E+00  0.00000E+00  
781960    0.00000E+00  0.00000E+00  0.00000E+00  
781970    0.00000E+00  0.00000E+00  0.00000E+00  
781980    0.00000E+00  0.00000E+00  0.00000E+00  
791970    0.00000E+00  0.00000E+00  0.00000E+00  
791971    0.00000E+00  0.00000E+00  0.00000E+00  
801960    0.00000E+00  0.00000E+00  0.00000E+00  
801970    0.00000E+00  0.00000E+00  0.00000E+00  
801971    0.00000E+00  0.00000E+00  0.00000E+00  
801980    0.00000E+00  0.00000E+00  0.00000E+00  
801990    0.00000E+00  0.00000E+00  0.00000E+00  
802000    0.00000E+00  0.00000E+00  0.00000E+00  
802010    0.00000E+00  0.00000E+00  0.00000E+00  
802020    0.00000E+00  0.00000E+00  0.00000E+00  
802030    0.00000E+00  0.00000E+00  0.00000E+00  
802040    0.00000E+00  0.00000E+00  0.00000E+00  
802060    0.00000E+00  0.00000E+00  0.00000E+00  
812030    0.00000E+00  0.00000E+00  0.00000E+00  
812040    0.00000E+00  0.00000E+00  0.00000E+00  
812050    0.00000E+00  0.00000E+00  0.00000E+00  
812060    0.00000E+00  0.00000E+00  0.00000E+00  
812070    4.03218E-24  4.94275E-24  5.94651E-24  
812080    6.28926E-23  8.25156E-23  1.05602E-22  
812090    0.00000E+00  0.00000E+00  0.00000E+00  
812100    0.00000E+00  0.00000E+00  0.00000E+00  
822040    0.00000E+00  0.00000E+00  0.00000E+00  
822050    0.00000E+00  0.00000E+00  0.00000E+00  
822060    1.81418E-22  2.80415E-22  4.15661E-22  
822070    1.74246E-19  2.36263E-19  3.11530E-19  
822080    9.69602E-18  1.40428E-17  1.96702E-17  
822090    0.00000E+00  0.00000E+00  0.00000E+00  
822100    3.12560E-20  4.11011E-20  5.27747E-20  
822110    3.06012E-23  3.75116E-23  4.51293E-23  
822120    3.66022E-20  4.80211E-20  6.14553E-20  
822140    3.22741E-24  3.90749E-24  4.65184E-24  
832080    0.00000E+00  0.00000E+00  0.00000E+00  
832090    4.20717E-22  5.78861E-22  7.73643E-22  
832100    1.87239E-23  2.46913E-23  3.17792E-23  
832101    0.00000E+00  0.00000E+00  0.00000E+00  
832110    1.81402E-24  2.22367E-24  2.67525E-24  
832120    3.47068E-21  4.55355E-21  5.82756E-21  
832130    0.00000E+00  0.00000E+00  0.00000E+00  
832140    2.39681E-24  2.90188E-24  3.45468E-24  
832150    0.00000E+00  0.00000E+00  0.00000E+00  
842080    0.00000E+00  0.00000E+00  0.00000E+00  
842090    0.00000E+00  0.00000E+00  0.00000E+00  
842100    2.52216E-22  3.50479E-22  4.71989E-22  
842110    0.00000E+00  0.00000E+00  0.00000E+00  
842120    0.00000E+00  0.00000E+00  0.00000E+00  
842130    0.00000E+00  0.00000E+00  0.00000E+00  
842140    0.00000E+00  0.00000E+00  0.00000E+00  
842150    0.00000E+00  0.00000E+00  0.00000E+00  
842160    0.00000E+00  0.00000E+00  0.00000E+00  
842180    0.00000E+00  0.00000E+00  0.00000E+00  
852150    0.00000E+00  0.00000E+00  0.00000E+00  
852170    0.00000E+00  0.00000E+00  0.00000E+00  
852180    0.00000E+00  0.00000E+00  0.00000E+00  
852190    0.00000E+00  0.00000E+00  0.00000E+00  
862170    0.00000E+00  0.00000E+00  0.00000E+00  
862180    0.00000E+00  0.00000E+00  0.00000E+00  
862190    0.00000E+00  0.00000E+00  0.00000E+00  
862200    5.32769E-23  6.98794E-23  8.94090E-23  
862220    6.63238E-22  8.02988E-22  9.55944E-22  
872210    0.00000E+00  0.00000E+00  0.00000E+00  
872220    0.00000E+00  0.00000E+00  0.00000E+00  
872230    0.00000E+00  0.00000E+00  0.00000E+00  
882220    0.00000E+00  0.00000E+00  0.00000E+00  
882230    1.39538E-20  1.71046E-20  2.05780E-20  
882240    3.03013E-19  3.97439E-19  5.08514E-19  
882250    4.84547E-23  6.00387E-23  7.29763E-23  
882260    1.03074E-16  1.24603E-16  1.48150E-16  
882280    3.17089E-22  3.79895E-22  4.47661E-22  
892250    3.09759E-23  3.85565E-23  4.70387E-23  
892260    0.00000E+00  0.00000E+00  0.00000E+00  
892270    1.11131E-17  1.34571E-17  1.60259E-17  
892280    4.30988E-22  5.19570E-22  6.16090E-22  
902260    0.00000E+00  0.00000E+00  0.00000E+00  
902270    2.36728E-20  2.88796E-20  3.46063E-20  
902280    5.91378E-17  7.74015E-17  9.88575E-17  
902290    6.39811E-18  7.75017E-18  9.22591E-18  
902300    1.23891E-11  1.36130E-11  1.48343E-11  
902310    1.59169E-15  1.61390E-15  1.63590E-15  
902320    7.53841E-12  8.25742E-12  8.97102E-12  
902330    2.92397E-19  3.18826E-19  3.44859E-19  
902340    6.66673E-13  6.66650E-13  6.66628E-13  
912290    1.03332E-24  1.13915E-24  1.24539E-24  
912300    6.29770E-21  6.97122E-21  7.64290E-21  
912310    6.20697E-13  6.87184E-13  7.54385E-13  
912320    6.61191E-17  7.28883E-17  7.96834E-17  
912330    1.81597E-15  2.02067E-15  2.22515E-15  
912340    1.23612E-17  1.23613E-17  1.23614E-17  
912341    2.22647E-17  2.22640E-17  2.22632E-17  
922300    5.56332E-22  6.20202E-22  6.82874E-22  
922310    5.00153E-24  5.99998E-24  7.08569E-24  
922320    1.13557E-14  1.37248E-14  1.63199E-14  
922330    5.01166E-13  5.46265E-13  5.91194E-13  
922340    2.42830E-06  2.42558E-06  2.42287E-06  
922350    3.10720E-04  3.09118E-04  3.07530E-04  
922351    5.66112E-13  5.65471E-13  5.64885E-13  
922360    2.73345E-06  2.99126E-06  3.24655E-06  
922370    6.89179E-10  6.95797E-10  7.02352E-10  
922380    4.51438E-02  4.51423E-02  4.51408E-02  
922390    5.08449E-10  5.06119E-10  5.03883E-10  
922400    5.06898E-15  5.02279E-15  4.97869E-15  
922410    4.47245E-22  4.41155E-22  4.35364E-22  
932340    0.00000E+00  0.00000E+00  0.00000E+00  
932350    4.28357E-18  4.80582E-18  5.37011E-18  
932360    2.71086E-15  3.28805E-15  3.91597E-15  
932361    1.73749E-22  1.94060E-22  2.15916E-22  
932370    4.15004E-08  4.60926E-08  5.07204E-08  
932380    4.01398E-12  4.43997E-12  4.86625E-12  
932390    7.35552E-08  7.32182E-08  7.28948E-08  
932400    3.08552E-14  3.05741E-14  3.03056E-14  
932401    6.63915E-15  6.57866E-15  6.52090E-15  
932410    1.24334E-21  1.22641E-21  1.21031E-21  
942360    2.57097E-20  3.17779E-20  3.86552E-20  
942370    4.16240E-16  3.93880E-16  4.05244E-16  
942380    4.13884E-10  5.04805E-10  6.05183E-10  
942390    1.31684E-05  1.43455E-05  1.54969E-05  
942400    4.33097E-07  5.16649E-07  6.06420E-07  
942410    1.36846E-08  1.78342E-08  2.26796E-08  
942420    1.56202E-10  2.24126E-10  3.11163E-10  
942430    7.47205E-16  1.06742E-15  1.47565E-15  
942440    1.94223E-18  3.15123E-18  4.89313E-18  
942450    0.00000E+00  1.39950E-24  2.16439E-24  
942460    0.00000E+00  0.00000E+00  0.00000E+00  
952400    9.92357E-20  1.42260E-19  1.97216E-19  
952410    3.04999E-10  4.38491E-10  6.09706E-10  
952420    4.37350E-14  6.26253E-14  8.67361E-14  
952421    4.79693E-13  7.48098E-13  1.11959E-12  
952430    3.50731E-13  5.57038E-13  8.47368E-13  
952440    4.79001E-19  7.57634E-19  1.14787E-18  
952441    3.08763E-19  4.88163E-19  7.39350E-19  
952450    7.58584E-24  1.19502E-23  1.80356E-23  
952461    0.00000E+00  0.00000E+00  0.00000E+00  
962400    0.00000E+00  1.14134E-24  1.89597E-24  
962410    9.89778E-21  1.54531E-20  2.30520E-20  
962420    3.40601E-12  5.19531E-12  7.60943E-12  
962430    1.46943E-15  2.46722E-15  3.94604E-15  
962440    1.39898E-15  2.44645E-15  4.06184E-15  
962450    1.02146E-18  1.95001E-18  3.51674E-18  
962460    2.40451E-21  5.03618E-21  9.88037E-21  
962470    0.00000E+00  0.00000E+00  0.00000E+00  
962480    0.00000E+00  0.00000E+00  0.00000E+00  
962490    0.00000E+00  0.00000E+00  0.00000E+00  
962500    0.00000E+00  0.00000E+00  0.00000E+00  
972450    0.00000E+00  0.00000E+00  0.00000E+00  
972460    0.00000E+00  0.00000E+00  0.00000E+00  
972470    0.00000E+00  0.00000E+00  0.00000E+00  
972480    0.00000E+00  0.00000E+00  0.00000E+00  
972490    0.00000E+00  0.00000E+00  0.00000E+00  
972500    0.00000E+00  0.00000E+00  0.00000E+00  
972510    0.00000E+00  0.00000E+00  0.00000E+00  
982460    0.00000E+00  0.00000E+00  0.00000E+00  
982470    0.00000E+00  0.00000E+00  0.00000E+00  
982480    0.00000E+00  0.00000E+00  0.00000E+00  
982490    0.00000E+00  0.00000E+00  0.00000E+00  
982500    0.00000E+00  0.00000E+00  0.00000E+00  
982510    0.00000E+00  0.00000E+00  0.00000E+00  
982520    0.00000E+00  0.00000E+00  0.00000E+00  
982530    0.00000E+00  0.00000E+00  0.00000E+00  
982540    0.00000E+00  0.00000E+00  0.00000E+00  
992510    0.00000E+00  0.00000E+00  0.00000E+00  
992520    0.00000E+00  0.00000E+00  0.00000E+00  
992530    0.00000E+00  0.00000E+00  0.00000E+00  
992540    0.00000E+00  0.00000E+00  0.00000E+00  
992541    0.00000E+00  0.00000E+00  0.00000E+00  
992550    0.00000E+00  0.00000E+00  0.00000E+00  
1002540   0.00000E+00  0.00000E+00  0.00000E+00  
1002550   0.00000E+00  0.00000E+00  0.00000E+00  
