TIME      74106057.061894379806522.9897323185506988.91757034
SYS BU    4.33333E-01  4.66667E-01  5.00000E-01  
CELL BU   4.33333E-01  4.66667E-01  5.00000E-01  
FLUX      6.26163E+12  6.23614E+12  6.21166E+12  
POW DENS  9.08389E+00  9.08389E+00  9.08389E+00  
POW       6.00000E-02  6.00000E-02  6.00000E-02  

10010     0.00000E+00  0.00000E+00  0.00000E+00  
10020     0.00000E+00  0.00000E+00  0.00000E+00  
10030     0.00000E+00  0.00000E+00  0.00000E+00  
20030     0.00000E+00  0.00000E+00  0.00000E+00  
20040     0.00000E+00  0.00000E+00  0.00000E+00  
30060     0.00000E+00  0.00000E+00  0.00000E+00  
30070     0.00000E+00  0.00000E+00  0.00000E+00  
40070     0.00000E+00  0.00000E+00  0.00000E+00  
40090     0.00000E+00  0.00000E+00  0.00000E+00  
40100     0.00000E+00  0.00000E+00  0.00000E+00  
50100     0.00000E+00  0.00000E+00  0.00000E+00  
50110     0.00000E+00  0.00000E+00  0.00000E+00  
60120     0.00000E+00  0.00000E+00  0.00000E+00  
60130     0.00000E+00  0.00000E+00  0.00000E+00  
60140     0.00000E+00  0.00000E+00  0.00000E+00  
70140     0.00000E+00  0.00000E+00  0.00000E+00  
70150     0.00000E+00  0.00000E+00  0.00000E+00  
80160     0.00000E+00  0.00000E+00  0.00000E+00  
80170     0.00000E+00  0.00000E+00  0.00000E+00  
80180     0.00000E+00  0.00000E+00  0.00000E+00  
90190     0.00000E+00  0.00000E+00  0.00000E+00  
100200    0.00000E+00  0.00000E+00  0.00000E+00  
100210    0.00000E+00  0.00000E+00  0.00000E+00  
100220    0.00000E+00  0.00000E+00  0.00000E+00  
110220    0.00000E+00  0.00000E+00  0.00000E+00  
110230    0.00000E+00  0.00000E+00  0.00000E+00  
120240    0.00000E+00  0.00000E+00  0.00000E+00  
120250    0.00000E+00  0.00000E+00  0.00000E+00  
120260    0.00000E+00  0.00000E+00  0.00000E+00  
130261    0.00000E+00  0.00000E+00  0.00000E+00  
130270    0.00000E+00  0.00000E+00  0.00000E+00  
140280    0.00000E+00  0.00000E+00  0.00000E+00  
140290    0.00000E+00  0.00000E+00  0.00000E+00  
140300    0.00000E+00  0.00000E+00  0.00000E+00  
140310    0.00000E+00  0.00000E+00  0.00000E+00  
140320    0.00000E+00  0.00000E+00  0.00000E+00  
150310    0.00000E+00  0.00000E+00  0.00000E+00  
150320    0.00000E+00  0.00000E+00  0.00000E+00  
160320    0.00000E+00  0.00000E+00  0.00000E+00  
160330    0.00000E+00  0.00000E+00  0.00000E+00  
160340    0.00000E+00  0.00000E+00  0.00000E+00  
160350    0.00000E+00  0.00000E+00  0.00000E+00  
160360    0.00000E+00  0.00000E+00  0.00000E+00  
170350    0.00000E+00  0.00000E+00  0.00000E+00  
170360    0.00000E+00  0.00000E+00  0.00000E+00  
170370    0.00000E+00  0.00000E+00  0.00000E+00  
180360    0.00000E+00  0.00000E+00  0.00000E+00  
180370    0.00000E+00  0.00000E+00  0.00000E+00  
180380    0.00000E+00  0.00000E+00  0.00000E+00  
180390    0.00000E+00  0.00000E+00  0.00000E+00  
180400    0.00000E+00  0.00000E+00  0.00000E+00  
180410    0.00000E+00  0.00000E+00  0.00000E+00  
190390    0.00000E+00  0.00000E+00  0.00000E+00  
190400    0.00000E+00  0.00000E+00  0.00000E+00  
190410    0.00000E+00  0.00000E+00  0.00000E+00  
200400    0.00000E+00  0.00000E+00  0.00000E+00  
200410    0.00000E+00  0.00000E+00  0.00000E+00  
200420    0.00000E+00  0.00000E+00  0.00000E+00  
200430    0.00000E+00  0.00000E+00  0.00000E+00  
200440    0.00000E+00  0.00000E+00  0.00000E+00  
200450    0.00000E+00  0.00000E+00  0.00000E+00  
200460    0.00000E+00  0.00000E+00  0.00000E+00  
200470    0.00000E+00  0.00000E+00  0.00000E+00  
200480    0.00000E+00  0.00000E+00  0.00000E+00  
210450    0.00000E+00  0.00000E+00  0.00000E+00  
210451    0.00000E+00  0.00000E+00  0.00000E+00  
210470    0.00000E+00  0.00000E+00  0.00000E+00  
210480    0.00000E+00  0.00000E+00  0.00000E+00  
220460    0.00000E+00  0.00000E+00  0.00000E+00  
220470    0.00000E+00  0.00000E+00  0.00000E+00  
220480    0.00000E+00  0.00000E+00  0.00000E+00  
220490    0.00000E+00  0.00000E+00  0.00000E+00  
220500    0.00000E+00  0.00000E+00  0.00000E+00  
220660    0.00000E+00  0.00000E+00  0.00000E+00  
230490    0.00000E+00  0.00000E+00  0.00000E+00  
230500    0.00000E+00  0.00000E+00  0.00000E+00  
230510    0.00000E+00  0.00000E+00  0.00000E+00  
230660    1.75097E-20  1.88608E-20  2.02066E-20  
230670    3.39814E-22  3.66037E-22  3.92155E-22  
230680    1.60551E-23  1.76632E-23  1.92649E-23  
230690    0.00000E+00  0.00000E+00  0.00000E+00  
240500    0.00000E+00  0.00000E+00  0.00000E+00  
240510    0.00000E+00  0.00000E+00  0.00000E+00  
240520    0.00000E+00  0.00000E+00  0.00000E+00  
240530    0.00000E+00  0.00000E+00  0.00000E+00  
240540    0.00000E+00  0.00000E+00  0.00000E+00  
240660    0.00000E+00  0.00000E+00  0.00000E+00  
240670    0.00000E+00  0.00000E+00  0.00000E+00  
240680    5.52874E-19  5.95538E-19  6.38032E-19  
240690    8.50957E-20  9.16622E-20  9.82027E-20  
240710    1.09650E-23  1.20633E-23  1.31572E-23  
250540    0.00000E+00  0.00000E+00  0.00000E+00  
250550    0.00000E+00  0.00000E+00  0.00000E+00  
250660    3.32069E-24  3.30704E-24  3.29391E-24  
250670    3.13074E-24  3.11758E-24  3.10493E-24  
250680    0.00000E+00  0.00000E+00  0.00000E+00  
250690    0.00000E+00  0.00000E+00  0.00000E+00  
250700    5.49199E-18  5.91579E-18  6.33791E-18  
250710    2.73965E-19  2.95106E-19  3.16163E-19  
250720    2.52336E-21  2.71830E-21  2.91254E-21  
250730    4.94724E-22  5.32836E-22  5.70792E-22  
250740    1.58758E-23  1.74660E-23  1.90499E-23  
260540    0.00000E+00  0.00000E+00  0.00000E+00  
260550    0.00000E+00  0.00000E+00  0.00000E+00  
260560    0.00000E+00  0.00000E+00  0.00000E+00  
260570    0.00000E+00  0.00000E+00  0.00000E+00  
260580    0.00000E+00  0.00000E+00  0.00000E+00  
260660    3.14189E-22  3.13125E-22  3.12103E-22  
260670    8.71667E-22  8.67847E-22  8.64169E-22  
260680    2.21993E-22  2.21039E-22  2.20120E-22  
260690    4.28881E-23  4.27100E-23  4.25386E-23  
260700    9.03765E-24  9.00091E-24  8.96556E-24  
260710    0.00000E+00  0.00000E+00  0.00000E+00  
260720    0.00000E+00  0.00000E+00  0.00000E+00  
260730    1.28355E-17  1.38204E-17  1.48010E-17  
260740    5.46725E-19  5.88915E-19  6.30938E-19  
260750    1.05483E-20  1.13522E-20  1.21523E-20  
260770    3.86185E-22  4.15986E-22  4.45668E-22  
270580    0.00000E+00  0.00000E+00  0.00000E+00  
270581    0.00000E+00  0.00000E+00  0.00000E+00  
270590    0.00000E+00  0.00000E+00  0.00000E+00  
270660    2.32939E-22  2.32716E-22  2.32508E-22  
270670    2.42523E-21  2.41610E-21  2.40731E-21  
270680    1.20462E-21  1.20074E-21  1.19702E-21  
270690    1.22013E-21  1.21714E-21  1.21429E-21  
270700    3.97266E-22  3.96574E-22  3.95915E-22  
270710    1.28295E-22  1.27895E-22  1.27511E-22  
270720    3.13809E-23  3.12716E-23  3.11661E-23  
270730    1.09441E-23  1.08928E-23  1.08432E-23  
270740    1.08750E-24  1.08221E-24  1.07711E-24  
270750    0.00000E+00  0.00000E+00  0.00000E+00  
270760    1.79820E-17  1.93461E-17  2.07033E-17  
270770    7.55520E-18  8.13770E-18  8.71787E-18  
270780    8.08548E-20  8.70509E-20  9.32196E-20  
270790    1.71723E-20  1.84975E-20  1.98174E-20  
280580    0.00000E+00  0.00000E+00  0.00000E+00  
280590    0.00000E+00  0.00000E+00  0.00000E+00  
280600    0.00000E+00  0.00000E+00  0.00000E+00  
280610    0.00000E+00  0.00000E+00  0.00000E+00  
280620    0.00000E+00  0.00000E+00  0.00000E+00  
280630    3.05901E-21  3.55344E-21  4.08326E-21  
280640    4.93067E-20  5.72441E-20  6.57403E-20  
280660    2.42796E-16  2.42922E-16  2.43052E-16  
280670    1.38352E-19  1.37945E-19  1.37554E-19  
280680    2.83648E-19  2.83467E-19  2.83300E-19  
280690    1.73582E-19  1.74076E-19  1.74562E-19  
280700    1.44355E-19  1.45281E-19  1.46184E-19  
280710    6.93105E-20  6.94507E-20  6.95883E-20  
280720    5.71011E-20  5.70861E-20  5.70716E-20  
280730    3.02377E-20  3.01051E-20  2.99765E-20  
280740    1.39740E-20  1.38933E-20  1.38149E-20  
280750    4.10601E-21  4.07876E-21  4.05228E-21  
280760    5.04422E-22  5.00644E-22  4.96972E-22  
280770    2.14595E-23  2.13204E-23  2.11854E-23  
280780    6.03754E-24  6.00430E-24  5.97216E-24  
280790    4.20441E-16  4.52892E-16  4.85216E-16  
280800    6.90015E-18  7.43103E-18  7.95971E-18  
280810    2.01309E-19  2.16843E-19  2.32316E-19  
290630    1.37610E-23  1.78471E-23  2.25667E-23  
290640    0.00000E+00  0.00000E+00  0.00000E+00  
290650    1.63773E-22  2.00176E-22  2.41511E-22  
290660    3.79691E-19  3.79899E-19  3.80115E-19  
290670    1.46956E-15  1.46534E-15  1.46129E-15  
290680    3.08381E-19  3.08309E-19  3.08249E-19  
290681    2.42118E-20  2.49061E-20  2.55815E-20  
290690    2.85064E-18  2.86564E-18  2.88030E-18  
290700    1.26733E-18  1.28061E-18  1.29354E-18  
290701    1.81194E-19  1.87037E-19  1.92720E-19  
290710    1.01496E-18  1.02596E-18  1.03668E-18  
290720    7.31568E-19  7.38964E-19  7.46153E-19  
290730    1.07713E-18  1.07872E-18  1.08028E-18  
290740    5.43266E-19  5.42438E-19  5.41632E-19  
290750    4.87149E-19  4.84758E-19  4.82432E-19  
290760    2.02028E-19  2.00630E-19  1.99269E-19  
290770    8.47506E-20  8.41325E-20  8.35317E-20  
290780    1.88180E-20  1.86898E-20  1.85654E-20  
290790    1.36437E-21  1.35945E-21  1.35472E-21  
290800    1.46375E-22  1.45663E-22  1.44976E-22  
290810    3.87866E-15  4.17822E-15  4.47663E-15  
290820    3.34398E-16  3.60055E-16  3.85602E-16  
290830    4.84773E-18  5.22108E-18  5.59290E-18  
290840    3.05151E-19  3.28698E-19  3.52152E-19  
300640    0.00000E+00  0.00000E+00  0.00000E+00  
300650    1.80905E-22  2.07421E-22  2.33547E-22  
300660    6.12683E-14  6.61440E-14  7.10228E-14  
300670    3.34663E-13  3.60639E-13  3.86542E-13  
300680    4.97898E-13  5.37092E-13  5.76284E-13  
300690    5.65739E-17  5.68797E-17  5.71783E-17  
300691    1.87275E-18  1.97367E-18  2.07178E-18  
300700    1.46573E-12  1.59340E-12  1.72278E-12  
300710    7.79392E-18  7.88283E-18  7.96944E-18  
300711    5.92972E-17  6.17802E-17  6.41955E-17  
300720    2.65926E-14  2.70350E-14  2.74650E-14  
300730    1.16984E-17  1.17874E-17  1.18740E-17  
300740    1.32340E-16  1.32796E-16  1.33239E-16  
300750    3.39987E-17  3.39438E-17  3.38902E-17  
300760    3.97208E-17  3.95317E-17  3.93475E-17  
300770    2.36287E-17  2.34651E-17  2.33060E-17  
300780    1.89972E-17  1.88515E-17  1.87097E-17  
300790    6.30217E-18  6.25296E-18  6.20510E-18  
300800    5.80712E-19  5.76695E-19  5.72793E-19  
300810    2.66363E-20  2.65630E-20  2.64929E-20  
300820    3.04804E-21  3.02638E-21  3.00537E-21  
300830    1.06463E-22  1.05987E-22  1.05529E-22  
300840    2.31091E-13  2.47689E-13  2.64142E-13  
300850    6.47155E-17  6.96957E-17  7.46554E-17  
300860    4.62037E-17  4.95385E-17  5.28450E-17  
300870    2.17301E-19  2.34070E-19  2.50772E-19  
310660    0.00000E+00  0.00000E+00  0.00000E+00  
310670    0.00000E+00  0.00000E+00  0.00000E+00  
310680    5.10664E-24  5.44397E-24  5.77441E-24  
310690    8.07127E-13  8.73209E-13  9.39645E-13  
310700    1.14730E-20  1.22860E-20  1.30906E-20  
310710    2.61822E-12  2.84534E-12  3.07551E-12  
310720    8.12730E-15  8.26520E-15  8.39922E-15  
310721    2.47921E-22  2.53047E-22  2.58030E-22  
310730    8.96441E-15  9.04146E-15  9.11633E-15  
310740    7.20627E-16  7.24318E-16  7.27901E-16  
310741    5.14700E-19  5.29899E-19  5.44668E-19  
310750    5.36812E-16  5.37552E-16  5.38266E-16  
310760    3.65886E-16  3.65240E-16  3.64608E-16  
310770    3.57737E-16  3.56511E-16  3.55317E-16  
310780    2.61386E-16  2.60084E-16  2.58817E-16  
310790    2.00322E-16  1.99107E-16  1.97926E-16  
310800    7.60480E-17  7.55925E-17  7.51494E-17  
310810    3.85186E-17  3.82514E-17  3.79916E-17  
310820    1.42330E-17  1.41154E-17  1.40009E-17  
310830    4.95008E-19  4.92207E-19  4.89497E-19  
310840    3.15594E-18  3.12718E-18  3.09920E-18  
310850    1.29874E-12  1.39839E-12  1.49761E-12  
310860    3.21326E-21  3.18409E-21  3.15570E-21  
310870    8.82852E-15  9.48412E-15  1.01355E-14  
310880    1.00172E-16  1.07454E-16  1.14679E-16  
310890    1.99730E-18  2.15142E-18  2.30494E-18  
320680    0.00000E+00  0.00000E+00  0.00000E+00  
320690    0.00000E+00  0.00000E+00  0.00000E+00  
320700    2.38299E-16  2.75083E-16  3.14374E-16  
320710    9.55606E-20  1.01861E-19  1.08020E-19  
320711    0.00000E+00  0.00000E+00  0.00000E+00  
320720    7.13284E-12  7.76969E-12  8.41716E-12  
320730    2.45000E-11  2.65260E-11  2.85691E-11  
320731    2.51914E-19  2.54080E-19  2.56185E-19  
320740    7.35650E-11  7.94832E-11  8.54336E-11  
320750    2.13896E-14  2.14269E-14  2.14629E-14  
320751    9.38568E-18  9.46340E-18  9.53888E-18  
320760    6.13635E-10  6.60540E-10  7.07415E-10  
320770    1.23247E-12  1.23079E-12  1.22915E-12  
320771    2.45665E-17  2.49636E-17  2.53493E-17  
320780    4.24756E-13  4.24121E-13  4.23501E-13  
320790    2.19976E-15  2.19361E-15  2.18763E-15  
320791    1.97205E-15  1.97430E-15  1.97647E-15  
320800    1.22773E-14  1.22248E-14  1.21737E-14  
320810    3.61435E-15  3.59625E-15  3.57863E-15  
320811    9.97705E-17  9.90784E-17  9.84053E-17  
320820    2.21083E-15  2.19557E-15  2.18074E-15  
320830    3.54947E-16  3.52472E-16  3.50065E-16  
320840    1.10619E-16  1.09767E-16  1.08940E-16  
320850    7.50333E-18  7.45526E-18  7.40868E-18  
320860    1.99379E-16  1.97557E-16  1.95784E-16  
320870    1.03835E-18  1.02893E-18  1.01976E-18  
320880    1.21119E-20  1.20045E-20  1.19001E-20  
320890    3.79212E-23  3.77633E-23  3.76116E-23  
320900    8.38287E-17  9.02571E-17  9.66629E-17  
320910    1.19681E-17  1.28854E-17  1.37987E-17  
320920    1.14134E-18  1.22942E-18  1.31714E-18  
330710    0.00000E+00  0.00000E+00  0.00000E+00  
330720    7.25955E-23  7.71402E-23  8.15567E-23  
330730    4.13377E-19  4.43233E-19  4.72586E-19  
330740    1.62591E-18  1.73162E-18  1.83441E-18  
330741    6.35055E-17  7.27173E-17  8.24693E-17  
330750    2.17811E-10  2.34789E-10  2.51796E-10  
330760    7.45224E-16  7.93107E-16  8.40427E-16  
330770    4.29575E-12  4.29124E-12  4.28682E-12  
330780    4.42701E-13  4.42183E-13  4.41677E-13  
330790    9.57750E-14  9.57136E-14  9.56533E-14  
330800    7.25646E-15  7.23734E-15  7.21869E-15  
330810    2.47611E-14  2.47171E-14  2.46741E-14  
330820    1.81656E-14  1.80579E-14  1.79531E-14  
330821    1.71489E-15  1.72596E-15  1.73672E-15  
330830    1.70747E-14  1.69805E-14  1.68888E-14  
330840    2.06858E-15  2.05592E-15  2.04361E-15  
330841    2.06932E-08  2.22203E-08  2.37390E-08  
330850    1.04447E-15  1.03693E-15  1.02959E-15  
330860    1.99762E-15  1.97982E-15  1.96250E-15  
330870    1.05459E-16  1.04553E-16  1.03672E-16  
330880    4.69166E-17  4.64903E-17  4.60756E-17  
330890    7.99139E-20  7.94421E-20  7.89855E-20  
330900    1.40883E-21  1.40205E-21  1.39551E-21  
330910    2.51508E-13  2.70680E-13  2.89762E-13  
330920    2.03361E-14  2.19050E-14  2.34678E-14  
330930    3.40617E-17  3.66617E-17  3.92496E-17  
330940    2.98173E-18  3.21182E-18  3.44100E-18  
340730    0.00000E+00  0.00000E+00  0.00000E+00  
340731    0.00000E+00  0.00000E+00  0.00000E+00  
340740    9.62020E-18  1.10796E-17  1.26289E-17  
340750    3.77784E-19  4.09147E-19  4.40162E-19  
340760    2.23315E-13  2.55320E-13  2.89296E-13  
340770    1.57904E-09  1.69962E-09  1.82004E-09  
340771    1.77818E-18  1.77647E-18  1.77480E-18  
340780    4.20885E-09  4.53000E-09  4.85084E-09  
340790    9.09519E-09  9.78982E-09  1.04838E-08  
340791    4.06883E-14  4.06625E-14  4.06372E-14  
340800    2.51161E-08  2.70126E-08  2.89049E-08  
340810    8.65306E-13  8.64368E-13  8.63451E-13  
340811    2.05589E-13  2.06839E-13  2.08053E-13  
340820    6.50009E-08  6.98972E-08  7.47807E-08  
340830    2.42698E-12  2.41641E-12  2.40611E-12  
340831    9.16275E-15  9.16738E-15  9.17182E-15  
340840    5.46310E-13  5.43814E-13  5.41385E-13  
340850    5.88468E-14  5.85513E-14  5.82637E-14  
340851    8.71763E-08  9.36355E-08  1.00064E-07  
340860    6.42399E-14  6.38140E-14  6.33997E-14  
340870    1.55226E-14  1.54123E-14  1.53050E-14  
340880    1.97665E-15  1.96180E-15  1.94737E-15  
340890    1.00513E-16  9.98328E-17  9.91722E-17  
340900    1.10590E-17  1.09857E-17  1.09146E-17  
340910    1.82818E-18  1.81767E-18  1.80751E-18  
340920    5.75646E-20  5.72701E-20  5.69859E-20  
340930    1.38111E-21  1.37385E-21  1.36684E-21  
340940    1.01223E-22  1.01212E-22  1.01206E-22  
340950    8.60813E-17  9.27285E-17  9.93547E-17  
340960    3.28847E-17  3.54137E-17  3.79325E-17  
340970    4.62269E-19  4.97941E-19  5.33471E-19  
350750    0.00000E+00  0.00000E+00  0.00000E+00  
350770    3.17732E-21  3.37675E-21  3.57055E-21  
350771    3.07127E-24  3.26309E-24  3.44950E-24  
350780    6.21404E-22  6.59785E-22  6.97087E-22  
350790    5.01055E-12  5.39615E-12  5.78182E-12  
350791    4.54030E-22  4.81179E-22  5.07563E-22  
350800    1.49216E-18  1.55015E-18  1.60689E-18  
350801    1.48555E-17  1.53683E-17  1.58678E-17  
350810    4.03897E-08  4.34687E-08  4.65445E-08  
350820    1.71851E-13  1.81627E-13  1.91238E-13  
350821    2.82182E-16  3.00192E-16  3.17990E-16  
350830    1.74345E-11  1.73660E-11  1.72993E-11  
350840    5.46566E-12  5.44179E-12  5.41857E-12  
350841    2.85984E-14  2.89286E-14  2.92493E-14  
350850    4.73246E-13  4.71131E-13  4.69072E-13  
350860    2.95351E-13  2.93630E-13  2.91955E-13  
350861    4.55801E-08  4.90382E-08  5.24907E-08  
350870    4.16225E-13  4.13827E-13  4.11493E-13  
350880    1.03429E-13  1.02793E-13  1.02174E-13  
350890    1.86916E-14  1.85831E-14  1.84777E-14  
350900    4.48629E-15  4.46266E-15  4.43969E-15  
350910    5.11821E-16  5.08024E-16  5.04334E-16  
350920    5.06580E-17  5.03229E-17  4.99979E-17  
350930    2.60297E-18  2.60817E-18  2.61328E-18  
350940    2.61949E-19  2.66628E-19  2.71181E-19  
350950    2.40754E-21  2.39719E-21  2.38723E-21  
350960    6.37651E-22  6.34503E-22  6.31457E-22  
350970    9.96289E-15  1.08019E-14  1.16471E-14  
350980    2.66048E-15  2.85173E-15  3.04131E-15  
350990    9.76191E-18  1.05152E-17  1.12655E-17  
351000    1.70251E-19  1.83389E-19  1.96475E-19  
360770    0.00000E+00  0.00000E+00  0.00000E+00  
360780    0.00000E+00  0.00000E+00  0.00000E+00  
360790    1.15704E-21  1.22959E-21  1.30010E-21  
360791    0.00000E+00  0.00000E+00  0.00000E+00  
360800    4.75457E-14  5.27308E-14  5.81115E-14  
360810    3.30160E-15  3.77492E-15  4.27578E-15  
360811    2.04219E-22  2.16871E-22  2.29217E-22  
360820    4.16965E-11  4.72597E-11  5.31281E-11  
360830    1.05225E-07  1.12991E-07  1.20714E-07  
360831    1.32908E-11  1.32385E-11  1.31877E-11  
360840    1.56721E-07  1.68506E-07  1.80260E-07  
360850    3.34031E-08  3.56755E-08  3.79097E-08  
360851    4.41298E-11  4.39324E-11  4.37402E-11  
360860    3.03916E-07  3.26311E-07  3.48583E-07  
360870    4.10786E-11  4.08600E-11  4.06472E-11  
360880    1.24236E-10  1.23544E-10  1.22871E-10  
360890    2.98769E-12  2.96987E-12  2.95254E-12  
360900    5.61770E-13  5.58128E-13  5.54585E-13  
360910    1.06585E-13  1.05855E-13  1.05145E-13  
360920    1.17962E-14  1.17139E-14  1.16340E-14  
360930    2.59316E-15  2.57478E-15  2.55691E-15  
360940    1.01343E-16  1.00766E-16  1.00206E-16  
360950    6.28326E-18  6.24791E-18  6.21370E-18  
360960    1.10607E-17  1.09849E-17  1.09112E-17  
360970    6.61251E-20  6.89958E-20  7.17860E-20  
360980    2.53471E-19  2.51169E-19  2.48929E-19  
360990    1.26661E-22  1.26143E-22  1.25646E-22  
361000    2.74730E-23  2.72250E-23  2.69836E-23  
361010    3.52083E-17  3.78835E-17  4.05454E-17  
361020    3.61713E-18  3.89626E-18  4.17427E-18  
370790    0.00000E+00  0.00000E+00  0.00000E+00  
370810    5.29909E-23  5.63021E-23  5.95198E-23  
370830    1.59790E-16  1.71012E-16  1.82039E-16  
370840    2.33143E-16  2.51261E-16  2.67411E-16  
370850    1.16886E-07  1.25780E-07  1.34663E-07  
370860    6.65605E-13  7.11191E-13  7.55890E-13  
370861    5.64095E-18  5.96649E-18  6.28638E-18  
370870    4.78569E-07  5.13917E-07  5.49083E-07  
370880    1.30671E-11  1.29960E-11  1.29269E-11  
370890    1.51183E-11  1.50337E-11  1.49514E-11  
370900    2.49404E-12  2.47846E-12  2.46330E-12  
370901    1.27360E-12  1.26882E-12  1.26416E-12  
370910    1.20743E-12  1.20084E-12  1.19442E-12  
370920    8.07281E-14  8.03053E-14  7.98940E-14  
370930    7.87258E-14  7.83171E-14  7.79196E-14  
370940    1.79547E-14  1.78681E-14  1.77839E-14  
370950    1.20523E-15  1.20057E-15  1.19603E-15  
370960    2.02273E-16  2.01049E-16  1.99862E-16  
370970    2.56246E-17  2.54490E-17  2.52783E-17  
370980    3.81343E-18  3.79303E-18  3.77330E-18  
370990    2.30731E-19  2.29806E-19  2.28917E-19  
371000    5.92973E-18  5.87560E-18  5.82293E-18  
371010    5.02361E-22  4.99476E-22  4.96686E-22  
371020    4.67971E-23  4.66045E-23  4.64195E-23  
371030    8.17872E-17  8.81393E-17  9.44736E-17  
371040    9.39645E-18  1.01216E-17  1.08438E-17  
371050    2.09225E-18  2.25370E-18  2.41451E-18  
371060    0.00000E+00  0.00000E+00  0.00000E+00  
380830    6.35959E-23  6.75795E-23  7.14508E-23  
380840    8.79727E-17  1.01569E-16  1.16111E-16  
380850    2.66553E-17  2.84065E-17  3.01314E-17  
380851    1.13281E-20  1.19977E-20  1.26484E-20  
380860    1.11607E-11  1.28514E-11  1.46527E-11  
380870    6.40255E-13  7.16585E-13  7.96299E-13  
380871    3.63147E-17  3.79988E-17  3.96389E-17  
380880    6.53291E-07  7.01481E-07  7.49416E-07  
380890    7.32276E-08  7.28166E-08  7.24150E-08  
380900    1.08320E-06  1.16044E-06  1.23691E-06  
380910    7.52146E-10  7.48362E-10  7.44680E-10  
380920    2.15257E-10  2.14313E-10  2.13394E-10  
380930    1.02474E-11  1.02097E-11  1.01730E-11  
380940    1.71280E-12  1.70667E-12  1.70070E-12  
380950    4.79254E-13  4.77450E-13  4.75696E-13  
380960    1.56513E-14  1.55827E-14  1.55160E-14  
380970    2.96736E-15  2.95334E-15  2.93973E-15  
380980    2.23860E-15  2.22729E-15  2.21631E-15  
380990    1.89428E-16  1.88371E-16  1.87348E-16  
381000    3.68668E-17  3.66518E-17  3.64435E-17  
381010    3.15209E-18  3.13138E-18  3.11130E-18  
381020    1.44857E-19  1.44082E-19  1.43333E-19  
381030    3.01177E-21  3.00031E-21  2.98929E-21  
381040    2.29192E-22  2.28171E-22  2.27188E-22  
381050    5.58494E-23  5.56210E-23  5.54015E-23  
381060    1.03108E-21  1.35610E-21  1.74842E-21  
381070    0.00000E+00  0.00000E+00  0.00000E+00  
381080    0.00000E+00  0.00000E+00  0.00000E+00  
381090    0.00000E+00  0.00000E+00  0.00000E+00  
390850    0.00000E+00  0.00000E+00  0.00000E+00  
390870    3.97239E-19  4.21532E-19  4.45140E-19  
390871    0.00000E+00  0.00000E+00  0.00000E+00  
390880    2.34639E-15  2.64517E-15  2.91601E-15  
390890    8.17949E-07  8.84008E-07  9.49700E-07  
390891    2.53870E-17  2.52480E-17  2.51122E-17  
390900    2.74059E-10  2.93699E-10  3.13140E-10  
390901    7.31360E-16  7.65248E-16  7.98226E-16  
390910    1.10206E-07  1.09652E-07  1.09108E-07  
390911    3.80761E-11  3.78847E-11  3.76984E-11  
390920    2.84500E-10  2.83255E-10  2.82044E-10  
390930    8.59528E-10  8.56493E-10  8.53538E-10  
390931    6.61331E-15  6.59039E-15  6.56808E-15  
390940    2.73465E-11  2.72641E-11  2.71839E-11  
390950    1.51934E-11  1.51564E-11  1.51203E-11  
390960    8.28273E-14  8.24874E-14  8.21568E-14  
390961    7.65133E-14  7.65495E-14  7.65843E-14  
390970    4.54778E-14  4.53532E-14  4.52321E-14  
390971    8.50452E-15  8.49250E-15  8.48081E-15  
390980    4.40421E-15  4.39471E-15  4.38549E-15  
390981    9.23421E-15  9.23410E-15  9.23400E-15  
390990    1.29233E-14  1.28877E-14  1.28532E-14  
391000    2.16486E-15  2.15684E-15  2.14906E-15  
391010    6.05967E-16  6.02564E-16  5.99263E-16  
391020    3.69082E-16  3.66019E-16  3.63042E-16  
391030    9.48599E-18  9.44483E-18  9.40520E-18  
391040    1.05647E-18  1.05086E-18  1.04544E-18  
391050    7.75697E-20  7.72691E-20  7.69804E-20  
391060    0.00000E+00  0.00000E+00  0.00000E+00  
391070    0.00000E+00  0.00000E+00  0.00000E+00  
391080    0.00000E+00  0.00000E+00  0.00000E+00  
391090    8.15238E-19  8.73664E-19  9.31571E-19  
391100    1.44578E-20  1.54942E-20  1.65215E-20  
391110    1.71479E-19  1.84712E-19  1.97892E-19  
400870    0.00000E+00  0.00000E+00  0.00000E+00  
400880    1.45195E-20  1.55758E-20  1.66138E-20  
400890    1.78366E-18  2.04772E-18  2.32813E-18  
400891    0.00000E+00  0.00000E+00  0.00000E+00  
400900    3.11310E-08  3.59996E-08  4.12033E-08  
400901    1.29431E-23  1.36960E-23  1.44278E-23  
400910    1.04207E-06  1.12796E-06  1.21342E-06  
400920    1.18264E-06  1.27065E-06  1.35828E-06  
400930    1.23217E-06  1.32447E-06  1.41646E-06  
400940    1.28085E-06  1.37715E-06  1.47318E-06  
400950    1.38896E-07  1.38568E-07  1.38245E-07  
400960    1.29395E-06  1.39188E-06  1.48960E-06  
400970    1.43513E-09  1.43332E-09  1.43156E-09  
400980    6.92311E-13  6.92002E-13  6.91701E-13  
400990    4.77306E-14  4.76818E-14  4.76344E-14  
401000    1.60277E-13  1.60104E-13  1.59936E-13  
401010    2.91846E-14  2.91220E-14  2.90612E-14  
401020    2.46020E-14  2.45145E-14  2.44295E-14  
401030    3.18295E-15  3.16834E-15  3.15419E-15  
401040    6.66940E-16  6.64883E-16  6.62903E-16  
401050    2.64574E-16  2.62445E-16  2.60375E-16  
401060    7.33422E-20  7.47882E-20  7.62250E-20  
401070    1.79393E-21  1.85484E-21  1.91437E-21  
401080    3.47421E-23  3.58387E-23  3.69193E-23  
401090    1.56202E-22  1.54812E-22  1.53461E-22  
401100    3.04197E-24  3.01427E-24  2.98732E-24  
401110    4.19776E-15  4.52168E-15  4.84432E-15  
401120    1.30864E-18  1.40953E-18  1.51002E-18  
401130    9.69481E-20  1.04429E-19  1.11881E-19  
401140    4.76136E-21  5.12878E-21  5.49474E-21  
410890    0.00000E+00  0.00000E+00  0.00000E+00  
410900    0.00000E+00  0.00000E+00  0.00000E+00  
410910    1.06024E-18  1.21667E-18  1.38243E-18  
410911    0.00000E+00  0.00000E+00  0.00000E+00  
410920    9.75509E-17  1.11636E-16  1.26543E-16  
410930    4.39243E-14  5.26140E-14  6.23183E-14  
410931    6.24377E-13  7.21355E-13  8.24918E-13  
410940    2.65043E-13  3.00147E-13  3.37062E-13  
410941    1.30340E-18  1.37575E-18  1.44606E-18  
410950    7.59711E-08  7.57932E-08  7.56161E-08  
410951    8.46421E-11  8.44435E-11  8.42478E-11  
410960    4.33365E-13  4.40194E-13  4.46857E-13  
410970    1.03318E-10  1.03197E-10  1.03079E-10  
410971    1.32883E-12  1.32717E-12  1.32556E-12  
410980    6.57802E-14  6.57526E-14  6.57256E-14  
410981    4.60859E-13  4.61271E-13  4.61667E-13  
410990    2.22845E-13  2.22643E-13  2.22447E-13  
410991    1.49802E-12  1.49880E-12  1.49954E-12  
411000    3.60226E-14  3.60045E-14  3.59869E-14  
411001    4.30804E-15  4.34489E-15  4.38070E-15  
411010    1.48229E-13  1.48340E-13  1.48448E-13  
411020    5.18342E-14  5.17932E-14  5.17537E-14  
411021    4.64232E-15  4.66916E-15  4.69528E-15  
411030    1.37762E-14  1.38106E-14  1.38441E-14  
411040    1.04339E-14  1.04611E-14  1.04879E-14  
411041    1.47921E-15  1.48605E-15  1.49273E-15  
411050    4.63724E-15  4.65263E-15  4.66773E-15  
411060    1.98446E-16  1.98485E-16  1.98539E-16  
411070    1.42473E-17  1.42737E-17  1.43005E-17  
411080    9.55911E-19  9.57635E-19  9.59389E-19  
411090    3.76988E-19  3.73911E-19  3.70922E-19  
411100    1.32502E-20  1.31522E-20  1.30571E-20  
411110    5.77612E-21  5.75231E-21  5.72943E-21  
411120    3.16297E-23  3.14971E-23  3.13695E-23  
411130    1.09798E-24  1.09348E-24  1.08915E-24  
411140    8.48486E-17  9.14158E-17  9.79597E-17  
411150    9.67954E-20  1.04272E-19  1.11722E-19  
411160    5.67522E-21  6.11319E-21  6.54945E-21  
420910    0.00000E+00  0.00000E+00  0.00000E+00  
420920    0.00000E+00  0.00000E+00  0.00000E+00  
420930    3.18693E-18  3.63544E-18  4.12044E-18  
420931    6.61524E-23  7.02869E-23  7.43047E-23  
420940    9.08313E-14  1.07777E-13  1.26117E-13  
420950    1.09105E-06  1.19007E-06  1.28885E-06  
420960    1.34890E-09  1.58025E-09  1.82931E-09  
420970    1.23223E-06  1.32632E-06  1.42030E-06  
420980    1.18939E-06  1.28070E-06  1.37197E-06  
420990    5.89036E-09  5.88841E-09  5.88650E-09  
421000    1.31856E-06  1.42016E-06  1.52177E-06  
421010    1.89052E-11  1.89176E-11  1.89297E-11  
421020    1.26402E-11  1.26693E-11  1.26977E-11  
421030    9.80790E-13  9.87766E-13  9.94554E-13  
421040    5.84891E-13  5.91149E-13  5.97240E-13  
421050    2.10643E-13  2.13736E-13  2.16747E-13  
421060    2.51319E-14  2.55826E-14  2.60218E-14  
421070    3.59178E-15  3.63648E-15  3.68016E-15  
421080    3.59689E-16  3.65173E-16  3.70528E-16  
421090    5.12865E-17  5.10452E-17  5.08131E-17  
421100    8.41027E-18  8.35622E-18  8.30385E-18  
421110    9.83700E-19  9.78901E-19  9.74272E-19  
421120    1.64865E-19  1.64143E-19  1.63447E-19  
421130    4.10449E-21  4.08746E-21  4.07109E-21  
421140    1.81462E-22  1.82076E-22  1.82681E-22  
421150    4.28819E-24  4.27291E-24  4.25853E-24  
421160    1.50717E-16  1.62360E-16  1.73958E-16  
421170    3.17246E-19  3.41708E-19  3.66072E-19  
421180    5.18791E-20  5.58825E-20  5.98700E-20  
430950    0.00000E+00  0.00000E+00  0.00000E+00  
430951    0.00000E+00  0.00000E+00  0.00000E+00  
430970    1.60588E-16  1.84510E-16  2.10013E-16  
430971    1.34583E-17  1.44354E-17  1.53952E-17  
430980    2.23838E-13  2.45351E-13  2.67440E-13  
430990    1.26439E-06  1.36175E-06  1.45905E-06  
430991    4.71307E-10  4.71150E-10  4.70998E-10  
431000    1.66066E-15  1.78121E-15  1.90095E-15  
431010    1.83801E-11  1.83925E-11  1.84045E-11  
431020    9.86890E-14  9.89195E-14  9.91438E-14  
431021    1.24596E-14  1.26419E-14  1.28190E-14  
431030    8.08889E-13  8.14758E-13  8.20469E-13  
431040    1.13274E-11  1.14564E-11  1.15819E-11  
431050    3.12296E-12  3.18331E-12  3.24203E-12  
431060    1.36530E-13  1.40261E-13  1.43892E-13  
431070    4.19000E-14  4.32996E-14  4.46625E-14  
431080    3.74519E-15  3.86440E-15  3.98067E-15  
431090    3.03181E-16  3.12767E-16  3.22114E-16  
431100    9.66603E-17  9.72277E-17  9.77864E-17  
431110    9.69159E-18  9.69192E-18  9.69268E-18  
431120    2.46915E-18  2.46132E-18  2.45380E-18  
431130    3.82444E-19  3.80910E-19  3.79434E-19  
431140    7.29842E-20  7.39170E-20  7.48259E-20  
431150    3.05676E-21  3.04984E-21  3.04349E-21  
431160    5.28898E-22  5.27185E-22  5.25551E-22  
431170    4.85288E-24  4.83320E-24  4.81433E-24  
431180    1.19288E-24  1.18800E-24  1.18332E-24  
431190    2.51413E-18  2.70827E-18  2.90166E-18  
431200    8.79172E-20  9.47015E-20  1.01459E-19  
431210    6.16593E-21  6.64173E-21  7.11565E-21  
440960    0.00000E+00  0.00000E+00  0.00000E+00  
440970    1.82548E-24  1.97501E-24  2.12585E-24  
440980    7.14533E-18  8.32941E-18  9.60687E-18  
440990    4.60085E-11  4.99589E-11  5.39655E-11  
441000    2.80053E-09  3.23937E-09  3.70886E-09  
441010    1.09803E-06  1.18299E-06  1.26800E-06  
441020    9.42847E-07  1.01695E-06  1.09124E-06  
441030    5.02060E-08  5.05843E-08  5.09531E-08  
441040    4.83122E-07  5.24090E-07  5.65520E-07  
441050    1.09818E-10  1.11957E-10  1.14038E-10  
441060    8.59795E-08  9.10424E-08  9.59389E-08  
441070    5.33485E-13  5.53893E-13  5.73758E-13  
441080    3.62716E-13  3.79343E-13  3.95530E-13  
441090    2.03583E-14  2.12508E-14  2.21199E-14  
441091    6.62357E-09  7.59062E-09  8.61505E-09  
441100    4.75024E-15  4.95208E-15  5.14864E-15  
441110    4.04891E-16  4.19577E-16  4.33881E-16  
441120    1.61335E-16  1.65506E-16  1.69568E-16  
441130    3.81851E-17  3.89064E-17  3.96095E-17  
441140    9.68168E-18  9.89095E-18  1.00948E-17  
441150    3.02715E-18  3.05462E-18  3.08158E-18  
441160    2.06014E-19  2.06373E-19  2.06736E-19  
441170    2.04300E-20  2.03801E-20  2.03326E-20  
441180    2.72015E-21  2.70977E-21  2.69982E-21  
441190    1.95840E-22  1.95053E-22  1.94297E-22  
441200    6.96812E-24  6.93895E-24  6.91091E-24  
441210    1.51003E-16  1.62656E-16  1.74263E-16  
441220    7.77509E-19  8.37507E-19  8.97267E-19  
441230    1.67970E-20  1.80932E-20  1.93843E-20  
450990    0.00000E+00  0.00000E+00  0.00000E+00  
451010    8.58244E-18  9.32618E-18  1.00888E-17  
451011    6.70122E-21  7.12369E-21  7.53425E-21  
451020    1.09134E-14  1.22510E-14  1.35980E-14  
451021    9.25420E-17  9.94109E-17  1.06227E-16  
451030    6.63576E-07  7.20854E-07  7.78456E-07  
451031    4.92635E-11  4.96347E-11  4.99966E-11  
451040    1.46574E-14  1.58578E-14  1.70577E-14  
451041    6.85996E-15  7.42175E-15  7.98333E-15  
451050    8.70240E-10  8.87230E-10  9.03764E-10  
451051    7.78953E-14  7.94121E-14  8.08880E-14  
451060    8.09594E-14  8.57061E-14  9.02967E-14  
451061    1.04870E-13  1.06521E-13  1.08118E-13  
451070    3.13373E-12  3.25475E-12  3.37253E-12  
451080    2.24779E-14  2.35109E-14  2.45166E-14  
451081    3.36229E-15  3.57260E-15  3.77705E-15  
451090    4.85748E-14  5.07299E-14  5.28286E-14  
451091    4.70702E-10  5.40212E-10  6.13891E-10  
451100    2.38865E-17  2.53396E-17  2.67525E-17  
451101    1.18836E-14  1.23924E-14  1.28879E-14  
451110    2.36346E-15  2.45378E-15  2.54172E-15  
451120    2.45960E-16  2.53034E-16  2.59921E-16  
451130    2.60305E-16  2.65838E-16  2.71225E-16  
451140    1.00506E-16  1.02693E-16  1.04821E-16  
451150    2.97306E-17  3.01600E-17  3.05783E-17  
451160    8.19598E-18  8.30145E-18  8.40434E-18  
451170    2.26803E-18  2.27543E-18  2.28271E-18  
451180    3.84814E-19  3.84159E-19  3.83542E-19  
451190    4.81996E-20  4.80428E-20  4.78928E-20  
451200    5.81516E-21  5.78713E-21  5.76010E-21  
451210    3.98491E-22  3.96867E-22  3.95307E-22  
451220    1.62364E-23  1.61697E-23  1.61057E-23  
451230    0.00000E+00  0.00000E+00  0.00000E+00  
451240    7.10129E-18  7.64822E-18  8.19292E-18  
451250    1.04364E-19  1.12418E-19  1.20439E-19  
461010    0.00000E+00  0.00000E+00  0.00000E+00  
461020    2.49215E-15  3.05411E-15  3.68121E-15  
461030    1.05098E-17  1.23439E-17  1.42892E-17  
461040    8.27386E-09  9.68979E-09  1.12172E-08  
461050    2.97396E-07  3.24550E-07  3.52219E-07  
461060    7.59894E-08  8.70652E-08  9.87613E-08  
461070    8.76315E-08  9.72977E-08  1.07325E-07  
461071    2.97682E-19  3.29669E-19  3.62643E-19  
461080    4.53897E-08  5.08238E-08  5.64995E-08  
461090    3.00711E-11  3.14166E-11  3.27278E-11  
461091    1.77667E-17  1.98141E-17  2.19420E-17  
461100    1.48015E-08  1.65115E-08  1.82928E-08  
461110    3.01722E-13  3.13253E-13  3.24482E-13  
461111    5.02990E-16  5.14506E-16  5.26060E-16  
461120    8.89744E-12  9.15251E-12  9.40084E-12  
461130    9.02688E-15  9.20835E-15  9.38507E-15  
461140    1.07759E-14  1.09804E-14  1.11794E-14  
461150    1.63045E-15  1.65157E-15  1.67211E-15  
461160    6.52025E-16  6.63700E-16  6.75057E-16  
461170    2.16518E-16  2.18158E-16  2.19753E-16  
461180    4.37857E-17  4.40291E-17  4.42668E-17  
461190    6.39668E-18  6.41251E-18  6.42821E-18  
461200    5.61389E-18  5.57200E-18  5.53129E-18  
461210    1.87982E-19  1.87214E-19  1.86474E-19  
461220    2.05632E-20  2.04741E-20  2.03884E-20  
461230    3.49556E-21  3.47989E-21  3.46480E-21  
461240    7.37826E-23  7.33056E-23  7.28434E-23  
461250    1.99726E-23  1.98907E-23  1.98119E-23  
461260    0.00000E+00  0.00000E+00  0.00000E+00  
461270    0.00000E+00  0.00000E+00  0.00000E+00  
461280    2.44929E-19  2.62474E-19  2.79862E-19  
461290    0.00000E+00  0.00000E+00  0.00000E+00  
461300    1.24109E-17  1.33000E-17  1.41810E-17  
461310    0.00000E+00  0.00000E+00  0.00000E+00  
471050    0.00000E+00  0.00000E+00  0.00000E+00  
471051    0.00000E+00  0.00000E+00  0.00000E+00  
471060    2.35341E-24  2.50269E-24  2.64819E-24  
471061    2.68158E-21  2.85195E-21  3.01759E-21  
471070    9.36401E-15  1.11426E-14  1.31104E-14  
471071    1.76037E-23  1.87033E-23  1.97720E-23  
471080    6.09678E-21  6.72110E-21  7.36426E-21  
471081    2.69591E-16  3.09375E-16  3.51536E-16  
471090    2.07140E-08  2.31363E-08  2.56610E-08  
471091    2.41309E-14  2.52105E-14  2.62627E-14  
471100    2.02606E-16  2.25381E-16  2.48998E-16  
471101    4.64361E-12  5.37694E-12  6.15116E-12  
471110    1.36407E-10  1.41679E-10  1.46814E-10  
471111    1.38281E-14  1.43566E-14  1.48712E-14  
471120    1.32419E-12  1.36216E-12  1.39912E-12  
471130    1.22961E-12  1.25433E-12  1.27840E-12  
471131    6.38617E-15  6.51452E-15  6.63952E-15  
471140    3.55787E-16  3.62157E-16  3.68356E-16  
471150    8.06858E-14  8.17123E-14  8.27109E-14  
471151    8.84628E-17  8.80889E-17  8.77245E-17  
471160    1.73613E-14  1.75895E-14  1.78115E-14  
471161    8.83196E-17  9.00973E-17  9.18246E-17  
471170    4.42703E-15  4.47257E-15  4.51686E-15  
471171    5.26834E-17  5.39142E-17  5.51102E-17  
471180    1.67937E-16  1.69367E-16  1.70759E-16  
471181    3.80288E-17  3.84571E-17  3.88735E-17  
471190    8.89805E-17  8.94067E-17  8.98222E-17  
471200    2.31380E-17  2.31362E-17  2.31349E-17  
471201    1.77135E-18  1.79058E-18  1.80935E-18  
471210    1.14884E-17  1.14667E-17  1.14458E-17  
471220    1.35987E-18  1.35525E-18  1.35079E-18  
471221    4.90646E-19  4.88999E-19  4.87411E-19  
471230    5.98401E-19  5.95022E-19  5.91752E-19  
471240    3.59672E-19  3.56601E-19  3.53614E-19  
471250    7.03898E-21  7.01009E-21  6.98233E-21  
471260    0.00000E+00  0.00000E+00  0.00000E+00  
471270    0.00000E+00  0.00000E+00  0.00000E+00  
471280    0.00000E+00  0.00000E+00  0.00000E+00  
471290    0.00000E+00  0.00000E+00  0.00000E+00  
471300    1.11120E-21  1.10107E-21  1.09121E-21  
471310    2.91518E-14  3.12405E-14  3.33105E-14  
471320    8.46618E-17  9.11950E-17  9.77024E-17  
471330    4.26317E-18  4.59214E-18  4.91982E-18  
481060    0.00000E+00  0.00000E+00  0.00000E+00  
481070    0.00000E+00  0.00000E+00  0.00000E+00  
481080    9.26218E-16  1.09794E-15  1.28666E-15  
481090    1.88974E-18  2.38983E-18  2.96584E-18  
481100    1.76396E-10  2.11467E-10  2.50382E-10  
481110    7.75336E-09  8.61106E-09  9.50084E-09  
481111    7.23939E-20  8.64353E-20  1.01940E-19  
481120    4.73001E-09  5.20076E-09  5.68472E-09  
481130    8.19057E-10  8.41961E-10  8.64113E-10  
481131    4.56868E-11  4.96890E-11  5.37445E-11  
481140    6.78305E-09  7.45013E-09  8.13091E-09  
481150    1.29366E-11  1.30892E-11  1.32377E-11  
481151    1.47815E-11  1.49775E-11  1.51685E-11  
481160    3.56390E-09  3.87191E-09  4.18403E-09  
481170    5.32235E-13  5.38590E-13  5.44770E-13  
481171    1.60382E-13  1.62516E-13  1.64590E-13  
481180    1.91676E-13  1.93393E-13  1.95064E-13  
481190    6.91706E-15  6.96516E-15  7.01197E-15  
481191    3.01524E-15  3.04314E-15  3.07027E-15  
481200    3.15839E-15  3.17892E-15  3.19890E-15  
481210    4.38060E-16  4.40622E-16  4.43116E-16  
481211    1.73838E-16  1.75593E-16  1.77301E-16  
481220    3.10475E-16  3.10966E-16  3.11446E-16  
481230    9.41382E-17  9.37220E-17  9.33179E-17  
481240    5.97108E-17  5.92109E-17  5.87248E-17  
481250    1.42391E-17  1.41188E-17  1.40018E-17  
481260    1.39859E-17  1.38590E-17  1.37355E-17  
481270    1.01035E-17  1.00115E-17  9.92189E-18  
481280    3.32773E-18  3.29739E-18  3.26786E-18  
481290    3.79036E-21  3.77256E-21  3.75541E-21  
481300    4.74612E-17  4.70281E-17  4.66067E-17  
481310    3.12578E-18  3.09722E-18  3.06944E-18  
481320    4.29849E-21  4.28262E-21  4.26740E-21  
481330    1.05208E-13  1.13325E-13  1.21409E-13  
481340    1.17373E-15  1.26423E-15  1.35436E-15  
481350    1.09672E-17  1.18135E-17  1.26564E-17  
481360    4.15905E-20  4.47999E-20  4.79966E-20  
491090    0.00000E+00  0.00000E+00  0.00000E+00  
491110    0.00000E+00  0.00000E+00  0.00000E+00  
491120    2.76793E-24  3.22209E-24  3.71214E-24  
491121    0.00000E+00  0.00000E+00  0.00000E+00  
491130    2.49858E-12  2.92043E-12  3.37785E-12  
491131    0.00000E+00  0.00000E+00  0.00000E+00  
491140    1.50158E-20  1.75931E-20  2.03621E-20  
491141    4.76939E-16  5.64049E-16  6.57440E-16  
491150    3.04547E-09  3.29999E-09  3.55659E-09  
491151    1.08549E-12  1.09829E-12  1.11075E-12  
491160    1.04697E-17  1.12985E-17  1.21292E-17  
491161    3.98077E-15  4.29592E-15  4.61179E-15  
491170    1.13475E-13  1.14877E-13  1.16240E-13  
491171    3.80342E-13  3.84886E-13  3.89304E-13  
491180    3.17775E-16  3.20628E-16  3.23404E-16  
491181    1.96171E-18  2.03022E-18  2.09680E-18  
491190    4.40591E-15  4.44319E-15  4.47945E-15  
491191    4.19723E-14  4.22682E-14  4.25561E-14  
491200    1.95232E-16  1.96554E-16  1.97840E-16  
491201    5.60824E-17  5.72412E-17  5.83671E-17  
491210    1.03581E-15  1.04709E-15  1.05806E-15  
491211    5.60642E-15  5.64965E-15  5.69173E-15  
491220    9.87132E-17  9.91379E-17  9.95511E-17  
491221    6.75464E-17  6.94958E-17  7.13908E-17  
491230    2.37269E-16  2.39636E-16  2.41939E-16  
491231    1.63114E-15  1.63058E-15  1.63005E-15  
491240    2.00436E-16  2.00591E-16  2.00742E-16  
491241    6.09528E-17  6.26161E-17  6.42336E-17  
491250    8.72026E-17  8.78283E-17  8.84369E-17  
491251    4.71961E-16  4.75017E-16  4.77989E-16  
491260    6.73877E-17  6.75721E-17  6.77517E-17  
491261    2.76947E-17  2.82966E-17  2.88825E-17  
491270    2.00874E-16  1.99972E-16  1.99094E-16  
491271    1.48703E-16  1.50484E-16  1.52219E-16  
491280    6.83712E-17  6.87682E-17  6.91540E-17  
491281    5.01311E-17  5.05486E-17  5.09545E-17  
491290    6.74840E-17  6.70244E-17  6.65777E-17  
491291    1.27043E-16  1.26198E-16  1.25378E-16  
491300    8.82954E-17  8.76071E-17  8.69372E-17  
491301    1.17454E-17  1.18566E-17  1.19648E-17  
491310    1.07514E-17  1.06979E-17  1.06460E-17  
491311    8.31968E-18  8.29964E-18  8.28027E-18  
491320    7.68746E-18  7.64462E-18  7.60311E-18  
491330    3.92212E-19  3.90336E-19  3.88527E-19  
491340    6.71799E-12  7.23374E-12  7.74732E-12  
491350    3.83394E-22  3.81831E-22  3.80328E-22  
491360    3.36328E-15  3.62267E-15  3.88103E-15  
491370    7.12582E-17  7.65393E-17  8.17854E-17  
491380    1.02802E-18  1.10735E-18  1.18637E-18  
501110    0.00000E+00  0.00000E+00  0.00000E+00  
501120    2.21141E-20  2.78933E-20  3.45847E-20  
501130    1.88851E-22  2.15307E-22  2.41528E-22  
501131    0.00000E+00  0.00000E+00  0.00000E+00  
501140    3.38476E-15  4.27776E-15  5.31699E-15  
501150    1.55673E-10  1.68935E-10  1.82345E-10  
501160    4.97254E-11  5.78502E-11  6.65952E-11  
501170    3.37276E-09  3.66088E-09  3.95245E-09  
501171    1.79619E-13  1.81872E-13  1.84064E-13  
501180    3.02608E-09  3.27791E-09  3.53198E-09  
501190    3.21339E-09  3.48010E-09  3.74898E-09  
501191    4.76908E-11  4.91337E-11  5.04381E-11  
501200    3.12748E-09  3.38336E-09  3.64104E-09  
501210    6.32104E-12  6.38178E-12  6.44090E-12  
501211    2.46203E-10  2.66940E-10  2.87884E-10  
501220    3.65311E-09  3.95444E-09  4.25820E-09  
501230    8.88280E-11  9.24020E-11  9.58712E-11  
501231    1.79511E-13  1.80652E-13  1.81762E-13  
501240    6.48682E-09  7.03224E-09  7.58336E-09  
501250    5.19609E-11  5.31240E-11  5.42554E-11  
501251    6.55141E-14  6.59720E-14  6.64171E-14  
501260    1.34489E-08  1.46118E-08  1.57908E-08  
501270    3.60002E-12  3.64629E-12  3.69126E-12  
501271    7.01522E-14  7.09668E-14  7.17587E-14  
501280    5.17924E-12  5.20677E-12  5.23353E-12  
501281    4.63737E-15  4.66235E-15  4.68663E-15  
501290    1.93284E-13  1.94812E-13  1.96298E-13  
501291    3.53862E-13  3.54802E-13  3.55715E-13  
501300    5.45608E-13  5.44471E-13  5.43367E-13  
501301    2.38523E-13  2.38126E-13  2.37740E-13  
501310    1.09241E-13  1.08918E-13  1.08604E-13  
501311    1.10364E-13  1.10042E-13  1.09728E-13  
501320    1.06960E-13  1.06731E-13  1.06508E-13  
501330    9.32238E-16  9.26648E-16  9.21224E-16  
501340    1.10167E-16  1.09533E-16  1.08918E-16  
501350    3.51083E-10  3.77675E-10  4.04138E-10  
501360    9.91229E-20  9.86671E-20  9.82280E-20  
501370    4.18148E-12  4.48538E-12  4.78686E-12  
501380    2.78800E-14  3.00285E-14  3.21683E-14  
501390    2.08031E-16  2.24048E-16  2.39999E-16  
501400    1.07238E-17  1.15514E-17  1.23757E-17  
501410    3.19478E-18  3.44131E-18  3.68686E-18  
511150    0.00000E+00  0.00000E+00  0.00000E+00  
511170    0.00000E+00  0.00000E+00  0.00000E+00  
511180    0.00000E+00  0.00000E+00  0.00000E+00  
511181    2.58555E-23  2.74720E-23  2.90432E-23  
511190    5.89172E-20  6.24833E-20  6.59491E-20  
511200    1.20171E-20  1.28149E-20  1.36005E-20  
511201    5.95537E-18  6.31618E-18  6.66683E-18  
511210    3.07500E-09  3.33211E-09  3.59163E-09  
511220    3.18392E-14  3.42723E-14  3.67057E-14  
511221    4.49045E-18  4.78918E-18  5.08413E-18  
511230    3.89382E-09  4.22202E-09  4.55336E-09  
511240    5.91337E-13  6.25780E-13  6.60249E-13  
511241    2.12448E-18  2.22783E-18  2.32894E-18  
511250    6.27730E-09  6.68714E-09  7.08724E-09  
511260    3.51855E-12  3.54243E-12  3.56572E-12  
511261    3.99175E-15  4.00505E-15  4.01792E-15  
511270    2.64404E-10  2.67742E-10  2.70986E-10  
511280    3.87273E-12  3.93228E-12  3.99015E-12  
511281    9.42182E-13  9.47962E-13  9.53580E-13  
511290    4.21167E-11  4.24780E-11  4.28293E-11  
511291    5.14531E-14  5.15897E-14  5.17224E-14  
511300    7.17596E-12  7.19328E-12  7.21012E-12  
511301    1.61143E-12  1.61176E-12  1.61208E-12  
511310    1.44662E-11  1.44573E-11  1.44486E-11  
511320    1.38356E-12  1.38488E-12  1.38617E-12  
511321    8.47271E-13  8.44481E-13  8.41773E-13  
511330    1.42058E-12  1.41447E-12  1.40853E-12  
511340    1.31547E-15  1.31022E-15  1.30513E-15  
511341    1.61061E-14  1.60434E-14  1.59825E-14  
511350    1.28060E-15  1.27482E-15  1.26923E-15  
511360    8.99757E-17  8.95181E-17  8.90760E-17  
511370    1.15816E-16  1.14782E-16  1.13777E-16  
511380    1.87459E-19  1.86619E-19  1.85810E-19  
511390    4.13328E-12  4.45100E-12  4.76740E-12  
511400    2.16831E-13  2.33425E-13  2.49945E-13  
511410    6.15715E-14  6.63229E-14  7.10554E-14  
511420    4.63415E-17  4.99000E-17  5.34433E-17  
511430    4.31007E-18  4.64267E-18  4.97394E-18  
521180    0.00000E+00  0.00000E+00  0.00000E+00  
521190    0.00000E+00  0.00000E+00  0.00000E+00  
521200    3.27343E-20  3.75701E-20  4.26958E-20  
521210    2.37630E-19  2.55876E-19  2.73854E-19  
521211    9.33083E-19  1.01392E-18  1.09346E-18  
521220    3.37335E-12  3.91375E-12  4.49395E-12  
521230    1.34709E-14  1.57752E-14  1.82557E-14  
521231    4.09985E-15  4.43617E-15  4.76934E-15  
521240    3.69045E-12  4.18020E-12  4.69717E-12  
521250    1.85868E-09  2.14731E-09  2.45445E-09  
521251    7.55101E-11  8.10720E-11  8.65004E-11  
521260    3.07415E-10  3.32329E-10  3.57378E-10  
521270    2.62510E-11  2.65908E-11  2.69205E-11  
521271    1.12056E-09  1.13708E-09  1.15295E-09  
521280    7.69355E-08  8.31998E-08  8.95066E-08  
521290    1.05707E-11  1.06611E-11  1.07491E-11  
521291    1.26876E-09  1.27929E-09  1.28960E-09  
521300    3.83659E-07  4.13591E-07  4.43574E-07  
521310    1.62470E-11  1.62604E-11  1.62735E-11  
521311    2.21272E-10  2.23435E-10  2.25536E-10  
521320    4.97904E-09  4.98351E-09  4.98785E-09  
521330    1.11801E-11  1.11653E-11  1.11509E-11  
521331    4.46662E-11  4.46181E-11  4.45712E-11  
521340    6.77211E-11  6.75308E-11  6.73458E-11  
521350    2.56089E-13  2.55326E-13  2.54585E-13  
521360    9.69286E-14  9.64258E-14  9.59379E-14  
521370    4.35707E-15  4.33310E-15  4.30986E-15  
521380    5.04588E-16  5.01502E-16  4.98511E-16  
521390    1.80052E-17  1.79026E-17  1.78034E-17  
521400    1.85388E-17  1.83777E-17  1.82210E-17  
521410    3.09516E-19  3.08199E-19  3.06932E-19  
521420    5.92184E-21  5.89430E-21  5.86773E-21  
521430    1.05599E-13  1.13748E-13  1.21865E-13  
521440    8.15707E-17  8.78569E-17  9.41212E-17  
521450    7.50146E-18  8.08037E-18  8.65701E-18  
521460    5.38967E-19  5.80557E-19  6.21983E-19  
531210    0.00000E+00  0.00000E+00  0.00000E+00  
531230    2.59791E-21  2.76035E-21  2.91822E-21  
531250    9.21487E-20  1.14245E-19  1.29663E-19  
531260    7.13579E-17  7.74135E-17  8.34989E-17  
531270    3.52419E-08  3.83450E-08  4.14873E-08  
531280    2.05866E-15  2.22896E-15  2.40029E-15  
531290    1.27715E-07  1.38349E-07  1.49072E-07  
531300    4.50369E-13  4.81625E-13  5.12786E-13  
531301    2.98563E-15  3.20494E-15  3.42414E-15  
531310    8.46660E-09  8.48277E-09  8.49848E-09  
531320    1.50079E-10  1.50268E-10  1.50452E-10  
531321    4.76704E-13  4.94808E-13  5.12405E-13  
531330    2.03994E-09  2.03961E-09  2.03929E-09  
531331    1.71091E-14  1.72192E-14  1.73261E-14  
531340    9.84730E-11  9.83903E-11  9.83099E-11  
531341    3.90739E-13  3.95706E-13  4.00533E-13  
531350    6.05316E-10  6.05220E-10  6.05125E-10  
531360    8.99033E-13  8.96301E-13  8.93650E-13  
531361    2.47369E-13  2.47799E-13  2.48217E-13  
531370    3.03462E-13  3.02861E-13  3.02278E-13  
531380    4.01473E-14  4.00801E-14  4.00150E-14  
531390    7.46176E-15  7.42456E-15  7.38845E-15  
531400    6.48725E-16  6.45488E-16  6.42350E-16  
531410    8.65634E-17  8.60116E-17  8.54763E-17  
531420    6.85351E-18  6.82110E-18  6.78971E-18  
531430    5.55160E-19  5.52900E-19  5.50728E-19  
531440    5.84387E-21  5.81876E-21  5.79460E-21  
531450    3.60172E-22  3.58716E-22  3.57318E-22  
531460    9.58924E-15  1.03292E-14  1.10662E-14  
531470    1.20699E-17  1.29806E-17  1.38865E-17  
531480    8.46606E-19  9.11935E-19  9.77006E-19  
541230    0.00000E+00  0.00000E+00  0.00000E+00  
541240    0.00000E+00  0.00000E+00  0.00000E+00  
541250    0.00000E+00  0.00000E+00  0.00000E+00  
541251    0.00000E+00  0.00000E+00  0.00000E+00  
541260    7.14297E-16  8.38553E-16  9.72944E-16  
541270    1.38578E-19  1.63860E-19  1.90625E-19  
541271    0.00000E+00  0.00000E+00  0.00000E+00  
541280    3.11615E-11  3.64087E-11  4.20743E-11  
541290    1.28496E-14  1.55494E-14  1.85915E-14  
541291    1.74001E-17  2.02940E-17  2.34063E-17  
541300    3.05191E-10  3.50188E-10  3.98215E-10  
541310    6.03119E-07  6.50508E-07  6.97929E-07  
541311    1.35336E-10  1.35600E-10  1.35858E-10  
541320    9.22308E-07  9.94895E-07  1.06764E-06  
541330    1.23470E-08  1.23458E-08  1.23446E-08  
541331    1.50957E-10  1.51115E-10  1.51267E-10  
541340    1.62282E-06  1.74715E-06  1.87142E-06  
541341    5.96824E-17  6.10833E-17  6.24446E-17  
541350    7.40891E-10  7.41924E-10  7.42923E-10  
541351    4.74979E-12  4.76450E-12  4.77879E-12  
541360    1.50980E-06  1.62606E-06  1.74233E-06  
541370    5.53373E-12  5.53090E-12  5.52815E-12  
541380    2.06907E-11  2.06545E-11  2.06194E-11  
541390    7.73003E-13  7.70348E-13  7.67767E-13  
541400    1.91505E-13  1.90574E-13  1.89670E-13  
541410    8.94723E-15  8.90060E-15  8.85532E-15  
541420    2.33654E-15  2.32353E-15  2.31090E-15  
541430    4.30431E-17  4.27914E-17  4.25475E-17  
541431    7.57831E-09  8.14186E-09  8.70220E-09  
541440    5.77521E-17  5.74279E-17  5.71145E-17  
541450    6.41879E-19  6.39384E-19  6.36989E-19  
541460    9.67552E-20  9.63130E-20  9.58872E-20  
541470    9.93486E-22  9.86486E-22  9.79703E-22  
541480    2.26629E-14  2.44108E-14  2.61516E-14  
541490    2.89947E-17  3.12228E-17  3.34416E-17  
541500    3.56667E-18  3.84190E-18  4.11604E-18  
541510    5.56967E-19  5.99946E-19  6.42755E-19  
551270    0.00000E+00  0.00000E+00  0.00000E+00  
551290    0.00000E+00  0.00000E+00  0.00000E+00  
551310    2.58577E-18  2.77530E-18  2.95433E-18  
551320    1.36286E-15  1.45141E-15  1.53928E-15  
551330    1.37936E-06  1.48627E-06  1.59313E-06  
551340    3.05521E-09  3.47809E-09  3.91826E-09  
551341    1.49133E-13  1.60011E-13  1.70816E-13  
551350    1.14066E-06  1.22952E-06  1.31850E-06  
551351    1.20655E-14  1.26326E-14  1.31839E-14  
551360    8.70615E-11  9.18288E-11  9.65322E-11  
551361    6.22686E-16  6.48984E-16  6.74557E-16  
551370    1.22730E-06  1.31917E-06  1.41067E-06  
551380    5.27051E-11  5.26400E-11  5.25766E-11  
551381    1.80173E-13  1.82031E-13  1.83837E-13  
551390    1.39144E-11  1.38929E-11  1.38721E-11  
551400    1.41893E-12  1.41479E-12  1.41076E-12  
551410    4.15077E-13  4.14259E-13  4.13465E-13  
551420    1.80311E-14  1.79625E-14  1.78959E-14  
551430    1.02500E-14  1.02039E-14  1.01592E-14  
551440    1.92813E-15  1.91820E-15  1.90858E-15  
551450    2.36762E-16  2.35575E-16  2.34426E-16  
551460    1.76893E-17  1.75982E-17  1.75103E-17  
551470    2.52446E-18  2.50586E-18  2.48782E-18  
551480    9.32428E-20  9.28381E-20  9.24492E-20  
551490    5.75223E-22  5.72605E-22  5.70087E-22  
551500    5.85535E-23  5.83131E-23  5.80823E-23  
551510    1.05143E-23  1.04712E-23  1.04298E-23  
551520    7.00082E-18  7.54095E-18  8.07895E-18  
551530    3.74566E-19  4.03470E-19  4.32259E-19  
551540    0.00000E+00  0.00000E+00  0.00000E+00  
561300    0.00000E+00  0.00000E+00  0.00000E+00  
561310    1.31510E-24  1.50692E-24  1.70871E-24  
561320    1.26496E-15  1.45031E-15  1.64728E-15  
561330    3.02031E-17  3.71967E-17  4.53175E-17  
561340    8.50744E-10  1.04867E-09  1.27275E-09  
561350    6.39791E-13  7.50573E-13  8.72361E-13  
561351    3.47764E-16  3.74943E-16  4.02712E-16  
561360    2.98108E-09  3.35859E-09  3.75531E-09  
561361    2.65344E-18  2.79885E-18  2.94229E-18  
561370    3.35881E-08  3.89015E-08  4.45971E-08  
561371    1.87871E-13  2.01924E-13  2.15921E-13  
561380    1.36995E-06  1.47450E-06  1.57893E-06  
561390    1.26357E-10  1.26188E-10  1.26024E-10  
561400    2.70965E-08  2.70571E-08  2.70188E-08  
561410    2.53840E-11  2.53513E-11  2.53194E-11  
561420    1.42274E-11  1.42003E-11  1.41740E-11  
561430    3.05826E-13  3.04860E-13  3.03919E-13  
561440    1.92666E-13  1.91868E-13  1.91093E-13  
561450    3.26439E-14  3.24834E-14  3.23275E-14  
561460    8.18918E-15  8.13829E-15  8.08885E-15  
561470    9.28389E-16  9.21931E-16  9.15661E-16  
561480    8.32740E-17  8.27605E-17  8.22635E-17  
561490    5.15571E-18  5.13127E-18  5.10772E-18  
561500    4.46465E-19  4.44514E-19  4.42637E-19  
561510    6.13147E-20  6.10655E-20  6.08261E-20  
561520    8.39645E-22  8.36200E-22  8.32893E-22  
561530    2.84312E-23  2.83148E-23  2.82029E-23  
561540    8.77484E-17  9.45198E-17  1.01265E-16  
561550    4.88243E-19  5.25928E-19  5.63466E-19  
561560    3.14157E-20  3.38400E-20  3.62546E-20  
571330    0.00000E+00  0.00000E+00  0.00000E+00  
571350    1.27426E-20  1.35399E-20  1.43148E-20  
571370    3.78748E-14  4.33692E-14  4.91858E-14  
571380    6.64653E-12  7.18643E-12  7.73000E-12  
571390    1.31089E-06  1.41070E-06  1.51038E-06  
571400    3.57317E-09  3.56830E-09  3.56355E-09  
571410    3.28131E-10  3.27732E-10  3.27343E-10  
571420    1.24812E-10  1.24611E-10  1.24416E-10  
571430    1.93849E-11  1.93387E-11  1.92937E-11  
571440    8.56413E-13  8.53819E-13  8.51295E-13  
571450    3.70364E-13  3.69219E-13  3.68104E-13  
571460    4.13941E-14  4.12120E-14  4.10350E-14  
571461    2.91311E-14  2.90699E-14  2.90103E-14  
571470    1.55534E-14  1.55124E-14  1.54726E-14  
571480    1.98688E-15  1.97605E-15  1.96555E-15  
571490    4.82394E-16  4.80239E-16  4.78157E-16  
571500    7.78557E-17  7.75350E-17  7.72264E-17  
571510    1.12797E-17  1.12329E-17  1.11879E-17  
571520    7.09635E-19  7.06789E-19  7.04061E-19  
571530    5.55679E-20  5.53439E-20  5.51290E-20  
571540    1.57492E-21  1.56860E-21  1.56254E-21  
571550    3.39542E-23  3.38187E-23  3.36890E-23  
571560    5.58092E-16  6.01162E-16  6.44063E-16  
571570    1.10518E-18  1.19048E-18  1.27544E-18  
571580    2.31668E-20  2.49549E-20  2.67359E-20  
571590    1.25624E-21  1.35318E-21  1.44973E-21  
581350    0.00000E+00  0.00000E+00  0.00000E+00  
581360    0.00000E+00  0.00000E+00  0.00000E+00  
581370    1.35540E-21  1.44014E-21  1.52248E-21  
581371    0.00000E+00  0.00000E+00  0.00000E+00  
581380    2.27603E-16  2.54235E-16  2.82094E-16  
581390    2.17573E-14  2.39273E-14  2.60635E-14  
581391    6.32104E-21  6.70666E-21  7.08140E-21  
581400    1.24529E-06  1.34248E-06  1.43955E-06  
581410    6.52483E-08  6.51721E-08  6.50975E-08  
581420    1.18399E-06  1.27397E-06  1.36383E-06  
581430    2.72023E-09  2.71378E-09  2.70750E-09  
581440    4.61591E-07  4.70115E-07  4.77161E-07  
581450    2.78814E-12  2.78175E-12  2.77553E-12  
581460    9.70987E-12  9.69164E-12  9.67393E-12  
581470    4.39689E-13  4.39413E-13  4.39146E-13  
581480    3.52622E-13  3.51468E-13  3.50346E-13  
581490    1.72282E-14  1.71888E-14  1.71507E-14  
581500    6.93907E-15  6.91964E-15  6.90082E-15  
581510    8.52510E-16  8.49665E-16  8.46917E-16  
581520    1.68339E-16  1.67708E-16  1.67101E-16  
581530    1.93587E-17  1.92870E-17  1.92183E-17  
581540    1.77350E-18  1.76741E-18  1.76159E-18  
581550    1.01331E-19  1.00959E-19  1.00603E-19  
581560    4.95720E-21  4.93845E-21  4.92052E-21  
581570    1.29309E-22  1.28802E-22  1.28317E-22  
581580    6.15587E-16  6.63117E-16  7.10465E-16  
581590    3.07558E-17  3.31295E-17  3.54938E-17  
581600    7.47890E-20  8.05602E-20  8.63085E-20  
581610    1.00293E-21  1.08032E-21  1.15741E-21  
591390    2.60876E-21  2.80744E-21  3.00460E-21  
591400    2.48259E-19  2.67194E-19  2.85987E-19  
591410    1.13521E-06  1.22679E-06  1.31825E-06  
591420    2.00071E-12  2.15353E-12  2.30522E-12  
591421    8.87403E-15  9.55087E-15  1.02227E-14  
591430    2.67988E-08  2.67359E-08  2.66746E-08  
591440    1.94470E-11  1.98060E-11  2.01028E-11  
591441    7.93528E-14  8.07728E-14  8.19454E-14  
591450    3.32655E-10  3.31896E-10  3.31159E-10  
591460    1.73750E-11  1.73432E-11  1.73122E-11  
591470    7.28543E-12  7.27597E-12  7.26677E-12  
591480    9.03279E-13  9.01532E-13  8.99836E-13  
591481    3.34379E-14  3.43906E-14  3.53164E-14  
591490    6.13887E-13  6.13914E-13  6.13943E-13  
591500    1.70197E-14  1.70405E-14  1.70608E-14  
591510    2.88000E-14  2.88353E-14  2.88700E-14  
591520    2.20504E-15  2.20843E-15  2.21178E-15  
591530    9.62343E-16  9.62577E-16  9.62838E-16  
591540    1.03516E-16  1.03631E-16  1.03751E-16  
591550    8.79441E-18  8.78953E-18  8.78541E-18  
591560    1.08666E-18  1.08506E-18  1.08361E-18  
591570    1.07672E-19  1.07383E-19  1.07112E-19  
591580    1.54495E-21  1.53986E-21  1.53505E-21  
591590    5.60311E-23  5.58267E-23  5.56324E-23  
591600    7.12128E-16  7.67152E-16  8.21973E-16  
591610    1.93141E-17  2.08050E-17  2.22902E-17  
591620    2.07028E-20  2.23067E-20  2.39051E-20  
591630    7.86513E-22  8.47205E-22  9.07658E-22  
591640    1.39049E-23  1.52976E-23  1.66848E-23  
601400    2.94393E-23  3.41961E-23  3.92773E-23  
601410    1.58353E-20  1.76299E-20  1.94985E-20  
601420    7.19592E-10  8.38524E-10  9.66171E-10  
601430    1.14399E-06  1.23116E-06  1.31791E-06  
601440    6.64590E-07  7.42351E-07  8.21561E-07  
601450    8.01455E-07  8.61905E-07  9.22197E-07  
601460    6.24701E-07  6.72327E-07  7.19898E-07  
601470    8.58656E-09  8.57588E-09  8.56547E-09  
601480    3.53227E-07  3.80292E-07  4.07341E-07  
601490    2.84687E-11  2.84791E-11  2.84893E-11  
601500    1.47559E-07  1.59170E-07  1.70811E-07  
601510    1.44178E-12  1.44782E-12  1.45369E-12  
601520    8.65416E-13  8.70549E-13  8.75548E-13  
601530    2.32381E-14  2.33546E-14  2.34681E-14  
601540    8.72637E-15  8.79500E-15  8.86192E-15  
601550    1.02465E-15  1.03256E-15  1.04028E-15  
601560    1.98179E-16  1.99783E-16  2.01355E-16  
601570    1.28286E-17  1.29002E-17  1.29714E-17  
601580    1.46408E-18  1.46732E-18  1.47069E-18  
601590    9.12877E-20  9.12525E-20  9.12324E-20  
601600    5.62084E-21  5.60975E-21  5.59967E-21  
601610    2.09513E-22  2.08917E-22  2.08360E-22  
601620    5.49612E-16  5.92181E-16  6.34602E-16  
601630    1.92689E-17  2.07570E-17  2.22394E-17  
601640    4.78829E-19  5.15778E-19  5.52582E-19  
601650    2.26952E-21  2.44465E-21  2.61909E-21  
601660    9.88724E-23  1.06657E-22  1.14410E-22  
601670    0.00000E+00  0.00000E+00  0.00000E+00  
611430    0.00000E+00  0.00000E+00  0.00000E+00  
611440    7.55489E-21  8.31476E-21  9.07285E-21  
611450    2.60148E-16  3.12214E-16  3.66471E-16  
611460    4.62255E-15  4.87711E-15  5.12450E-15  
611470    3.38916E-07  3.57139E-07  3.74431E-07  
611480    5.53574E-11  5.81456E-11  6.07638E-11  
611481    2.61440E-10  2.76240E-10  2.89867E-10  
611490    8.77542E-10  8.78067E-10  8.78568E-10  
611500    3.12874E-14  3.15178E-14  3.17425E-14  
611510    1.98170E-10  1.99028E-10  1.99863E-10  
611520    3.14871E-13  3.16800E-13  3.18679E-13  
611521    3.79294E-15  3.92818E-15  4.05960E-15  
611530    2.51248E-13  2.52958E-13  2.54623E-13  
611540    3.91401E-14  3.95352E-14  3.99202E-14  
611541    6.45558E-15  6.64162E-15  6.82249E-15  
611550    8.51193E-15  8.64502E-15  8.77463E-15  
611560    2.52241E-15  2.57308E-15  2.62244E-15  
611570    3.66636E-16  3.74531E-16  3.82236E-16  
611580    4.36980E-17  4.44956E-17  4.52776E-17  
611590    3.01223E-18  3.05766E-18  3.10241E-18  
611600    4.87772E-19  4.92396E-19  4.96995E-19  
611610    4.04415E-20  4.06639E-20  4.08885E-20  
611620    6.53761E-22  6.54545E-22  6.55334E-22  
611630    5.25498E-23  5.24083E-23  5.22732E-23  
611640    9.36782E-16  1.00923E-15  1.08140E-15  
611650    4.37152E-17  4.70906E-17  5.04528E-17  
611660    1.79178E-18  1.93006E-18  2.06780E-18  
611670    1.46457E-19  1.57758E-19  1.69015E-19  
611680    2.95849E-22  3.18680E-22  3.41420E-22  
611690    1.04775E-23  1.15270E-23  1.25723E-23  
621440    0.00000E+00  0.00000E+00  0.00000E+00  
621450    3.42387E-18  4.45258E-18  5.54569E-18  
621460    1.74868E-14  2.16230E-14  2.63100E-14  
621470    1.14035E-07  1.30527E-07  1.47851E-07  
621480    5.68583E-09  6.57541E-09  7.51929E-09  
621490    2.44102E-08  2.45392E-08  2.46595E-08  
621500    2.07742E-07  2.25566E-07  2.43397E-07  
621510    6.32714E-08  6.64959E-08  6.95625E-08  
621520    9.34301E-08  1.02679E-07  1.12128E-07  
621530    1.47822E-10  1.50088E-10  1.52352E-10  
621540    1.96472E-08  2.13256E-08  2.30244E-08  
621550    2.94403E-13  2.99528E-13  3.04519E-13  
621560    4.25820E-12  4.36369E-12  4.46637E-12  
621570    3.06997E-14  3.16042E-14  3.24850E-14  
621580    1.01647E-14  1.04694E-14  1.07663E-14  
621590    1.27276E-16  1.31446E-16  1.35513E-16  
621600    3.32244E-17  3.43208E-17  3.53907E-17  
621610    3.31441E-18  3.42151E-18  3.52622E-18  
621620    2.42775E-19  2.50080E-19  2.57184E-19  
621630    2.84052E-20  2.87211E-20  2.90291E-20  
621640    3.49964E-21  3.50119E-21  3.50285E-21  
621650    2.73790E-22  2.72999E-22  2.72242E-22  
621660    2.16478E-15  2.33222E-15  2.49905E-15  
621670    1.62805E-16  1.75371E-16  1.87888E-16  
621680    7.84896E-18  8.45467E-18  9.05799E-18  
621690    3.32892E-19  3.58582E-19  3.84170E-19  
621700    0.00000E+00  0.00000E+00  0.00000E+00  
621710    1.51870E-23  1.67081E-23  1.82233E-23  
621720    0.00000E+00  0.00000E+00  0.00000E+00  
631470    0.00000E+00  0.00000E+00  0.00000E+00  
631490    2.35025E-20  3.08900E-20  3.71941E-20  
631510    4.90765E-10  5.48959E-10  6.08046E-10  
631520    7.91275E-11  9.42218E-11  1.10545E-10  
631521    8.86983E-14  9.88210E-14  1.09036E-13  
631530    3.96857E-08  4.30548E-08  4.64672E-08  
631540    7.52363E-10  8.64874E-10  9.84058E-10  
631541    1.58528E-15  1.71246E-15  1.84051E-15  
631550    6.34431E-09  6.72869E-09  7.10271E-09  
631560    2.72082E-10  2.82505E-10  2.92615E-10  
631570    3.58659E-12  3.69487E-12  3.80030E-12  
631580    9.62387E-14  9.93035E-14  1.02289E-13  
631590    1.62813E-14  1.68935E-14  1.74899E-14  
631600    2.28172E-16  2.37557E-16  2.46699E-16  
631610    5.77382E-17  6.04078E-17  6.30081E-17  
631620    6.01402E-18  6.31150E-18  6.60064E-18  
631630    1.15284E-18  1.19973E-18  1.24531E-18  
631640    8.85814E-20  9.04923E-20  9.23517E-20  
631650    1.88852E-20  1.90265E-20  1.91644E-20  
631660    8.38291E-22  8.37833E-22  8.37424E-22  
631670    9.80912E-23  9.77315E-23  9.73862E-23  
631680    3.33448E-15  3.59194E-15  3.84841E-15  
631690    2.90961E-16  3.13417E-16  3.35785E-16  
631700    1.43162E-17  1.54210E-17  1.65214E-17  
631710    3.79455E-19  4.08736E-19  4.37902E-19  
631720    8.32300E-20  8.96525E-20  9.60497E-20  
641490    0.00000E+00  0.00000E+00  0.00000E+00  
641500    2.29864E-21  3.18488E-21  4.24567E-21  
641510    7.25862E-19  9.07086E-19  1.11199E-18  
641520    3.80350E-11  4.60683E-11  5.49688E-11  
641530    4.35711E-13  5.48551E-13  6.77464E-13  
641540    4.88301E-11  6.05842E-11  7.40238E-11  
641550    5.05204E-10  5.52174E-10  5.98609E-10  
641560    8.00304E-09  8.96176E-09  9.96183E-09  
641570    2.44003E-10  2.52634E-10  2.61250E-10  
641580    3.72433E-09  4.11932E-09  4.52649E-09  
641590    1.01549E-12  1.05428E-12  1.09209E-12  
641600    2.27763E-10  2.53914E-10  2.81137E-10  
641610    6.26402E-16  6.57017E-16  6.86822E-16  
641620    5.82686E-16  6.14417E-16  6.45255E-16  
641630    3.07504E-17  3.23525E-17  3.39096E-17  
641640    6.84100E-18  7.16094E-18  7.47192E-18  
641650    5.05167E-19  5.23208E-19  5.40748E-19  
641660    9.30310E-20  9.50643E-20  9.70428E-20  
641670    2.03549E-20  2.03718E-20  2.03891E-20  
641680    6.89098E-22  6.87000E-22  6.85004E-22  
641690    5.22417E-22  5.20406E-22  5.18481E-22  
641700    4.29650E-15  4.62815E-15  4.95851E-15  
641710    4.21731E-16  4.54277E-16  4.86695E-16  
641720    1.00253E-16  1.07989E-16  1.15694E-16  
651530    0.00000E+00  0.00000E+00  0.00000E+00  
651550    9.98663E-22  1.06183E-21  1.12324E-21  
651560    6.30818E-20  6.70682E-20  7.09424E-20  
651561    1.20586E-21  1.28136E-21  1.35474E-21  
651570    1.06200E-16  1.21749E-16  1.38209E-16  
651580    4.08540E-16  4.41760E-16  4.74690E-16  
651581    5.63954E-23  5.98843E-23  6.32748E-23  
651590    5.58050E-10  6.19115E-10  6.82427E-10  
651600    3.82940E-13  4.26847E-13  4.72326E-13  
651610    1.69483E-12  1.77879E-12  1.86054E-12  
651620    5.35272E-16  5.64458E-16  5.92823E-16  
651621    4.13396E-13  4.73765E-13  5.37700E-13  
651630    5.85676E-16  6.16709E-16  6.46870E-16  
651640    3.41134E-17  3.58022E-17  3.74435E-17  
651650    1.02475E-17  1.07032E-17  1.11462E-17  
651660    9.78875E-19  1.01535E-18  1.05082E-18  
651670    2.87704E-19  2.91661E-19  2.95514E-19  
651680    5.45143E-20  5.45969E-20  5.46810E-20  
651690    6.04711E-21  6.03413E-21  6.02188E-21  
651700    2.95821E-21  2.94724E-21  2.93674E-21  
651710    1.45528E-22  1.44950E-22  1.44395E-22  
651720    9.38021E-15  1.01041E-14  1.08251E-14  
661540    0.00000E+00  0.00000E+00  0.00000E+00  
661550    0.00000E+00  0.00000E+00  0.00000E+00  
661560    0.00000E+00  0.00000E+00  0.00000E+00  
661570    0.00000E+00  0.00000E+00  0.00000E+00  
661580    3.88466E-19  4.53742E-19  5.23790E-19  
661590    1.21691E-18  1.32437E-18  1.43123E-18  
661600    1.24337E-12  1.49777E-12  1.78013E-12  
661610    8.93752E-11  1.00386E-10  1.11891E-10  
661620    3.75058E-11  4.26133E-11  4.80087E-11  
661630    1.59316E-11  1.80499E-11  2.02830E-11  
661640    5.76071E-12  6.45818E-12  7.18448E-12  
661650    9.41138E-16  9.99968E-16  1.05885E-15  
661651    1.34540E-18  1.50000E-18  1.65999E-18  
661660    1.35148E-14  1.40703E-14  1.46103E-14  
661670    6.83464E-18  6.97902E-18  7.11951E-18  
661680    4.62953E-18  4.67626E-18  4.72196E-18  
661690    1.83195E-19  1.83864E-19  1.84526E-19  
661700    7.19072E-20  7.17946E-20  7.16895E-20  
661710    7.29574E-21  7.27442E-21  7.25405E-21  
661720    4.80889E-21  4.78969E-21  4.77126E-21  
671590    0.00000E+00  0.00000E+00  0.00000E+00  
671591    0.00000E+00  0.00000E+00  0.00000E+00  
671610    1.29063E-23  1.37138E-23  1.44989E-23  
671611    0.00000E+00  0.00000E+00  0.00000E+00  
671620    2.29210E-23  2.43533E-23  2.57454E-23  
671621    9.76634E-23  1.03767E-22  1.09698E-22  
671630    1.42801E-17  1.63881E-17  1.86221E-17  
671631    0.00000E+00  0.00000E+00  0.00000E+00  
671640    5.80047E-21  6.16503E-21  6.51967E-21  
671641    5.22248E-21  5.54873E-21  5.86579E-21  
671650    3.41606E-12  3.86968E-12  4.35069E-12  
671660    4.51532E-15  4.70821E-15  4.89656E-15  
671661    1.75711E-15  2.00398E-15  2.26384E-15  
671670    2.07102E-16  2.11597E-16  2.15975E-16  
671680    1.61754E-18  1.63512E-18  1.65231E-18  
671690    1.38285E-18  1.39026E-18  1.39755E-18  
671700    4.09412E-19  4.09043E-19  4.08709E-19  
671701    3.24172E-21  3.30731E-21  3.37126E-21  
671710    7.64453E-20  7.63548E-20  7.62704E-20  
671720    5.92662E-20  5.90464E-20  5.88355E-20  
681610    0.00000E+00  0.00000E+00  0.00000E+00  
681620    0.00000E+00  0.00000E+00  0.00000E+00  
681630    0.00000E+00  0.00000E+00  0.00000E+00  
681640    3.66531E-17  4.20706E-17  4.78133E-17  
681650    7.03795E-22  7.66672E-22  8.30537E-22  
681660    1.62260E-12  1.81083E-12  2.00682E-12  
681670    7.22434E-13  7.86854E-13  8.52076E-13  
681671    5.16573E-21  5.29075E-21  5.41351E-21  
681680    4.72269E-13  5.17912E-13  5.64748E-13  
681690    3.96275E-15  3.98513E-15  4.00684E-15  
681700    1.26725E-13  1.36788E-13  1.46849E-13  
681710    3.94993E-17  3.94773E-17  3.94578E-17  
681720    4.29416E-16  4.27926E-16  4.26498E-16  
691650    0.00000E+00  0.00000E+00  0.00000E+00  
691660    0.00000E+00  0.00000E+00  0.00000E+00  
691670    1.09730E-24  1.19669E-24  1.28995E-24  
691680    1.38731E-20  1.50688E-20  1.62595E-20  
691690    2.26433E-13  2.45283E-13  2.64204E-13  
691700    1.00485E-15  1.10666E-15  1.20844E-15  
691710    4.86388E-14  5.10419E-14  5.32867E-14  
691720    5.59798E-16  5.58142E-16  5.56545E-16  
701670    0.00000E+00  0.00000E+00  0.00000E+00  
701680    0.00000E+00  0.00000E+00  0.00000E+00  
701690    2.38699E-23  2.87567E-23  3.40953E-23  
701691    0.00000E+00  0.00000E+00  0.00000E+00  
701700    1.89589E-15  2.27019E-15  2.68053E-15  
701710    2.31730E-14  2.64078E-14  2.97921E-14  
701720    1.22664E-13  1.32307E-13  1.41925E-13  
701730    2.59005E-17  3.00932E-17  3.45841E-17  
701740    4.32994E-20  5.41326E-20  6.65963E-20  
701750    1.92360E-24  2.39886E-24  2.94361E-24  
701760    0.00000E+00  0.00000E+00  0.00000E+00  
711710    0.00000E+00  0.00000E+00  0.00000E+00  
711711    0.00000E+00  0.00000E+00  0.00000E+00  
711720    0.00000E+00  0.00000E+00  0.00000E+00  
711721    0.00000E+00  0.00000E+00  0.00000E+00  
711750    6.41218E-23  8.75915E-23  1.16607E-22  
711760    0.00000E+00  0.00000E+00  0.00000E+00  
721740    0.00000E+00  0.00000E+00  0.00000E+00  
721750    0.00000E+00  0.00000E+00  0.00000E+00  
721760    0.00000E+00  0.00000E+00  0.00000E+00  
721770    0.00000E+00  0.00000E+00  0.00000E+00  
721780    0.00000E+00  0.00000E+00  0.00000E+00  
721790    0.00000E+00  0.00000E+00  0.00000E+00  
721800    0.00000E+00  0.00000E+00  0.00000E+00  
721810    0.00000E+00  0.00000E+00  0.00000E+00  
721820    0.00000E+00  0.00000E+00  0.00000E+00  
731800    0.00000E+00  0.00000E+00  0.00000E+00  
731810    0.00000E+00  0.00000E+00  0.00000E+00  
731820    0.00000E+00  0.00000E+00  0.00000E+00  
741800    0.00000E+00  0.00000E+00  0.00000E+00  
741810    0.00000E+00  0.00000E+00  0.00000E+00  
741820    0.00000E+00  0.00000E+00  0.00000E+00  
741830    0.00000E+00  0.00000E+00  0.00000E+00  
741840    0.00000E+00  0.00000E+00  0.00000E+00  
741850    0.00000E+00  0.00000E+00  0.00000E+00  
741860    0.00000E+00  0.00000E+00  0.00000E+00  
751850    0.00000E+00  0.00000E+00  0.00000E+00  
751860    0.00000E+00  0.00000E+00  0.00000E+00  
751861    0.00000E+00  0.00000E+00  0.00000E+00  
751870    0.00000E+00  0.00000E+00  0.00000E+00  
761840    0.00000E+00  0.00000E+00  0.00000E+00  
761850    0.00000E+00  0.00000E+00  0.00000E+00  
761860    0.00000E+00  0.00000E+00  0.00000E+00  
761870    0.00000E+00  0.00000E+00  0.00000E+00  
761880    0.00000E+00  0.00000E+00  0.00000E+00  
761890    0.00000E+00  0.00000E+00  0.00000E+00  
761900    0.00000E+00  0.00000E+00  0.00000E+00  
761910    0.00000E+00  0.00000E+00  0.00000E+00  
761920    0.00000E+00  0.00000E+00  0.00000E+00  
771910    0.00000E+00  0.00000E+00  0.00000E+00  
771911    0.00000E+00  0.00000E+00  0.00000E+00  
771920    0.00000E+00  0.00000E+00  0.00000E+00  
771930    0.00000E+00  0.00000E+00  0.00000E+00  
771940    0.00000E+00  0.00000E+00  0.00000E+00  
771941    0.00000E+00  0.00000E+00  0.00000E+00  
781900    0.00000E+00  0.00000E+00  0.00000E+00  
781910    0.00000E+00  0.00000E+00  0.00000E+00  
781920    0.00000E+00  0.00000E+00  0.00000E+00  
781930    0.00000E+00  0.00000E+00  0.00000E+00  
781940    0.00000E+00  0.00000E+00  0.00000E+00  
781950    0.00000E+00  0.00000E+00  0.00000E+00  
781960    0.00000E+00  0.00000E+00  0.00000E+00  
781970    0.00000E+00  0.00000E+00  0.00000E+00  
781980    0.00000E+00  0.00000E+00  0.00000E+00  
791970    0.00000E+00  0.00000E+00  0.00000E+00  
791971    0.00000E+00  0.00000E+00  0.00000E+00  
801960    0.00000E+00  0.00000E+00  0.00000E+00  
801970    0.00000E+00  0.00000E+00  0.00000E+00  
801971    0.00000E+00  0.00000E+00  0.00000E+00  
801980    0.00000E+00  0.00000E+00  0.00000E+00  
801990    0.00000E+00  0.00000E+00  0.00000E+00  
802000    0.00000E+00  0.00000E+00  0.00000E+00  
802010    0.00000E+00  0.00000E+00  0.00000E+00  
802020    0.00000E+00  0.00000E+00  0.00000E+00  
802030    0.00000E+00  0.00000E+00  0.00000E+00  
802040    0.00000E+00  0.00000E+00  0.00000E+00  
802060    0.00000E+00  0.00000E+00  0.00000E+00  
812030    0.00000E+00  0.00000E+00  0.00000E+00  
812040    0.00000E+00  0.00000E+00  0.00000E+00  
812050    0.00000E+00  0.00000E+00  0.00000E+00  
812060    0.00000E+00  0.00000E+00  0.00000E+00  
812070    7.04346E-24  8.23368E-24  9.51718E-24  
812080    1.32364E-22  1.62998E-22  1.97689E-22  
812090    0.00000E+00  0.00000E+00  0.00000E+00  
812100    0.00000E+00  0.00000E+00  0.00000E+00  
822040    0.00000E+00  0.00000E+00  0.00000E+00  
822050    0.00000E+00  0.00000E+00  0.00000E+00  
822060    5.95261E-22  8.28149E-22  1.12409E-21  
822070    4.01338E-19  5.06978E-19  6.29741E-19  
822080    2.67925E-17  3.56362E-17  4.64393E-17  
822090    0.00000E+00  0.00000E+00  1.06430E-24  
822100    6.64222E-20  8.21891E-20  1.00221E-19  
822110    5.34542E-23  6.24869E-23  7.22276E-23  
822120    7.70278E-20  9.48539E-20  1.15040E-19  
822140    5.46027E-24  6.33263E-24  7.26873E-24  
832080    0.00000E+00  0.00000E+00  0.00000E+00  
832090    1.00957E-21  1.29101E-21  1.62235E-21  
832100    4.00774E-23  4.96756E-23  6.06644E-23  
832101    0.00000E+00  0.00000E+00  0.00000E+00  
832110    3.16874E-24  3.70420E-24  4.28162E-24  
832120    7.30436E-21  8.99490E-21  1.09093E-20  
832130    0.00000E+00  0.00000E+00  0.00000E+00  
832140    4.05508E-24  4.70295E-24  5.39816E-24  
832150    0.00000E+00  0.00000E+00  0.00000E+00  
842080    0.00000E+00  0.00000E+00  0.00000E+00  
842090    0.00000E+00  0.00000E+00  0.00000E+00  
842100    6.19278E-22  7.94862E-22  1.00125E-21  
842110    0.00000E+00  0.00000E+00  0.00000E+00  
842120    0.00000E+00  0.00000E+00  0.00000E+00  
842130    0.00000E+00  0.00000E+00  0.00000E+00  
842140    0.00000E+00  0.00000E+00  0.00000E+00  
842150    0.00000E+00  0.00000E+00  0.00000E+00  
842160    0.00000E+00  0.00000E+00  0.00000E+00  
842180    0.00000E+00  0.00000E+00  0.00000E+00  
852150    0.00000E+00  0.00000E+00  0.00000E+00  
852170    0.00000E+00  0.00000E+00  0.00000E+00  
852180    0.00000E+00  0.00000E+00  0.00000E+00  
852190    0.00000E+00  0.00000E+00  0.00000E+00  
862170    0.00000E+00  0.00000E+00  0.00000E+00  
862180    0.00000E+00  0.00000E+00  0.00000E+00  
862190    0.00000E+00  0.00000E+00  0.00000E+00  
862200    1.12044E-22  1.37952E-22  1.67287E-22  
862220    1.12207E-21  1.30133E-21  1.49369E-21  
872210    0.00000E+00  0.00000E+00  0.00000E+00  
872220    0.00000E+00  0.00000E+00  0.00000E+00  
872230    0.00000E+00  0.00000E+00  0.00000E+00  
882220    0.00000E+00  0.00000E+00  0.00000E+00  
882230    2.43738E-20  2.84922E-20  3.29335E-20  
882240    6.37251E-19  7.84601E-19  9.51445E-19  
882250    8.74399E-23  1.03294E-22  1.20642E-22  
882260    1.73709E-16  2.01276E-16  2.30844E-16  
882280    5.20235E-22  5.97467E-22  6.79212E-22  
892250    5.65677E-23  6.69981E-23  7.84221E-23  
892260    0.00000E+00  0.00000E+00  0.00000E+00  
892270    1.88196E-17  2.18384E-17  2.50822E-17  
892280    7.20855E-22  8.33131E-22  9.53177E-22  
902260    0.00000E+00  0.00000E+00  0.00000E+00  
902270    4.08528E-20  4.76197E-20  5.49070E-20  
902280    1.23699E-16  1.52106E-16  1.84245E-16  
902290    1.08352E-17  1.25775E-17  1.44531E-17  
902300    1.60529E-11  1.72690E-11  1.84824E-11  
902310    1.65890E-15  1.68060E-15  1.70213E-15  
902320    9.67925E-12  1.03824E-11  1.10807E-11  
902330    3.70785E-19  3.96102E-19  4.21081E-19  
902340    6.66606E-13  6.66583E-13  6.66561E-13  
912290    2.69219E-24  2.90565E-24  3.12003E-24  
912300    8.30483E-21  8.98045E-21  9.65979E-21  
912310    8.22348E-13  8.91012E-13  9.60367E-13  
912320    8.62056E-17  9.30387E-17  9.99012E-17  
912330    2.43073E-15  2.63692E-15  2.84371E-15  
912340    1.23616E-17  1.23617E-17  1.23619E-17  
912341    2.22625E-17  2.22617E-17  2.22610E-17  
922300    7.44781E-22  8.07366E-22  8.70469E-22  
922310    8.55530E-24  9.84207E-24  1.12142E-23  
922320    1.91436E-14  2.21931E-14  2.54688E-14  
922330    6.46271E-13  7.01057E-13  7.55567E-13  
922340    2.42013E-06  2.41740E-06  2.41469E-06  
922350    3.05958E-04  3.04400E-04  3.02856E-04  
922351    5.73960E-13  5.73434E-13  5.72954E-13  
922360    3.49947E-06  3.75000E-06  3.99822E-06  
922370    7.12105E-10  7.18468E-10  7.24783E-10  
922380    4.51393E-02  4.51378E-02  4.51363E-02  
922390    5.04153E-10  5.02084E-10  5.00097E-10  
922400    4.95590E-15  4.91547E-15  4.87679E-15  
922410    4.41392E-22  4.36010E-22  4.30880E-22  
932340    0.00000E+00  0.00000E+00  0.00000E+00  
932350    6.74149E-18  8.12455E-18  9.51823E-18  
932360    4.59514E-15  5.32334E-15  6.09959E-15  
932361    2.68392E-22  3.22360E-22  3.76362E-22  
932370    5.54024E-08  6.01220E-08  6.48754E-08  
932380    5.29261E-12  5.72172E-12  6.15137E-12  
932390    7.29339E-08  7.26346E-08  7.23471E-08  
932400    3.03098E-14  3.00626E-14  2.98260E-14  
932401    6.52112E-15  6.46793E-15  6.41703E-15  
932410    1.22707E-21  1.21211E-21  1.19785E-21  
942360    5.05113E-20  6.44498E-20  8.04854E-20  
942370    7.17033E-16  8.66497E-16  9.56521E-16  
942380    7.15150E-10  8.34969E-10  9.64886E-10  
942390    1.66318E-05  1.77429E-05  1.88305E-05  
942400    7.01268E-07  8.01836E-07  9.07887E-07  
942410    2.82319E-08  3.45354E-08  4.16181E-08  
942420    4.19722E-10  5.53149E-10  7.14546E-10  
942430    2.02983E-15  2.66448E-15  3.42869E-15  
942440    7.36508E-18  1.07343E-17  1.52240E-17  
942450    3.19898E-24  4.64471E-24  6.56312E-24  
942460    0.00000E+00  0.00000E+00  0.00000E+00  
952400    2.66683E-19  3.51030E-19  4.52710E-19  
952410    8.24430E-10  1.08851E-09  1.40811E-09  
952420    1.15860E-13  1.52401E-13  1.96430E-13  
952421    1.61383E-12  2.26135E-12  3.09137E-12  
952430    1.25268E-12  1.79182E-12  2.49377E-12  
952440    1.68179E-18  2.39650E-18  3.32300E-18  
952441    1.08304E-18  1.54289E-18  2.13891E-18  
952450    2.62972E-23  3.73391E-23  5.15987E-23  
952461    0.00000E+00  0.00000E+00  0.00000E+00  
962400    5.27866E-24  7.77021E-24  1.05784E-23  
962410    3.31007E-20  4.59990E-20  6.22817E-20  
962420    1.07312E-11  1.47293E-11  1.97403E-11  
962430    6.07378E-15  9.01227E-15  1.29699E-14  
962440    6.45641E-15  9.91500E-15  1.47642E-14  
962450    6.11944E-18  1.01533E-17  1.62073E-17  
962460    1.84310E-20  3.28571E-20  5.61922E-20  
962470    1.30236E-24  3.65888E-24  7.74470E-24  
962480    0.00000E+00  0.00000E+00  0.00000E+00  
962490    0.00000E+00  0.00000E+00  0.00000E+00  
962500    0.00000E+00  0.00000E+00  0.00000E+00  
972450    0.00000E+00  0.00000E+00  0.00000E+00  
972460    0.00000E+00  0.00000E+00  0.00000E+00  
972470    0.00000E+00  0.00000E+00  0.00000E+00  
972480    0.00000E+00  0.00000E+00  0.00000E+00  
972490    0.00000E+00  0.00000E+00  0.00000E+00  
972500    0.00000E+00  0.00000E+00  0.00000E+00  
972510    0.00000E+00  0.00000E+00  0.00000E+00  
982460    0.00000E+00  0.00000E+00  0.00000E+00  
982470    0.00000E+00  0.00000E+00  0.00000E+00  
982480    0.00000E+00  0.00000E+00  0.00000E+00  
982490    0.00000E+00  0.00000E+00  0.00000E+00  
982500    0.00000E+00  0.00000E+00  0.00000E+00  
982510    0.00000E+00  0.00000E+00  0.00000E+00  
982520    0.00000E+00  0.00000E+00  0.00000E+00  
982530    0.00000E+00  0.00000E+00  0.00000E+00  
982540    0.00000E+00  0.00000E+00  0.00000E+00  
992510    0.00000E+00  0.00000E+00  0.00000E+00  
992520    0.00000E+00  0.00000E+00  0.00000E+00  
992530    0.00000E+00  0.00000E+00  0.00000E+00  
992540    0.00000E+00  0.00000E+00  0.00000E+00  
992541    0.00000E+00  0.00000E+00  0.00000E+00  
992550    0.00000E+00  0.00000E+00  0.00000E+00  
1002540   0.00000E+00  0.00000E+00  0.00000E+00  
1002550   0.00000E+00  0.00000E+00  0.00000E+00  
