TIME      108308852.62892243114009318.55676045119709784.48459847
SYS BU    6.33333E-01  6.66667E-01  7.00000E-01  
CELL BU   6.33333E-01  6.66667E-01  7.00000E-01  
FLUX      6.19963E+12  6.17923E+12  6.15959E+12  
POW DENS  9.08389E+00  9.08389E+00  9.08389E+00  
POW       6.00000E-02  6.00000E-02  6.00000E-02  

10010     0.00000E+00  0.00000E+00  0.00000E+00  
10020     0.00000E+00  0.00000E+00  0.00000E+00  
10030     0.00000E+00  0.00000E+00  0.00000E+00  
20030     0.00000E+00  0.00000E+00  0.00000E+00  
20040     0.00000E+00  0.00000E+00  0.00000E+00  
30060     0.00000E+00  0.00000E+00  0.00000E+00  
30070     0.00000E+00  0.00000E+00  0.00000E+00  
40070     0.00000E+00  0.00000E+00  0.00000E+00  
40090     0.00000E+00  0.00000E+00  0.00000E+00  
40100     0.00000E+00  0.00000E+00  0.00000E+00  
50100     0.00000E+00  0.00000E+00  0.00000E+00  
50110     0.00000E+00  0.00000E+00  0.00000E+00  
60120     0.00000E+00  0.00000E+00  0.00000E+00  
60130     0.00000E+00  0.00000E+00  0.00000E+00  
60140     0.00000E+00  0.00000E+00  0.00000E+00  
70140     0.00000E+00  0.00000E+00  0.00000E+00  
70150     0.00000E+00  0.00000E+00  0.00000E+00  
80160     0.00000E+00  0.00000E+00  0.00000E+00  
80170     0.00000E+00  0.00000E+00  0.00000E+00  
80180     0.00000E+00  0.00000E+00  0.00000E+00  
90190     0.00000E+00  0.00000E+00  0.00000E+00  
100200    0.00000E+00  0.00000E+00  0.00000E+00  
100210    0.00000E+00  0.00000E+00  0.00000E+00  
100220    0.00000E+00  0.00000E+00  0.00000E+00  
110220    0.00000E+00  0.00000E+00  0.00000E+00  
110230    0.00000E+00  0.00000E+00  0.00000E+00  
120240    0.00000E+00  0.00000E+00  0.00000E+00  
120250    0.00000E+00  0.00000E+00  0.00000E+00  
120260    0.00000E+00  0.00000E+00  0.00000E+00  
130261    0.00000E+00  0.00000E+00  0.00000E+00  
130270    0.00000E+00  0.00000E+00  0.00000E+00  
140280    0.00000E+00  0.00000E+00  0.00000E+00  
140290    0.00000E+00  0.00000E+00  0.00000E+00  
140300    0.00000E+00  0.00000E+00  0.00000E+00  
140310    0.00000E+00  0.00000E+00  0.00000E+00  
140320    0.00000E+00  0.00000E+00  0.00000E+00  
150310    0.00000E+00  0.00000E+00  0.00000E+00  
150320    0.00000E+00  0.00000E+00  0.00000E+00  
160320    0.00000E+00  0.00000E+00  0.00000E+00  
160330    0.00000E+00  0.00000E+00  0.00000E+00  
160340    0.00000E+00  0.00000E+00  0.00000E+00  
160350    0.00000E+00  0.00000E+00  0.00000E+00  
160360    0.00000E+00  0.00000E+00  0.00000E+00  
170350    0.00000E+00  0.00000E+00  0.00000E+00  
170360    0.00000E+00  0.00000E+00  0.00000E+00  
170370    0.00000E+00  0.00000E+00  0.00000E+00  
180360    0.00000E+00  0.00000E+00  0.00000E+00  
180370    0.00000E+00  0.00000E+00  0.00000E+00  
180380    0.00000E+00  0.00000E+00  0.00000E+00  
180390    0.00000E+00  0.00000E+00  0.00000E+00  
180400    0.00000E+00  0.00000E+00  0.00000E+00  
180410    0.00000E+00  0.00000E+00  0.00000E+00  
190390    0.00000E+00  0.00000E+00  0.00000E+00  
190400    0.00000E+00  0.00000E+00  0.00000E+00  
190410    0.00000E+00  0.00000E+00  0.00000E+00  
200400    0.00000E+00  0.00000E+00  0.00000E+00  
200410    0.00000E+00  0.00000E+00  0.00000E+00  
200420    0.00000E+00  0.00000E+00  0.00000E+00  
200430    0.00000E+00  0.00000E+00  0.00000E+00  
200440    0.00000E+00  0.00000E+00  0.00000E+00  
200450    0.00000E+00  0.00000E+00  0.00000E+00  
200460    0.00000E+00  0.00000E+00  0.00000E+00  
200470    0.00000E+00  0.00000E+00  0.00000E+00  
200480    0.00000E+00  0.00000E+00  0.00000E+00  
210450    0.00000E+00  0.00000E+00  0.00000E+00  
210451    0.00000E+00  0.00000E+00  0.00000E+00  
210470    0.00000E+00  0.00000E+00  0.00000E+00  
210480    0.00000E+00  0.00000E+00  0.00000E+00  
220460    0.00000E+00  0.00000E+00  0.00000E+00  
220470    0.00000E+00  0.00000E+00  0.00000E+00  
220480    0.00000E+00  0.00000E+00  0.00000E+00  
220490    0.00000E+00  0.00000E+00  0.00000E+00  
220500    0.00000E+00  0.00000E+00  0.00000E+00  
220660    0.00000E+00  0.00000E+00  0.00000E+00  
230490    0.00000E+00  0.00000E+00  0.00000E+00  
230500    0.00000E+00  0.00000E+00  0.00000E+00  
230510    0.00000E+00  0.00000E+00  0.00000E+00  
230660    2.56452E-20  2.70035E-20  2.83573E-20  
230670    4.97706E-22  5.24066E-22  5.50341E-22  
230680    2.57380E-23  2.73545E-23  2.89659E-23  
230690    0.00000E+00  0.00000E+00  0.00000E+00  
240500    0.00000E+00  0.00000E+00  0.00000E+00  
240510    0.00000E+00  0.00000E+00  0.00000E+00  
240520    0.00000E+00  0.00000E+00  0.00000E+00  
240530    0.00000E+00  0.00000E+00  0.00000E+00  
240540    0.00000E+00  0.00000E+00  0.00000E+00  
240660    0.00000E+00  0.00000E+00  0.00000E+00  
240670    0.00000E+00  0.00000E+00  0.00000E+00  
240680    8.09762E-19  8.52650E-19  8.95399E-19  
240690    1.24634E-19  1.31235E-19  1.37815E-19  
240710    1.75781E-23  1.86821E-23  1.97826E-23  
250540    0.00000E+00  0.00000E+00  0.00000E+00  
250550    0.00000E+00  0.00000E+00  0.00000E+00  
250660    3.33061E-24  3.31948E-24  3.30874E-24  
250670    3.14054E-24  3.12981E-24  3.11946E-24  
250680    0.00000E+00  0.00000E+00  0.00000E+00  
250690    0.00000E+00  0.00000E+00  0.00000E+00  
250700    8.04380E-18  8.46983E-18  8.89448E-18  
250710    4.01261E-19  4.22512E-19  4.43696E-19  
250720    3.69735E-21  3.89343E-21  4.08893E-21  
250730    7.24078E-22  7.62343E-22  8.00481E-22  
250740    2.54507E-23  2.70492E-23  2.86425E-23  
260540    0.00000E+00  0.00000E+00  0.00000E+00  
260550    0.00000E+00  0.00000E+00  0.00000E+00  
260560    0.00000E+00  0.00000E+00  0.00000E+00  
260570    0.00000E+00  0.00000E+00  0.00000E+00  
260580    0.00000E+00  0.00000E+00  0.00000E+00  
260660    3.15000E-22  3.14134E-22  3.13298E-22  
260670    8.71378E-22  8.68244E-22  8.65218E-22  
260680    2.22012E-22  2.21229E-22  2.20474E-22  
260690    4.29321E-23  4.27862E-23  4.26455E-23  
260700    9.04845E-24  9.01838E-24  8.98937E-24  
260710    0.00000E+00  0.00000E+00  0.00000E+00  
260720    0.00000E+00  0.00000E+00  0.00000E+00  
260730    1.87547E-17  1.97407E-17  2.07232E-17  
260740    8.00765E-19  8.43177E-19  8.85453E-19  
260750    1.53688E-20  1.61696E-20  1.69672E-20  
260770    5.65622E-22  5.95579E-22  6.25440E-22  
270580    0.00000E+00  0.00000E+00  0.00000E+00  
270581    0.00000E+00  0.00000E+00  0.00000E+00  
270590    0.00000E+00  0.00000E+00  0.00000E+00  
270660    2.36307E-22  2.36148E-22  2.35999E-22  
270670    2.42846E-21  2.42100E-21  2.41381E-21  
270680    1.20951E-21  1.20637E-21  1.20334E-21  
270690    1.22814E-21  1.22575E-21  1.22345E-21  
270700    4.01172E-22  4.00632E-22  4.00117E-22  
270710    1.28308E-22  1.27982E-22  1.27668E-22  
270720    3.12619E-23  3.11714E-23  3.10838E-23  
270730    1.08677E-23  1.08251E-23  1.07838E-23  
270740    1.07899E-24  1.07460E-24  1.07035E-24  
270750    0.00000E+00  0.00000E+00  0.00000E+00  
270760    2.61481E-17  2.75021E-17  2.88504E-17  
270770    1.10616E-17  1.16467E-17  1.22300E-17  
270780    1.18078E-19  1.24275E-19  1.30450E-19  
270790    2.51513E-20  2.64834E-20  2.78112E-20  
280580    0.00000E+00  0.00000E+00  0.00000E+00  
280590    0.00000E+00  0.00000E+00  0.00000E+00  
280600    0.00000E+00  0.00000E+00  0.00000E+00  
280610    0.00000E+00  0.00000E+00  0.00000E+00  
280620    0.00000E+00  0.00000E+00  0.00000E+00  
280630    6.63900E-21  7.37788E-21  8.15318E-21  
280640    1.05948E-19  1.17488E-19  1.29585E-19  
280660    2.48072E-16  2.48210E-16  2.48351E-16  
280670    1.39003E-19  1.38674E-19  1.38357E-19  
280680    2.87764E-19  2.87643E-19  2.87534E-19  
280690    1.78723E-19  1.79162E-19  1.79594E-19  
280700    1.50797E-19  1.51599E-19  1.52383E-19  
280710    7.05850E-20  7.07114E-20  7.08360E-20  
280720    5.72237E-20  5.72114E-20  5.71994E-20  
280730    2.97135E-20  2.96013E-20  2.94920E-20  
280740    1.35990E-20  1.35304E-20  1.34634E-20  
280750    3.97780E-21  3.95461E-21  3.93201E-21  
280760    4.85826E-22  4.82608E-22  4.79469E-22  
280770    2.09454E-23  2.08280E-23  2.07137E-23  
280780    5.96514E-24  5.93741E-24  5.91052E-24  
280790    6.15852E-16  6.48478E-16  6.81001E-16  
280800    1.00936E-17  1.06262E-17  1.11569E-17  
280810    2.94845E-19  3.10461E-19  3.26027E-19  
290630    4.88310E-23  5.74961E-23  6.70975E-23  
290640    0.00000E+00  0.00000E+00  0.00000E+00  
290650    4.53562E-22  5.16625E-22  5.83303E-22  
290660    3.88003E-19  3.88229E-19  3.88461E-19  
290670    1.47700E-15  1.47359E-15  1.47031E-15  
290680    3.13484E-19  3.13459E-19  3.13444E-19  
290681    2.81421E-20  2.87369E-20  2.93175E-20  
290690    2.97007E-18  2.98313E-18  2.99594E-18  
290700    1.35063E-18  1.36206E-18  1.37323E-18  
290701    2.13621E-19  2.18623E-19  2.23503E-19  
290710    1.08003E-18  1.08954E-18  1.09884E-18  
290720    7.73210E-19  7.79519E-19  7.85670E-19  
290730    1.08878E-18  1.09015E-18  1.09148E-18  
290740    5.39665E-19  5.38956E-19  5.38262E-19  
290750    4.74494E-19  4.72448E-19  4.70451E-19  
290760    1.94494E-19  1.93299E-19  1.92132E-19  
290770    8.16271E-20  8.11000E-20  8.05859E-20  
290780    1.82711E-20  1.81624E-20  1.80566E-20  
290790    1.37384E-21  1.36986E-21  1.36604E-21  
290800    1.45553E-22  1.44964E-22  1.44394E-22  
290810    5.68285E-15  5.98415E-15  6.28452E-15  
290820    4.88599E-16  5.14284E-16  5.39879E-16  
290830    7.09428E-18  7.46905E-18  7.84257E-18  
290840    4.46936E-19  4.70607E-19  4.94202E-19  
300640    0.00000E+00  0.00000E+00  0.00000E+00  
300650    3.26960E-22  3.45989E-22  3.65513E-22  
300660    9.08246E-14  9.58088E-14  1.00796E-13  
300670    4.90999E-13  5.17112E-13  5.43166E-13  
300680    7.35035E-13  7.74916E-13  8.14801E-13  
300690    5.89856E-17  5.92517E-17  5.95124E-17  
300691    2.42167E-18  2.50783E-18  2.59185E-18  
300700    2.25855E-12  2.39648E-12  2.53588E-12  
300710    8.31701E-18  8.39384E-18  8.46896E-18  
300711    7.28065E-17  7.49343E-17  7.70108E-17  
300720    2.90276E-14  2.94047E-14  2.97723E-14  
300730    1.21966E-17  1.22725E-17  1.23464E-17  
300740    1.34773E-16  1.35160E-16  1.35536E-16  
300750    3.36689E-17  3.36213E-17  3.35746E-17  
300760    3.86442E-17  3.84819E-17  3.83234E-17  
300770    2.27205E-17  2.25804E-17  2.24437E-17  
300780    1.82026E-17  1.80780E-17  1.79564E-17  
300790    6.04556E-18  6.00355E-18  5.96255E-18  
300800    5.61679E-19  5.58262E-19  5.54931E-19  
300810    2.69362E-20  2.68780E-20  2.68224E-20  
300820    2.95802E-21  2.93969E-21  2.92183E-21  
300830    1.06463E-22  1.06073E-22  1.05696E-22  
300840    3.28591E-13  3.44381E-13  3.60045E-13  
300850    9.46748E-17  9.96710E-17  1.04650E-16  
300860    6.58263E-17  6.90112E-17  7.21718E-17  
300870    3.18268E-19  3.35125E-19  3.51927E-19  
310660    0.00000E+00  0.00000E+00  0.00000E+00  
310670    0.00000E+00  0.00000E+00  0.00000E+00  
310680    6.88313E-24  7.17967E-24  7.47103E-24  
310690    1.21111E-12  1.27999E-12  1.34919E-12  
310700    1.62645E-20  1.70442E-20  1.78180E-20  
310710    4.02677E-12  4.27154E-12  4.51895E-12  
310720    8.88610E-15  9.00367E-15  9.11827E-15  
310721    2.76068E-22  2.80448E-22  2.84720E-22  
310730    9.39351E-15  9.45916E-15  9.52314E-15  
310740    7.40397E-16  7.43528E-16  7.46576E-16  
310741    5.96798E-19  6.09742E-19  6.22359E-19  
310750    5.40288E-16  5.40906E-16  5.41504E-16  
310760    3.61895E-16  3.61335E-16  3.60787E-16  
310770    3.50709E-16  3.49655E-16  3.48624E-16  
310780    2.54168E-16  2.53055E-16  2.51968E-16  
310790    1.93773E-16  1.92735E-16  1.91722E-16  
310800    7.36120E-17  7.32228E-17  7.28428E-17  
310810    3.71207E-17  3.68926E-17  3.66700E-17  
310820    1.36133E-17  1.35129E-17  1.34148E-17  
310830    4.87282E-19  4.84938E-19  4.82661E-19  
310840    2.99401E-18  2.96938E-18  2.94534E-18  
310850    1.89763E-12  1.99739E-12  2.09680E-12  
310860    3.04963E-21  3.02465E-21  3.00026E-21  
310870    1.27252E-14  1.33656E-14  1.40024E-14  
310880    1.43135E-16  1.50130E-16  1.57077E-16  
310890    2.92532E-18  3.08025E-18  3.23469E-18  
320680    0.00000E+00  0.00000E+00  0.00000E+00  
320690    0.00000E+00  0.00000E+00  0.00000E+00  
320700    4.96061E-16  5.47645E-16  6.01637E-16  
320710    1.30083E-19  1.35595E-19  1.41012E-19  
320711    0.00000E+00  0.00000E+00  0.00000E+00  
320720    1.11051E-11  1.18004E-11  1.25047E-11  
320730    3.69018E-11  3.90225E-11  4.11577E-11  
320731    2.63978E-19  2.65823E-19  2.67622E-19  
320740    1.09522E-10  1.15613E-10  1.21732E-10  
320750    2.15704E-14  2.16017E-14  2.16319E-14  
320751    9.79836E-18  9.86441E-18  9.92872E-18  
320760    8.94458E-10  9.41134E-10  9.87782E-10  
320770    1.22204E-12  1.22058E-12  1.21915E-12  
320771    2.66924E-17  2.70305E-17  2.73599E-17  
320780    4.20958E-13  4.20412E-13  4.19877E-13  
320790    2.16580E-15  2.16052E-15  2.15537E-15  
320791    1.98255E-15  1.98444E-15  1.98626E-15  
320800    1.19773E-14  1.19322E-14  1.18881E-14  
320810    3.51259E-15  3.49708E-15  3.48192E-15  
320811    9.61496E-17  9.55587E-17  9.49821E-17  
320820    2.12800E-15  2.11496E-15  2.10224E-15  
320830    3.42315E-16  3.40206E-16  3.38148E-16  
320840    1.06346E-16  1.05621E-16  1.04913E-16  
320850    7.33315E-18  7.29267E-18  7.25332E-18  
320860    1.89093E-16  1.87533E-16  1.86009E-16  
320870    9.85483E-19  9.77414E-19  9.69535E-19  
320880    1.15241E-20  1.14323E-20  1.13426E-20  
320890    3.80627E-23  3.79342E-23  3.78102E-23  
320900    1.22436E-16  1.28865E-16  1.35276E-16  
320910    1.74794E-17  1.83971E-17  1.93115E-17  
320920    1.67166E-18  1.76019E-18  1.84844E-18  
330710    0.00000E+00  0.00000E+00  0.00000E+00  
330720    9.72312E-23  1.01101E-22  1.04874E-22  
330730    5.79824E-19  6.05002E-19  6.29884E-19  
330740    2.20007E-18  2.28901E-18  2.37785E-18  
330741    1.26346E-16  1.38488E-16  1.51091E-16  
330750    3.20036E-10  3.37153E-10  3.54295E-10  
330760    1.03643E-15  1.08208E-15  1.12731E-15  
330770    4.26670E-12  4.26275E-12  4.25886E-12  
330780    4.39525E-13  4.39079E-13  4.38641E-13  
330790    9.53923E-14  9.53383E-14  9.52850E-14  
330800    7.14361E-15  7.12713E-15  7.11099E-15  
330810    2.44966E-14  2.44585E-14  2.44212E-14  
330820    1.75690E-14  1.74769E-14  1.73869E-14  
330821    1.77581E-15  1.78528E-15  1.79452E-15  
330830    1.65641E-14  1.64836E-14  1.64051E-14  
330840    2.00340E-15  1.99261E-15  1.98209E-15  
330841    2.97427E-08  3.12258E-08  3.27016E-08  
330850    1.00717E-15  1.00075E-15  9.94488E-16  
330860    1.89853E-15  1.88330E-15  1.86842E-15  
330870    1.00528E-16  9.97536E-17  9.89978E-17  
330880    4.45218E-17  4.41568E-17  4.38004E-17  
330890    7.86152E-20  7.82201E-20  7.78365E-20  
330900    1.39576E-21  1.39015E-21  1.38472E-21  
330910    3.66483E-13  3.85586E-13  4.04612E-13  
330920    2.97828E-14  3.13598E-14  3.29317E-14  
330930    4.96615E-17  5.22550E-17  5.48385E-17  
330940    4.36716E-18  4.59846E-18  4.82901E-18  
340730    0.00000E+00  0.00000E+00  0.00000E+00  
340731    0.00000E+00  0.00000E+00  0.00000E+00  
340740    1.96813E-17  2.16269E-17  2.36491E-17  
340750    5.57311E-19  5.85170E-19  6.12838E-19  
340760    4.45139E-13  4.89145E-13  5.35026E-13  
340770    2.29994E-09  2.41952E-09  2.53896E-09  
340771    1.76705E-18  1.76556E-18  1.76409E-18  
340780    6.13066E-09  6.44987E-09  6.76882E-09  
340790    1.32527E-08  1.39433E-08  1.46334E-08  
340791    4.05275E-14  4.05049E-14  4.04825E-14  
340800    3.64300E-08  3.83016E-08  4.01696E-08  
340810    8.59303E-13  8.58486E-13  8.57681E-13  
340811    2.12116E-13  2.13177E-13  2.14209E-13  
340820    9.41904E-08  9.90141E-08  1.03827E-07  
340830    2.36862E-12  2.35958E-12  2.35074E-12  
340831    9.17470E-15  9.17849E-15  9.18211E-15  
340840    5.32326E-13  5.30190E-13  5.28103E-13  
340850    5.72223E-14  5.69696E-14  5.67228E-14  
340851    1.25489E-07  1.31778E-07  1.38040E-07  
340860    6.19021E-14  6.15380E-14  6.11825E-14  
340870    1.49274E-14  1.48332E-14  1.47413E-14  
340880    1.89806E-15  1.88539E-15  1.87302E-15  
340890    9.75741E-17  9.69979E-17  9.64369E-17  
340900    1.07588E-17  1.06969E-17  1.06367E-17  
340910    1.80281E-18  1.79404E-18  1.78553E-18  
340920    5.71312E-20  5.68872E-20  5.66508E-20  
340930    1.36377E-21  1.35775E-21  1.35191E-21  
340940    1.03602E-22  1.03608E-22  1.03616E-22  
340950    1.26097E-16  1.32779E-16  1.39445E-16  
340960    4.80944E-17  5.06302E-17  5.31576E-17  
340970    6.77058E-19  7.12917E-19  7.48661E-19  
350750    0.00000E+00  0.00000E+00  0.00000E+00  
350770    4.25836E-21  4.42817E-21  4.59369E-21  
350771    4.11108E-24  4.27443E-24  4.43365E-24  
350780    8.29477E-22  8.62186E-22  8.94073E-22  
350790    7.32466E-12  7.71051E-12  8.09644E-12  
350791    6.01177E-22  6.24301E-22  6.46840E-22  
350800    1.81452E-18  1.86595E-18  1.91643E-18  
350801    1.76532E-17  1.80965E-17  1.85296E-17  
350810    5.88092E-08  6.18674E-08  6.49227E-08  
350820    2.29265E-13  2.38265E-13  2.47140E-13  
350821    3.91747E-16  4.08891E-16  4.25877E-16  
350830    1.70536E-11  1.69950E-11  1.69376E-11  
350840    5.33165E-12  5.31122E-12  5.29125E-12  
350841    3.03563E-14  3.06375E-14  3.09115E-14  
350850    4.61425E-13  4.59615E-13  4.57846E-13  
350860    2.85857E-13  2.84385E-13  2.82948E-13  
350861    6.62391E-08  6.96630E-08  7.30819E-08  
350870    4.03008E-13  4.00957E-13  3.98955E-13  
350880    9.99417E-14  9.93980E-14  9.88672E-14  
350890    1.81264E-14  1.80339E-14  1.79437E-14  
350900    4.36882E-15  4.34872E-15  4.32911E-15  
350910    4.93127E-16  4.89896E-16  4.86745E-16  
350920    4.93026E-17  4.90196E-17  4.87442E-17  
350930    2.66220E-18  2.66686E-18  2.67145E-18  
350940    2.90808E-19  2.94813E-19  2.98722E-19  
350950    2.39900E-21  2.39051E-21  2.38231E-21  
350960    6.29589E-22  6.26954E-22  6.24396E-22  
350970    1.51351E-14  1.60254E-14  1.69211E-14  
350980    3.78419E-15  3.96624E-15  4.14686E-15  
350990    1.42978E-17  1.50551E-17  1.58099E-17  
351000    2.49357E-19  2.62563E-19  2.75728E-19  
360770    0.00000E+00  0.00000E+00  0.00000E+00  
360780    0.00000E+00  0.00000E+00  0.00000E+00  
360790    1.55018E-21  1.61198E-21  1.67224E-21  
360791    0.00000E+00  0.00000E+00  0.00000E+00  
360800    8.14849E-14  8.77576E-14  9.42040E-14  
360810    6.52789E-15  7.15108E-15  7.79793E-15  
360811    2.73755E-22  2.84810E-22  2.95634E-22  
360820    7.96241E-11  8.69829E-11  9.46228E-11  
360830    1.51209E-07  1.58737E-07  1.66229E-07  
360831    1.30004E-11  1.29557E-11  1.29120E-11  
360840    2.26963E-07  2.38568E-07  2.50146E-07  
360850    4.64780E-08  4.85321E-08  5.05521E-08  
360851    4.30262E-11  4.28572E-11  4.26921E-11  
360860    4.36532E-07  4.58250E-07  4.79862E-07  
360870    3.98625E-11  3.96754E-11  3.94927E-11  
360880    1.20369E-10  1.19777E-10  1.19199E-10  
360890    2.88832E-12  2.87307E-12  2.85819E-12  
360900    5.41580E-13  5.38465E-13  5.35424E-13  
360910    1.02619E-13  1.01995E-13  1.01387E-13  
360920    1.13616E-14  1.12915E-14  1.12231E-14  
360930    2.50142E-15  2.48578E-15  2.47053E-15  
360940    9.90994E-17  9.86129E-17  9.81397E-17  
360950    6.17956E-18  6.15005E-18  6.12141E-18  
360960    1.06468E-17  1.05819E-17  1.05186E-17  
360970    8.20008E-20  8.44476E-20  8.68330E-20  
360980    2.40549E-19  2.38578E-19  2.36653E-19  
360990    1.27233E-22  1.26812E-22  1.26407E-22  
361000    2.60894E-23  2.58771E-23  2.56698E-23  
361010    5.12343E-17  5.38935E-17  5.65417E-17  
361020    5.29780E-18  5.57839E-18  5.85807E-18  
370790    0.00000E+00  0.00000E+00  0.00000E+00  
370810    7.09398E-23  7.37595E-23  7.65079E-23  
370830    2.22356E-16  2.31816E-16  2.41158E-16  
370840    3.26384E-16  3.37022E-16  3.50424E-16  
370850    1.70094E-07  1.78930E-07  1.87758E-07  
370860    9.44967E-13  9.89331E-13  1.03244E-12  
370861    7.56789E-18  7.86792E-18  8.16373E-18  
370870    6.88033E-07  7.22368E-07  7.56546E-07  
370880    1.26696E-11  1.26088E-11  1.25494E-11  
370890    1.46455E-11  1.45731E-11  1.45024E-11  
370900    2.40754E-12  2.39422E-12  2.38121E-12  
370901    1.24621E-12  1.24210E-12  1.23809E-12  
370910    1.17101E-12  1.16538E-12  1.15987E-12  
370920    7.84118E-14  7.80506E-14  7.76979E-14  
370930    7.65240E-14  7.61752E-14  7.58348E-14  
370940    1.75125E-14  1.74389E-14  1.73671E-14  
370950    1.18220E-15  1.17824E-15  1.17437E-15  
370960    1.96944E-16  1.95911E-16  1.94905E-16  
370970    2.47282E-17  2.45791E-17  2.44338E-17  
370980    3.76237E-18  3.74537E-18  3.72889E-18  
370990    2.31612E-19  2.30859E-19  2.30134E-19  
371000    5.62446E-18  5.57811E-18  5.53284E-18  
371010    4.95308E-22  4.92903E-22  4.90571E-22  
371020    4.69975E-23  4.68409E-23  4.66900E-23  
371030    1.20101E-16  1.26513E-16  1.32911E-16  
371040    1.37625E-17  1.44915E-17  1.52181E-17  
371050    3.06440E-18  3.22669E-18  3.38847E-18  
371060    0.00000E+00  0.00000E+00  0.00000E+00  
380830    8.51899E-23  8.85822E-23  9.18887E-23  
380840    1.84808E-16  2.03366E-16  2.22617E-16  
380850    3.64077E-17  3.78874E-17  3.93529E-17  
380851    1.49572E-20  1.55275E-20  1.60834E-20  
380860    2.29810E-11  2.53564E-11  2.78387E-11  
380870    1.14544E-12  1.24002E-12  1.33749E-12  
380871    4.54948E-17  4.69506E-17  4.83733E-17  
380880    9.38721E-07  9.85479E-07  1.03202E-06  
380890    7.09125E-08  7.05626E-08  7.02188E-08  
380900    1.53527E-06  1.60807E-06  1.68017E-06  
380910    7.31173E-10  7.27936E-10  7.24774E-10  
380920    2.10019E-10  2.09212E-10  2.08422E-10  
380930    1.00380E-11  1.00057E-11  9.97422E-12  
380940    1.67870E-12  1.67347E-12  1.66835E-12  
380950    4.69375E-13  4.67836E-13  4.66334E-13  
380960    1.52887E-14  1.52304E-14  1.51734E-14  
380970    2.89457E-15  2.88267E-15  2.87107E-15  
380980    2.18367E-15  2.17408E-15  2.16473E-15  
380990    1.85197E-16  1.84309E-16  1.83445E-16  
381000    3.60569E-17  3.58760E-17  3.57001E-17  
381010    3.07285E-18  3.05540E-18  3.03842E-18  
381020    1.43375E-19  1.42731E-19  1.42108E-19  
381030    3.01561E-21  3.00631E-21  2.99736E-21  
381040    2.29233E-22  2.28396E-22  2.27589E-22  
381050    5.61022E-23  5.59165E-23  5.57376E-23  
381060    4.12391E-21  4.95504E-21  5.89628E-21  
381070    0.00000E+00  0.00000E+00  0.00000E+00  
381080    0.00000E+00  0.00000E+00  0.00000E+00  
381090    0.00000E+00  0.00000E+00  0.00000E+00  
390850    0.00000E+00  0.00000E+00  0.00000E+00  
390870    5.28906E-19  5.49592E-19  5.69754E-19  
390871    0.00000E+00  0.00000E+00  0.00000E+00  
390880    3.65483E-15  3.79715E-15  3.95335E-15  
390890    1.20896E-06  1.27295E-06  1.33663E-06  
390891    2.46033E-17  2.44849E-17  2.43686E-17  
390900    3.88996E-10  4.07504E-10  4.25834E-10  
390901    9.16299E-16  9.45418E-16  9.73842E-16  
390910    1.07086E-07  1.06613E-07  1.06147E-07  
390911    3.70150E-11  3.68512E-11  3.66913E-11  
390920    2.77593E-10  2.76528E-10  2.75488E-10  
390930    8.42628E-10  8.40031E-10  8.37494E-10  
390931    6.48558E-15  6.46598E-15  6.44682E-15  
390940    2.68843E-11  2.68139E-11  2.67450E-11  
390950    1.49863E-11  1.49547E-11  1.49238E-11  
390960    8.10250E-14  8.07356E-14  8.04533E-14  
390961    7.66270E-14  7.66574E-14  7.66866E-14  
390970    4.48181E-14  4.47124E-14  4.46092E-14  
390971    8.43814E-15  8.42795E-15  8.41798E-15  
390980    4.35953E-15  4.35153E-15  4.34374E-15  
390981    9.23899E-15  9.23911E-15  9.23923E-15  
390990    1.27558E-14  1.27259E-14  1.26968E-14  
391000    2.13396E-15  2.12727E-15  2.12078E-15  
391010    5.91082E-16  5.88213E-16  5.85423E-16  
391020    3.53054E-16  3.50443E-16  3.47897E-16  
391030    9.45707E-18  9.42346E-18  9.39101E-18  
391040    1.04434E-18  1.03968E-18  1.03517E-18  
391050    7.80050E-20  7.77614E-20  7.75270E-20  
391060    0.00000E+00  0.00000E+00  0.00000E+00  
391070    0.00000E+00  0.00000E+00  0.00000E+00  
391080    0.00000E+00  0.00000E+00  0.00000E+00  
391090    1.15821E-18  1.21373E-18  1.26880E-18  
391100    2.05417E-20  2.15262E-20  2.25027E-20  
391110    2.51155E-19  2.64457E-19  2.77716E-19  
400870    0.00000E+00  0.00000E+00  0.00000E+00  
400880    2.04082E-20  2.12989E-20  2.21787E-20  
400890    2.95224E-18  3.24415E-18  3.54813E-18  
400891    0.00000E+00  0.00000E+00  0.00000E+00  
400900    6.53026E-08  7.21326E-08  7.92784E-08  
400901    1.70250E-23  1.76665E-23  1.82919E-23  
400910    1.55116E-06  1.63464E-06  1.71775E-06  
400920    1.70530E-06  1.79123E-06  1.87683E-06  
400930    1.78143E-06  1.87197E-06  1.96223E-06  
400940    1.85463E-06  1.94938E-06  2.04389E-06  
400950    1.37023E-07  1.36740E-07  1.36461E-07  
400960    1.87860E-06  1.97541E-06  2.07203E-06  
400970    1.42511E-09  1.42357E-09  1.42206E-09  
400980    6.90667E-13  6.90408E-13  6.90153E-13  
400990    4.74725E-14  4.74315E-14  4.73915E-14  
401000    1.59379E-13  1.59233E-13  1.59091E-13  
401010    2.88818E-14  2.88293E-14  2.87782E-14  
401020    2.41759E-14  2.41021E-14  2.40302E-14  
401030    3.12304E-15  3.11084E-15  3.09900E-15  
401040    6.63206E-16  6.61536E-16  6.59925E-16  
401050    2.53387E-16  2.51572E-16  2.49801E-16  
401060    8.28958E-20  8.43005E-20  8.57053E-20  
401070    2.14731E-21  2.20096E-21  2.25362E-21  
401080    4.13568E-23  4.23730E-23  4.33804E-23  
401090    1.48529E-22  1.47346E-22  1.46193E-22  
401100    2.88568E-24  2.86196E-24  2.83880E-24  
401110    6.14819E-15  6.47381E-15  6.79839E-15  
401120    1.91597E-18  2.01733E-18  2.11835E-18  
401130    1.41994E-19  1.49514E-19  1.57011E-19  
401140    6.97368E-21  7.34303E-21  7.71118E-21  
410890    0.00000E+00  0.00000E+00  0.00000E+00  
410900    0.00000E+00  0.00000E+00  0.00000E+00  
410910    2.12956E-18  2.33658E-18  2.55155E-18  
410911    0.00000E+00  0.00000E+00  0.00000E+00  
410920    1.93573E-16  2.12115E-16  2.31357E-16  
410930    1.12229E-13  1.27720E-13  1.44511E-13  
410931    1.30352E-12  1.43889E-12  1.58041E-12  
410940    5.01124E-13  5.46037E-13  5.92493E-13  
410941    1.69537E-18  1.75699E-18  1.81705E-18  
410950    7.49383E-08  7.47811E-08  7.46272E-08  
410951    8.35064E-11  8.33344E-11  8.31655E-11  
410960    4.71454E-13  4.77448E-13  4.83326E-13  
410970    1.02645E-10  1.02542E-10  1.02441E-10  
410971    1.31967E-12  1.31826E-12  1.31689E-12  
410980    6.56310E-14  6.56079E-14  6.55851E-14  
410981    4.62297E-13  4.62634E-13  4.62958E-13  
410990    2.21777E-13  2.21608E-13  2.21443E-13  
410991    1.50199E-12  1.50266E-12  1.50331E-12  
411000    3.59310E-14  3.59160E-14  3.59013E-14  
411001    4.50360E-15  4.53505E-15  4.56570E-15  
411010    1.48888E-13  1.48986E-13  1.49081E-13  
411020    5.16875E-14  5.16545E-14  5.16226E-14  
411021    4.78901E-15  4.81211E-15  4.83466E-15  
411030    1.40026E-14  1.40329E-14  1.40625E-14  
411040    1.06506E-14  1.06753E-14  1.06997E-14  
411041    1.52370E-15  1.52975E-15  1.53569E-15  
411050    4.75540E-15  4.76921E-15  4.78282E-15  
411060    2.02297E-16  2.02411E-16  2.02539E-16  
411070    1.46768E-17  1.47045E-17  1.47326E-17  
411080    9.87462E-19  9.89296E-19  9.91162E-19  
411090    3.61579E-19  3.58968E-19  3.56424E-19  
411100    1.28231E-20  1.27401E-20  1.26591E-20  
411110    5.80066E-21  5.78129E-21  5.76262E-21  
411120    3.17387E-23  3.16306E-23  3.15264E-23  
411130    1.10287E-24  1.09920E-24  1.09567E-24  
411140    1.24426E-16  1.31040E-16  1.37636E-16  
411150    1.41852E-19  1.49383E-19  1.56894E-19  
411160    8.31258E-21  8.75293E-21  9.19189E-21  
420910    0.00000E+00  0.00000E+00  0.00000E+00  
420920    0.00000E+00  0.00000E+00  0.00000E+00  
420930    6.63468E-18  6.78392E-18  6.94073E-18  
420931    8.85647E-23  9.20857E-23  9.55178E-23  
420940    2.16773E-13  2.42221E-13  2.69015E-13  
420950    1.68150E-06  1.77908E-06  1.87644E-06  
420960    3.00648E-09  3.34783E-09  3.70635E-09  
420970    1.79524E-06  1.88874E-06  1.98215E-06  
420980    1.73682E-06  1.82797E-06  1.91910E-06  
420990    5.87978E-09  5.87817E-09  5.87659E-09  
421000    1.92840E-06  2.03010E-06  2.13181E-06  
421010    1.89786E-11  1.89896E-11  1.90003E-11  
421020    1.28080E-11  1.28332E-11  1.28578E-11  
421030    1.02015E-12  1.02614E-12  1.03199E-12  
421040    6.20173E-13  6.25561E-13  6.30823E-13  
421050    2.28180E-13  2.30844E-13  2.33446E-13  
421060    2.77059E-14  2.80958E-14  2.84770E-14  
421070    3.86519E-15  3.90452E-15  3.94311E-15  
421080    3.93186E-16  3.97987E-16  4.02694E-16  
421090    5.05262E-17  5.03325E-17  5.01462E-17  
421100    8.22956E-18  8.18408E-18  8.13986E-18  
421110    9.79575E-19  9.75612E-19  9.71779E-19  
421120    1.65083E-19  1.64492E-19  1.63921E-19  
421130    4.12070E-21  4.10684E-21  4.09348E-21  
421140    1.89059E-22  1.89608E-22  1.90149E-22  
421150    4.32366E-24  4.31287E-24  4.30284E-24  
421160    2.20846E-16  2.32561E-16  2.44239E-16  
421170    4.64508E-19  4.89090E-19  5.13592E-19  
421180    7.59843E-20  8.00086E-20  8.40200E-20  
430950    0.00000E+00  0.00000E+00  0.00000E+00  
430951    0.00000E+00  0.00000E+00  0.00000E+00  
430970    3.22351E-16  3.51167E-16  3.81207E-16  
430971    1.89079E-17  1.97316E-17  2.05445E-17  
430980    3.62919E-13  3.87758E-13  4.13157E-13  
430990    1.84769E-06  1.94472E-06  2.04170E-06  
430991    4.70462E-10  4.70333E-10  4.70207E-10  
431000    2.39005E-15  2.50725E-15  2.62387E-15  
431010    1.84531E-11  1.84640E-11  1.84747E-11  
431020    1.00015E-13  1.00215E-13  1.00410E-13  
431021    1.34311E-14  1.35861E-14  1.37370E-14  
431030    8.41914E-13  8.46957E-13  8.51879E-13  
431040    1.20508E-11  1.21617E-11  1.22700E-11  
431050    3.46012E-12  3.51194E-12  3.56252E-12  
431060    1.57309E-13  1.60520E-13  1.63656E-13  
431070    4.97018E-14  5.09090E-14  5.20889E-14  
431080    4.41568E-15  4.51957E-15  4.62131E-15  
431090    3.56821E-16  3.65159E-16  3.73320E-16  
431100    1.00573E-16  1.01096E-16  1.01613E-16  
431110    9.80081E-18  9.80329E-18  9.80616E-18  
431120    2.47220E-18  2.46595E-18  2.45994E-18  
431130    3.82065E-19  3.80815E-19  3.79611E-19  
431140    7.93903E-20  8.01935E-20  8.09784E-20  
431150    3.10208E-21  3.09801E-21  3.09444E-21  
431160    5.33625E-22  5.32292E-22  5.31021E-22  
431170    4.87279E-24  4.85702E-24  4.84187E-24  
431180    1.19829E-24  1.19432E-24  1.19050E-24  
431190    3.68335E-18  3.87861E-18  4.07325E-18  
431200    1.28768E-19  1.35588E-19  1.42386E-19  
431210    9.03087E-21  9.50917E-21  9.98593E-21  
440960    0.00000E+00  0.00000E+00  0.00000E+00  
440970    0.00000E+00  0.00000E+00  0.00000E+00  
440980    1.59242E-17  1.76986E-17  1.95722E-17  
440990    7.05532E-11  7.48403E-11  7.91836E-11  
441000    5.92187E-09  6.54641E-09  7.20078E-09  
441010    1.60858E-06  1.69385E-06  1.77916E-06  
441020    1.39026E-06  1.46544E-06  1.54078E-06  
441030    5.23404E-08  5.26636E-08  5.29804E-08  
441040    7.35652E-07  7.79218E-07  8.23183E-07  
441050    1.21763E-10  1.23600E-10  1.25392E-10  
441060    1.13975E-07  1.18132E-07  1.22169E-07  
441070    6.46426E-13  6.63980E-13  6.81125E-13  
441080    4.54223E-13  4.68543E-13  4.82532E-13  
441090    2.52720E-14  2.60423E-14  2.67951E-14  
441091    1.32313E-08  1.45106E-08  1.58392E-08  
441100    5.85914E-15  6.03335E-15  6.20362E-15  
441110    4.85699E-16  4.98383E-16  5.10782E-16  
441120    1.84553E-16  1.88154E-16  1.91673E-16  
441130    4.22889E-17  4.29152E-17  4.35280E-17  
441140    1.08888E-17  1.10694E-17  1.12460E-17  
441150    3.22451E-18  3.24919E-18  3.27351E-18  
441160    2.12563E-19  2.12928E-19  2.13297E-19  
441170    2.06588E-20  2.06206E-20  2.05844E-20  
441180    2.73550E-21  2.72714E-21  2.71910E-21  
441190    1.96789E-22  1.96152E-22  1.95538E-22  
441200    6.99173E-24  6.96797E-24  6.94509E-24  
441210    2.21167E-16  2.32881E-16  2.44558E-16  
441220    1.13877E-18  1.19908E-18  1.25920E-18  
441230    2.46016E-20  2.59046E-20  2.72034E-20  
450990    0.00000E+00  0.00000E+00  0.00000E+00  
451010    1.32669E-17  1.34382E-17  1.36137E-17  
451011    8.99166E-21  9.35151E-21  9.70231E-21  
451020    1.95527E-14  2.08046E-14  2.20819E-14  
451021    1.32805E-16  1.39279E-16  1.45688E-16  
451030    1.01190E-06  1.07097E-06  1.13029E-06  
451031    5.13579E-11  5.16751E-11  5.19859E-11  
451040    2.18607E-14  2.30606E-14  2.42606E-14  
451041    1.02312E-14  1.07927E-14  1.13544E-14  
451050    9.65148E-10  9.79738E-10  9.93982E-10  
451051    8.63681E-14  8.76706E-14  8.89421E-14  
451060    1.07207E-13  1.11104E-13  1.14889E-13  
451061    1.14081E-13  1.15455E-13  1.16792E-13  
451070    3.80310E-12  3.90716E-12  4.00880E-12  
451080    2.81624E-14  2.90519E-14  2.99210E-14  
451081    4.50327E-15  4.68271E-15  4.85769E-15  
451090    6.04340E-14  6.22934E-14  6.41106E-14  
451091    9.46239E-10  1.03840E-09  1.13414E-09  
451100    3.17755E-17  3.30180E-17  3.42301E-17  
451101    1.46783E-14  1.51174E-14  1.55465E-14  
451110    2.85938E-15  2.93727E-15  3.01340E-15  
451120    2.85059E-16  2.91154E-16  2.97108E-16  
451130    2.91045E-16  2.95820E-16  3.00487E-16  
451140    1.12775E-16  1.14658E-16  1.16497E-16  
451150    3.22504E-17  3.26215E-17  3.29844E-17  
451160    8.87243E-18  8.96412E-18  9.05388E-18  
451170    2.34161E-18  2.34832E-18  2.35495E-18  
451180    3.90256E-19  3.89777E-19  3.89328E-19  
451190    4.85932E-20  4.84688E-20  4.83498E-20  
451200    5.78703E-21  5.76394E-21  5.74162E-21  
451210    4.00109E-22  3.98791E-22  3.97521E-22  
451220    1.63057E-23  1.62515E-23  1.61993E-23  
451230    0.00000E+00  0.00000E+00  0.00000E+00  
451240    1.03924E-17  1.09415E-17  1.14887E-17  
451250    1.52856E-19  1.60952E-19  1.69021E-19  
461010    0.00000E+00  0.00000E+00  0.00000E+00  
461020    6.92678E-15  7.90576E-15  8.94613E-15  
461030    2.33516E-17  2.58250E-17  2.85418E-17  
461040    1.84582E-08  2.05433E-08  2.27398E-08  
461050    4.67765E-07  4.97794E-07  5.28265E-07  
461060    1.51358E-07  1.65869E-07  1.80892E-07  
461070    1.50796E-07  1.62463E-07  1.74440E-07  
461071    5.09470E-19  5.47522E-19  5.86377E-19  
461080    8.14301E-08  8.81950E-08  9.51683E-08  
461090    3.74875E-11  3.86535E-11  3.97941E-11  
461091    3.06728E-17  3.31148E-17  3.56229E-17  
461100    2.60730E-08  2.81752E-08  3.03391E-08  
461110    3.65040E-13  3.74986E-13  3.84706E-13  
461111    5.72354E-16  5.84236E-16  5.96174E-16  
461120    1.03072E-11  1.05270E-11  1.07417E-11  
461130    1.00348E-14  1.01915E-14  1.03446E-14  
461140    1.19144E-14  1.20901E-14  1.22616E-14  
461150    1.74945E-15  1.76757E-15  1.78526E-15  
461160    7.17774E-16  7.27770E-16  7.37523E-16  
461170    2.26131E-16  2.27539E-16  2.28914E-16  
461180    4.54888E-17  4.57013E-17  4.59095E-17  
461190    6.59735E-18  6.61217E-18  6.62691E-18  
461200    5.40523E-18  5.36961E-18  5.33488E-18  
461210    1.87473E-19  1.86846E-19  1.86241E-19  
461220    2.05466E-20  2.04738E-20  2.04035E-20  
461230    3.49454E-21  3.48170E-21  3.46931E-21  
461240    7.21713E-23  7.17697E-23  7.13793E-23  
461250    2.00616E-23  1.99950E-23  1.99308E-23  
461260    0.00000E+00  0.00000E+00  0.00000E+00  
461270    0.00000E+00  0.00000E+00  0.00000E+00  
461280    3.47887E-19  3.64540E-19  3.81058E-19  
461290    0.00000E+00  0.00000E+00  0.00000E+00  
461300    1.76279E-17  1.84718E-17  1.93088E-17  
461310    0.00000E+00  0.00000E+00  0.00000E+00  
471050    0.00000E+00  0.00000E+00  0.00000E+00  
471051    0.00000E+00  0.00000E+00  0.00000E+00  
471060    3.16997E-24  3.29985E-24  3.42699E-24  
471061    3.60565E-21  3.75075E-21  3.89227E-21  
471070    2.30041E-14  2.60143E-14  2.92512E-14  
471071    2.35652E-23  2.45018E-23  2.54149E-23  
471080    1.00760E-20  1.08029E-20  1.15463E-20  
471081    5.41595E-16  5.94268E-16  6.48970E-16  
471090    3.66998E-08  3.96836E-08  4.27551E-08  
471091    3.00822E-14  3.10179E-14  3.19332E-14  
471100    3.51035E-16  3.78330E-16  4.06321E-16  
471101    9.60182E-12  1.05683E-11  1.15680E-11  
471110    1.65359E-10  1.69904E-10  1.74346E-10  
471111    1.67300E-14  1.71858E-14  1.76312E-14  
471120    1.53404E-12  1.56675E-12  1.59871E-12  
471130    1.36692E-12  1.38825E-12  1.40911E-12  
471131    7.09912E-15  7.20992E-15  7.31821E-15  
471140    3.91238E-16  3.96711E-16  4.02056E-16  
471150    8.64642E-14  8.73450E-14  8.82047E-14  
471151    8.62693E-17  8.59473E-17  8.56323E-17  
471160    1.86407E-14  1.88361E-14  1.90266E-14  
471161    9.78881E-17  9.94012E-17  1.00876E-16  
471170    4.68615E-15  4.72515E-15  4.76321E-15  
471171    5.93529E-17  6.04017E-17  6.14239E-17  
471180    1.76427E-16  1.77657E-16  1.78857E-16  
471181    4.04279E-17  4.07943E-17  4.11517E-17  
471190    9.17088E-17  9.20785E-17  9.24400E-17  
471200    2.32956E-17  2.32963E-17  2.32974E-17  
471201    1.89875E-18  1.91553E-18  1.93197E-18  
471210    1.14589E-17  1.14414E-17  1.14245E-17  
471220    1.35252E-18  1.34873E-18  1.34507E-18  
471221    4.87885E-19  4.86535E-19  4.85232E-19  
471230    5.87990E-19  5.85164E-19  5.82420E-19  
471240    3.43510E-19  3.40888E-19  3.38329E-19  
471250    7.07029E-21  7.04680E-21  7.02416E-21  
471260    0.00000E+00  0.00000E+00  0.00000E+00  
471270    0.00000E+00  0.00000E+00  0.00000E+00  
471280    0.00000E+00  0.00000E+00  0.00000E+00  
471290    0.00000E+00  0.00000E+00  0.00000E+00  
471300    1.05399E-21  1.04531E-21  1.03684E-21  
471310    4.14095E-14  4.33923E-14  4.53591E-14  
471320    1.24001E-16  1.30569E-16  1.37115E-16  
471330    6.24403E-18  6.57474E-18  6.90438E-18  
481060    0.00000E+00  0.00000E+00  0.00000E+00  
481070    0.00000E+00  0.00000E+00  0.00000E+00  
481080    2.25150E-15  2.53135E-15  2.83092E-15  
481090    6.19769E-18  7.14383E-18  8.19374E-18  
481100    4.46079E-10  5.06145E-10  5.70806E-10  
481110    1.33550E-08  1.43890E-08  1.54506E-08  
481111    1.79506E-19  2.03008E-19  2.28217E-19  
481120    7.74338E-09  8.28729E-09  8.84263E-09  
481130    9.48327E-10  9.68216E-10  9.87649E-10  
481131    7.04379E-11  7.47166E-11  7.90350E-11  
481140    1.09798E-08  1.17219E-08  1.24757E-08  
481150    1.37953E-11  1.39263E-11  1.40541E-11  
481151    1.58881E-11  1.60556E-11  1.62196E-11  
481160    5.47151E-09  5.80252E-09  6.13706E-09  
481170    5.67959E-13  5.73395E-13  5.78698E-13  
481171    1.72228E-13  1.74051E-13  1.75828E-13  
481180    2.01618E-13  2.03091E-13  2.04529E-13  
481190    7.19957E-15  7.24090E-15  7.28126E-15  
481191    3.17246E-15  3.19633E-15  3.21962E-15  
481200    3.27867E-15  3.29633E-15  3.31357E-15  
481210    4.53718E-16  4.55929E-16  4.58089E-16  
481211    1.83709E-16  1.85214E-16  1.86683E-16  
481220    3.13981E-16  3.14411E-16  3.14832E-16  
481230    9.21789E-17  9.18270E-17  9.14842E-17  
481240    5.70703E-17  5.66439E-17  5.62279E-17  
481250    1.36047E-17  1.35020E-17  1.34018E-17  
481260    1.32718E-17  1.31631E-17  1.30570E-17  
481270    9.58460E-18  9.50576E-18  9.42876E-18  
481280    3.15661E-18  3.13063E-18  3.10525E-18  
481290    3.77609E-21  3.76146E-21  3.74733E-21  
481300    4.50154E-17  4.46445E-17  4.42823E-17  
481310    2.96452E-18  2.94006E-18  2.91618E-18  
481320    4.32662E-21  4.31380E-21  4.30148E-21  
481330    1.54076E-13  1.62234E-13  1.70365E-13  
481340    1.71850E-15  1.80942E-15  1.90004E-15  
481350    1.60631E-17  1.69138E-17  1.77618E-17  
481360    6.09152E-20  6.41414E-20  6.73573E-20  
491090    0.00000E+00  0.00000E+00  0.00000E+00  
491110    0.00000E+00  0.00000E+00  0.00000E+00  
491120    5.97648E-24  6.64261E-24  7.34549E-24  
491121    0.00000E+00  0.00000E+00  0.00000E+00  
491130    5.57180E-12  6.21325E-12  6.89260E-12  
491131    0.00000E+00  0.00000E+00  0.00000E+00  
491140    3.35812E-20  3.74316E-20  4.14876E-20  
491141    1.10434E-15  1.23590E-15  1.37438E-15  
491150    4.60168E-09  4.86714E-09  5.13421E-09  
491151    1.15755E-12  1.16854E-12  1.17928E-12  
491160    1.56954E-17  1.65462E-17  1.73986E-17  
491161    5.96748E-15  6.29099E-15  6.61510E-15  
491170    1.21325E-13  1.22523E-13  1.23693E-13  
491171    4.05881E-13  4.09768E-13  4.13559E-13  
491180    3.34288E-16  3.36735E-16  3.39123E-16  
491181    2.33163E-18  2.38996E-18  2.44680E-18  
491190    4.61672E-15  4.64864E-15  4.67977E-15  
491191    4.37075E-14  4.39617E-14  4.42099E-14  
491200    2.02940E-16  2.04076E-16  2.05186E-16  
491201    6.23116E-17  6.32984E-17  6.42600E-17  
491210    1.09869E-15  1.10834E-15  1.11776E-15  
491211    5.86112E-15  5.89829E-15  5.93458E-15  
491220    1.01261E-16  1.01627E-16  1.01983E-16  
491221    7.81502E-17  7.98136E-17  8.14356E-17  
491230    2.50623E-16  2.52651E-16  2.54629E-16  
491231    1.63332E-15  1.63290E-15  1.63251E-15  
491240    2.01644E-16  2.01779E-16  2.01910E-16  
491241    7.02006E-17  7.16228E-17  7.30102E-17  
491250    9.07817E-17  9.13186E-17  9.18426E-17  
491251    4.89520E-16  4.92143E-16  4.94703E-16  
491260    6.84847E-17  6.86445E-17  6.88006E-17  
491261    3.11448E-17  3.16622E-17  3.21675E-17  
491270    1.95867E-16  1.95097E-16  1.94344E-16  
491271    1.59056E-16  1.60588E-16  1.62084E-16  
491280    7.06446E-17  7.09838E-17  7.13144E-17  
491281    5.25154E-17  5.28723E-17  5.32203E-17  
491290    6.51452E-17  6.47539E-17  6.43723E-17  
491291    1.22792E-16  1.22074E-16  1.21373E-16  
491300    8.44351E-17  8.38455E-17  8.32698E-17  
491301    1.24245E-17  1.25197E-17  1.26127E-17  
491310    1.04684E-17  1.04232E-17  1.03792E-17  
491311    8.23002E-18  8.21363E-18  8.19776E-18  
491320    7.53301E-18  7.49697E-18  7.46193E-18  
491330    3.89752E-19  3.88205E-19  3.86709E-19  
491340    9.81799E-12  1.03345E-11  1.08492E-11  
491350    3.85085E-22  3.83814E-22  3.82589E-22  
491360    4.92487E-15  5.18553E-15  5.44534E-15  
491370    1.02626E-16  1.07777E-16  1.12898E-16  
491380    1.50568E-18  1.58543E-18  1.66492E-18  
501110    0.00000E+00  0.00000E+00  0.00000E+00  
501120    7.35112E-20  8.56959E-20  9.92037E-20  
501130    3.65809E-22  2.81649E-22  2.30183E-22  
501131    0.00000E+00  0.00000E+00  0.00000E+00  
501140    1.11593E-14  1.31030E-14  1.52630E-14  
501150    2.37418E-10  2.51519E-10  2.65747E-10  
501160    1.08180E-10  1.20218E-10  1.32892E-10  
501170    5.15174E-09  5.45926E-09  5.76975E-09  
501171    1.92240E-13  1.94164E-13  1.96044E-13  
501180    4.57085E-09  4.83568E-09  5.10244E-09  
501190    4.84592E-09  5.12500E-09  5.40589E-09  
501191    5.46094E-11  5.54494E-11  5.62282E-11  
501200    4.68991E-09  4.95624E-09  5.22411E-09  
501210    6.66577E-12  6.71803E-12  6.76906E-12  
501211    3.73540E-10  3.95386E-10  4.17396E-10  
501220    5.49697E-09  5.81213E-09  6.12937E-09  
501230    1.08478E-10  1.11406E-10  1.14281E-10  
501231    1.86156E-13  1.87135E-13  1.88091E-13  
501240    9.84059E-09  1.04174E-08  1.09991E-08  
501250    5.82755E-11  5.92667E-11  6.02337E-11  
501251    6.80491E-14  6.84406E-14  6.88223E-14  
501260    2.06507E-08  2.19005E-08  2.31639E-08  
501270    3.84900E-12  3.88846E-12  3.92693E-12  
501271    7.46122E-14  7.53083E-14  7.59871E-14  
501280    5.32737E-12  5.35088E-12  5.37378E-12  
501281    4.77166E-15  4.79299E-15  4.81377E-15  
501290    2.01985E-13  2.03295E-13  2.04573E-13  
501291    3.59028E-13  3.59832E-13  3.60615E-13  
501300    5.39784E-13  5.38825E-13  5.37889E-13  
501301    2.36556E-13  2.36222E-13  2.35896E-13  
501310    1.07749E-13  1.07477E-13  1.07213E-13  
501311    1.08881E-13  1.08610E-13  1.08345E-13  
501320    1.06061E-13  1.05868E-13  1.05681E-13  
501330    9.06987E-16  9.02270E-16  8.97678E-16  
501340    1.07844E-16  1.07312E-16  1.06794E-16  
501350    5.10178E-10  5.36541E-10  5.62799E-10  
501360    9.89191E-20  9.85451E-20  9.81839E-20  
501370    5.97415E-12  6.26602E-12  6.55582E-12  
501380    4.08108E-14  4.29685E-14  4.51191E-14  
501390    3.04404E-16  3.20479E-16  3.36502E-16  
501400    1.57072E-17  1.65392E-17  1.73687E-17  
501410    4.67920E-18  4.92702E-18  5.17405E-18  
511150    0.00000E+00  0.00000E+00  0.00000E+00  
511170    0.00000E+00  0.00000E+00  0.00000E+00  
511180    0.00000E+00  0.00000E+00  0.00000E+00  
511181    3.46222E-23  3.60001E-23  3.73434E-23  
511190    7.81612E-20  8.11948E-20  8.41519E-20  
511200    1.64991E-20  1.72309E-20  1.79536E-20  
511201    7.91098E-18  8.21821E-18  8.51769E-18  
511210    4.65327E-09  4.92412E-09  5.19705E-09  
511220    4.72308E-14  4.97178E-14  5.22072E-14  
511221    6.25815E-18  6.54051E-18  6.82014E-18  
511230    5.90949E-09  6.25556E-09  6.60429E-09  
511240    8.00585E-13  8.36874E-13  8.72248E-13  
511241    2.70661E-18  2.79873E-18  2.88921E-18  
511250    8.59175E-09  8.94507E-09  9.28993E-09  
511260    3.64320E-12  3.66341E-12  3.68316E-12  
511261    4.05843E-15  4.06957E-15  4.08038E-15  
511270    2.82461E-10  2.85309E-10  2.88085E-10  
511280    4.19304E-12  4.24376E-12  4.29319E-12  
511281    9.73302E-13  9.78236E-13  9.83044E-13  
511290    4.41245E-11  4.44335E-11  4.47348E-11  
511291    5.22042E-14  5.23211E-14  5.24350E-14  
511300    7.27156E-12  7.28641E-12  7.30088E-12  
511301    1.61327E-12  1.61357E-12  1.61386E-12  
511310    1.44242E-11  1.44169E-11  1.44097E-11  
511320    1.39231E-12  1.39346E-12  1.39458E-12  
511321    8.32818E-13  8.30464E-13  8.28170E-13  
511330    1.38879E-12  1.38362E-12  1.37858E-12  
511340    1.29238E-15  1.28797E-15  1.28368E-15  
511341    1.58265E-14  1.57738E-14  1.57226E-14  
511350    1.25884E-15  1.25400E-15  1.24931E-15  
511360    8.88558E-17  8.84769E-17  8.81100E-17  
511370    1.10095E-16  1.09210E-16  1.08347E-16  
511380    1.87275E-19  1.86588E-19  1.85926E-19  
511390    6.04395E-12  6.36247E-12  6.67991E-12  
511400    3.16475E-13  3.33058E-13  3.49579E-13  
511410    9.01806E-14  9.49569E-14  9.97179E-14  
511420    6.77341E-17  7.12989E-17  7.48513E-17  
511430    6.31271E-18  6.64705E-18  6.98031E-18  
521180    0.00000E+00  0.00000E+00  0.00000E+00  
521190    0.00000E+00  0.00000E+00  0.00000E+00  
521200    6.58104E-20  7.22066E-20  7.88496E-20  
521210    3.40316E-19  3.56320E-19  3.72185E-19  
521211    1.38940E-18  1.45886E-18  1.52709E-18  
521220    7.22011E-12  8.01264E-12  8.84586E-12  
521230    2.99181E-14  3.32433E-14  3.67347E-14  
521231    6.03834E-15  6.34227E-15  6.64519E-15  
521240    7.03575E-12  7.69120E-12  8.37477E-12  
521250    3.85922E-09  4.25232E-09  4.66138E-09  
521251    1.06927E-10  1.11725E-10  1.16405E-10  
521260    4.58719E-10  4.84343E-10  5.10085E-10  
521270    2.80890E-11  2.83756E-11  2.86555E-11  
521271    1.20981E-09  1.22297E-09  1.23593E-09  
521280    1.15113E-07  1.21607E-07  1.28137E-07  
521290    1.10735E-11  1.11508E-11  1.12262E-11  
521291    1.32773E-09  1.33670E-09  1.34551E-09  
521300    5.63964E-07  5.94173E-07  6.24425E-07  
521310    1.63249E-11  1.63366E-11  1.63480E-11  
521311    2.32873E-10  2.34714E-10  2.36509E-10  
521320    5.00472E-09  5.00859E-09  5.01236E-09  
521330    1.11030E-11  1.10905E-11  1.10784E-11  
521331    4.43878E-11  4.43471E-11  4.43074E-11  
521340    6.66831E-11  6.65215E-11  6.63639E-11  
521350    2.52211E-13  2.51567E-13  2.50939E-13  
521360    9.44683E-14  9.40437E-14  9.36302E-14  
521370    4.24617E-15  4.22596E-15  4.20629E-15  
521380    4.92285E-16  4.89695E-16  4.87177E-16  
521390    1.77065E-17  1.76213E-17  1.75388E-17  
521400    1.76667E-17  1.75290E-17  1.73946E-17  
521410    3.09955E-19  3.08878E-19  3.07839E-19  
521420    5.88980E-21  5.86711E-21  5.84517E-21  
521430    1.54667E-13  1.62859E-13  1.71025E-13  
521440    1.19395E-16  1.25706E-16  1.32000E-16  
521450    1.09875E-17  1.15696E-17  1.21498E-17  
521460    7.89393E-19  8.31201E-19  8.72875E-19  
531210    0.00000E+00  0.00000E+00  0.00000E+00  
531230    3.47850E-21  3.61684E-21  3.75168E-21  
531250    1.32570E-19  1.15194E-19  1.09759E-19  
531260    1.08077E-16  1.14163E-16  1.20446E-16  
531270    5.44082E-08  5.77226E-08  6.10699E-08  
531280    3.16846E-15  3.34855E-15  3.52960E-15  
531290    1.92783E-07  2.03904E-07  2.15099E-07  
531300    6.36057E-13  6.66889E-13  6.97669E-13  
531301    4.30027E-15  4.51959E-15  4.73898E-15  
531310    8.55602E-09  8.56988E-09  8.58339E-09  
531320    1.51148E-10  1.51311E-10  1.51469E-10  
531321    5.74910E-13  5.90345E-13  6.05394E-13  
531330    2.03815E-09  2.03789E-09  2.03763E-09  
531331    1.77016E-14  1.77954E-14  1.78867E-14  
531340    9.80155E-11  9.79460E-11  9.78782E-11  
531341    4.17615E-13  4.21854E-13  4.25987E-13  
531350    6.04869E-10  6.04796E-10  6.04723E-10  
531360    8.85492E-13  8.83195E-13  8.80959E-13  
531361    2.49738E-13  2.50112E-13  2.50477E-13  
531370    3.00536E-13  3.00033E-13  2.99543E-13  
531380    3.98709E-14  3.98152E-14  3.97611E-14  
531390    7.28072E-15  7.24928E-15  7.21866E-15  
531400    6.35272E-16  6.32552E-16  6.29908E-16  
531410    8.41707E-17  8.37047E-17  8.32510E-17  
531420    6.72982E-18  6.70267E-18  6.67630E-18  
531430    5.57168E-19  5.55329E-19  5.53558E-19  
531440    5.83385E-21  5.81340E-21  5.79370E-21  
531450    3.61905E-22  3.60732E-22  3.59603E-22  
531460    1.40445E-14  1.47883E-14  1.55297E-14  
531470    1.75135E-17  1.84144E-17  1.93112E-17  
531480    1.23997E-18  1.30565E-18  1.37111E-18  
541230    0.00000E+00  0.00000E+00  0.00000E+00  
541240    0.00000E+00  0.00000E+00  0.00000E+00  
541250    0.00000E+00  0.00000E+00  0.00000E+00  
541251    0.00000E+00  0.00000E+00  0.00000E+00  
541260    1.63857E-15  1.82410E-15  2.02003E-15  
541270    3.22302E-19  3.56694E-19  3.94914E-19  
541271    0.00000E+00  0.00000E+00  0.00000E+00  
541280    6.92580E-11  7.72357E-11  8.56558E-11  
541290    3.46143E-14  3.96926E-14  4.52387E-14  
541291    3.84431E-17  4.27799E-17  4.73413E-17  
541300    6.20363E-10  6.83385E-10  7.49401E-10  
541310    8.87858E-07  9.35413E-07  9.82988E-07  
541311    1.36803E-10  1.37029E-10  1.37250E-10  
541320    1.36014E-06  1.43362E-06  1.50723E-06  
541330    1.23406E-08  1.23397E-08  1.23388E-08  
541331    1.51812E-10  1.51948E-10  1.52080E-10  
541340    2.36784E-06  2.49179E-06  2.61569E-06  
541341    6.72318E-17  6.84250E-17  6.95880E-17  
541350    7.46362E-10  7.47227E-10  7.48066E-10  
541351    4.82904E-12  4.84162E-12  4.85387E-12  
541360    2.20758E-06  2.32393E-06  2.44029E-06  
541370    5.51806E-12  5.51572E-12  5.51343E-12  
541380    2.04903E-11  2.04597E-11  2.04298E-11  
541390    7.58656E-13  7.56402E-13  7.54205E-13  
541400    1.86561E-13  1.85770E-13  1.84999E-13  
541410    8.71615E-15  8.67671E-15  8.63830E-15  
541420    2.27487E-15  2.26388E-15  2.25319E-15  
541430    4.20492E-17  4.18384E-17  4.16337E-17  
541431    1.09284E-08  1.14794E-08  1.20277E-08  
541440    5.68639E-17  5.65945E-17  5.63333E-17  
541450    6.44127E-19  6.42117E-19  6.40185E-19  
541460    9.65647E-20  9.62029E-20  9.58537E-20  
541470    9.65082E-22  9.59210E-22  9.53503E-22  
541480    3.31853E-14  3.49416E-14  3.66923E-14  
541490    4.23932E-17  4.46267E-17  4.68525E-17  
541500    5.22389E-18  5.50056E-18  5.77634E-18  
541510    8.15756E-19  8.58961E-19  9.02027E-19  
551270    0.00000E+00  0.00000E+00  0.00000E+00  
551290    0.00000E+00  0.00000E+00  0.00000E+00  
551310    2.74181E-18  2.85609E-18  2.97720E-18  
551320    1.87155E-15  1.95591E-15  2.03990E-15  
551330    2.02007E-06  2.12668E-06  2.23325E-06  
551340    5.85701E-09  6.37602E-09  6.90576E-09  
551341    2.16288E-13  2.26927E-13  2.37514E-13  
551350    1.67544E-06  1.76493E-06  1.85452E-06  
551351    1.51369E-14  1.56205E-14  1.60918E-14  
551360    1.15081E-10  1.19488E-10  1.23850E-10  
551361    7.65568E-16  7.88070E-16  8.10020E-16  
551370    1.77307E-06  1.86277E-06  1.95212E-06  
551380    5.23368E-11  5.22817E-11  5.22279E-11  
551381    1.90026E-13  1.91609E-13  1.93152E-13  
551390    1.37955E-11  1.37773E-11  1.37597E-11  
551400    1.39645E-12  1.39294E-12  1.38951E-12  
551410    4.10792E-13  4.10101E-13  4.09428E-13  
551420    1.76716E-14  1.76136E-14  1.75571E-14  
551430    1.00141E-14  9.97520E-15  9.93725E-15  
551440    1.88364E-15  1.87529E-15  1.86717E-15  
551450    2.32212E-16  2.31220E-16  2.30257E-16  
551460    1.74265E-17  1.73512E-17  1.72782E-17  
551470    2.44182E-18  2.42616E-18  2.41093E-18  
551480    9.33589E-20  9.30302E-20  9.27135E-20  
551490    5.74704E-22  5.72576E-22  5.70526E-22  
551500    5.88054E-23  5.86103E-23  5.84225E-23  
551510    1.05613E-23  1.05263E-23  1.04925E-23  
551520    1.02530E-17  1.07959E-17  1.13371E-17  
551530    5.48604E-19  5.77660E-19  6.06622E-19  
551540    0.00000E+00  0.00000E+00  0.00000E+00  
561300    0.00000E+00  0.00000E+00  0.00000E+00  
561310    2.63328E-24  2.88055E-24  3.14146E-24  
561320    2.58121E-15  2.83328E-15  3.09643E-15  
561330    9.29970E-17  1.08382E-16  1.25598E-16  
561340    2.45307E-09  2.82377E-09  3.22625E-09  
561350    1.48031E-12  1.66624E-12  1.86688E-12  
561351    5.19012E-16  5.50896E-16  5.83709E-16  
561360    5.53574E-09  6.02491E-09  6.53169E-09  
561361    3.50710E-18  3.64136E-18  3.77423E-18  
561370    7.11704E-08  7.87538E-08  8.67103E-08  
561371    2.71347E-13  2.85066E-13  2.98731E-13  
561380    1.99563E-06  2.09956E-06  2.20341E-06  
561390    1.25415E-10  1.25273E-10  1.25133E-10  
561400    2.68792E-08  2.68459E-08  2.68132E-08  
561410    2.52024E-11  2.51746E-11  2.51475E-11  
561420    1.40753E-11  1.40523E-11  1.40298E-11  
561430    3.00463E-13  2.99640E-13  2.98836E-13  
561440    1.88326E-13  1.87647E-13  1.86985E-13  
561450    3.18052E-14  3.16691E-14  3.15364E-14  
561460    7.92994E-15  7.88678E-15  7.84472E-15  
561470    8.96826E-16  8.91360E-16  8.86037E-16  
561480    8.14017E-17  8.09729E-17  8.05567E-17  
561490    5.12653E-18  5.10655E-18  5.08727E-18  
561500    4.46359E-19  4.44773E-19  4.43245E-19  
561510    6.15792E-20  6.13767E-20  6.11818E-20  
561520    8.43090E-22  8.40302E-22  8.37618E-22  
561530    2.85587E-23  2.84640E-23  2.83729E-23  
561540    1.28522E-16  1.35330E-16  1.42115E-16  
561550    7.15192E-19  7.53091E-19  7.90873E-19  
561560    4.60128E-20  4.84497E-20  5.08788E-20  
571330    0.00000E+00  0.00000E+00  0.00000E+00  
571350    1.70648E-20  1.77439E-20  1.84058E-20  
571370    7.53557E-14  8.25951E-14  9.01094E-14  
571380    9.93692E-12  1.04959E-11  1.10580E-11  
571390    1.90784E-06  2.00691E-06  2.10587E-06  
571400    3.54632E-09  3.54222E-09  3.53821E-09  
571410    3.25911E-10  3.25573E-10  3.25241E-10  
571420    1.23676E-10  1.23505E-10  1.23338E-10  
571430    1.91252E-11  1.90858E-11  1.90473E-11  
571440    8.42062E-13  8.39853E-13  8.37696E-13  
571450    3.64130E-13  3.63156E-13  3.62205E-13  
571460    4.04492E-14  4.02948E-14  4.01442E-14  
571461    2.87918E-14  2.87399E-14  2.86893E-14  
571470    1.53697E-14  1.53356E-14  1.53025E-14  
571480    1.93635E-15  1.92727E-15  1.91845E-15  
571490    4.75059E-16  4.73279E-16  4.71556E-16  
571500    7.72941E-17  7.70343E-17  7.67839E-17  
571510    1.12479E-17  1.12101E-17  1.11738E-17  
571520    7.11200E-19  7.08929E-19  7.06750E-19  
571530    5.57930E-20  5.56130E-20  5.54401E-20  
571540    1.58248E-21  1.57740E-21  1.57252E-21  
571550    3.41314E-23  3.40238E-23  3.39206E-23  
571560    8.17440E-16  8.60740E-16  9.03901E-16  
571570    1.61884E-18  1.70461E-18  1.79012E-18  
571580    3.39347E-20  3.57328E-20  3.75253E-20  
571590    1.83994E-21  1.93738E-21  2.03452E-21  
581350    0.00000E+00  0.00000E+00  0.00000E+00  
581360    0.00000E+00  0.00000E+00  0.00000E+00  
581370    1.81478E-21  1.88696E-21  1.95732E-21  
581371    0.00000E+00  0.00000E+00  0.00000E+00  
581380    4.03118E-16  4.31713E-16  4.61164E-16  
581390    3.52862E-14  3.70039E-14  3.87902E-14  
581391    8.41118E-21  8.73958E-21  9.05969E-21  
581400    1.82661E-06  1.92310E-06  2.01947E-06  
581410    6.48207E-08  6.47562E-08  6.46926E-08  
581420    1.72190E-06  1.81111E-06  1.90020E-06  
581430    2.68398E-09  2.67849E-09  2.67312E-09  
581440    4.94604E-07  4.97043E-07  4.98936E-07  
581450    2.75325E-12  2.74782E-12  2.74251E-12  
581460    9.61328E-12  9.59784E-12  9.58278E-12  
581470    4.38452E-13  4.38225E-13  4.38005E-13  
581480    3.46544E-13  3.45568E-13  3.44617E-13  
581490    1.70420E-14  1.70092E-14  1.69774E-14  
581500    6.85163E-15  6.83547E-15  6.81978E-15  
581510    8.41758E-16  8.39425E-16  8.37167E-16  
581520    1.66492E-16  1.65980E-16  1.65487E-16  
581530    1.93201E-17  1.92635E-17  1.92092E-17  
581540    1.78077E-18  1.77603E-18  1.77151E-18  
581550    1.01908E-19  1.01616E-19  1.01337E-19  
581560    4.98638E-21  4.97159E-21  4.95745E-21  
581570    1.30021E-22  1.29618E-22  1.29233E-22  
581580    9.01866E-16  9.49683E-16  9.97355E-16  
581590    4.50489E-17  4.74353E-17  4.98141E-17  
581600    1.09539E-19  1.15340E-19  1.21123E-19  
581610    1.46893E-21  1.54673E-21  1.62428E-21  
591390    4.37333E-22  4.59069E-22  4.80659E-22  
591400    3.52799E-19  3.70638E-19  3.88379E-19  
591410    1.68303E-06  1.77397E-06  1.86481E-06  
591420    2.91295E-12  3.06040E-12  3.20704E-12  
591421    1.29143E-14  1.35674E-14  1.42168E-14  
591430    2.64447E-08  2.63911E-08  2.63386E-08  
591440    2.08374E-11  2.09401E-11  2.10199E-11  
591441    8.48426E-14  8.52448E-14  8.55558E-14  
591450    3.28513E-10  3.27868E-10  3.27238E-10  
591460    1.72061E-11  1.71791E-11  1.71528E-11  
591470    7.23585E-12  7.22788E-12  7.22011E-12  
591480    8.94224E-13  8.92753E-13  8.91320E-13  
591481    3.85786E-14  3.93899E-14  4.01807E-14  
591490    6.14529E-13  6.14569E-13  6.14609E-13  
591500    1.71593E-14  1.71779E-14  1.71960E-14  
591510    2.90487E-14  2.90808E-14  2.91123E-14  
591520    2.23225E-15  2.23542E-15  2.23856E-15  
591530    9.71187E-16  9.71564E-16  9.71966E-16  
591540    1.05563E-16  1.05694E-16  1.05829E-16  
591550    8.93751E-18  8.93636E-18  8.93587E-18  
591560    1.10373E-18  1.10282E-18  1.10202E-18  
591570    1.08905E-19  1.08703E-19  1.08516E-19  
591580    1.55884E-21  1.55516E-21  1.55170E-21  
591590    5.64351E-23  5.62801E-23  5.61332E-23  
591600    1.04366E-15  1.09906E-15  1.15431E-15  
591610    2.82927E-17  2.97919E-17  3.12864E-17  
591620    3.03713E-20  3.19878E-20  3.36000E-20  
591630    1.15196E-21  1.21297E-21  1.27379E-21  
591640    2.22910E-23  2.36910E-23  2.50866E-23  
601400    5.10071E-24  5.64220E-24  6.20840E-24  
601410    2.15793E-20  2.35108E-20  2.55142E-20  
601420    1.56359E-09  1.73459E-09  1.91400E-09  
601430    1.66093E-06  1.74573E-06  1.83016E-06  
601440    1.14894E-06  1.23269E-06  1.31697E-06  
601450    1.16189E-06  1.22146E-06  1.28090E-06  
601460    9.09754E-07  9.57107E-07  1.00441E-06  
601470    8.53056E-09  8.52157E-09  8.51277E-09  
601480    5.15419E-07  5.42406E-07  5.69380E-07  
601490    2.85482E-11  2.85580E-11  2.85676E-11  
601500    2.17687E-07  2.29475E-07  2.41289E-07  
601510    1.47649E-12  1.48171E-12  1.48682E-12  
601520    8.94535E-13  8.98968E-13  9.03298E-13  
601530    2.39276E-14  2.40291E-14  2.41284E-14  
601540    9.12552E-15  9.18523E-15  9.24367E-15  
601550    1.07403E-15  1.08101E-15  1.08785E-15  
601560    2.08710E-16  2.10145E-16  2.11558E-16  
601570    1.34364E-17  1.35058E-17  1.35752E-17  
601580    1.51300E-18  1.51693E-18  1.52101E-18  
601590    9.34384E-20  9.34807E-20  9.35371E-20  
601600    5.71070E-21  5.70464E-21  5.69945E-21  
601610    2.11973E-22  2.11574E-22  2.11209E-22  
601620    8.06196E-16  8.49093E-16  8.91870E-16  
601630    2.82313E-17  2.97281E-17  3.12201E-17  
601640    7.01312E-19  7.38456E-19  7.75480E-19  
601650    3.32404E-21  3.50009E-21  3.67557E-21  
601660    1.45744E-22  1.53569E-22  1.61369E-22  
601670    0.00000E+00  0.00000E+00  0.00000E+00  
611430    0.00000E+00  0.00000E+00  0.00000E+00  
611440    1.19948E-20  1.26964E-20  1.33891E-20  
611450    5.14958E-16  5.47397E-16  5.80548E-16  
611460    6.13722E-15  6.30456E-15  6.48539E-15  
611470    4.35268E-07  4.48590E-07  4.61229E-07  
611480    6.89982E-11  7.09011E-11  7.26910E-11  
611481    3.33097E-10  3.42852E-10  3.52161E-10  
611490    8.80940E-10  8.81368E-10  8.81784E-10  
611500    3.25678E-14  3.27692E-14  3.29663E-14  
611510    2.03095E-10  2.03837E-10  2.04562E-10  
611520    3.25795E-13  3.27461E-13  3.29087E-13  
611521    4.52387E-15  4.63908E-15  4.75138E-15  
611530    2.61084E-13  2.62563E-13  2.64009E-13  
611540    4.13904E-14  4.17322E-14  4.20665E-14  
611541    7.46347E-15  7.62235E-15  7.77730E-15  
611550    9.26643E-15  9.38130E-15  9.49357E-15  
611560    2.80953E-15  2.85336E-15  2.89621E-15  
611570    4.12256E-16  4.19159E-16  4.25923E-16  
611580    4.85311E-17  4.92479E-17  4.99544E-17  
611590    3.30847E-18  3.35034E-18  3.39181E-18  
611600    5.23540E-19  5.28043E-19  5.32549E-19  
611610    4.26423E-20  4.28761E-20  4.31134E-20  
611620    6.73899E-22  6.74663E-22  6.75431E-22  
611630    5.31530E-23  5.30407E-23  5.29332E-23  
611640    1.37325E-15  1.44618E-15  1.51890E-15  
611650    6.40428E-17  6.74372E-17  7.08210E-17  
611660    2.62444E-18  2.76345E-18  2.90203E-18  
611670    2.14508E-19  2.25869E-19  2.37193E-19  
611680    4.33320E-22  4.56272E-22  4.79150E-22  
611690    1.67969E-23  1.78519E-23  1.89036E-23  
621440    0.00000E+00  0.00000E+00  0.00000E+00  
621450    8.40363E-18  8.83710E-18  9.34592E-18  
621460    5.20103E-14  5.99746E-14  6.86257E-14  
621470    2.24605E-07  2.45467E-07  2.66928E-07  
621480    1.17854E-08  1.29716E-08  1.42037E-08  
621490    2.50706E-08  2.51694E-08  2.52655E-08  
621500    3.14795E-07  3.32643E-07  3.50491E-07  
621510    8.04588E-08  8.28784E-08  8.51934E-08  
621520    1.51681E-07  1.61962E-07  1.72379E-07  
621530    1.61760E-10  1.64027E-10  1.66290E-10  
621540    3.00132E-08  3.18058E-08  3.36159E-08  
621550    3.23287E-13  3.27711E-13  3.32035E-13  
621560    4.84556E-12  4.93630E-12  5.02492E-12  
621570    3.57377E-14  3.65181E-14  3.72809E-14  
621580    1.18591E-14  1.21230E-14  1.23812E-14  
621590    1.50638E-16  1.54268E-16  1.57822E-16  
621600    3.94155E-17  4.03733E-17  4.13118E-17  
621610    3.93095E-18  4.02560E-18  4.11858E-18  
621620    2.85031E-19  2.91269E-19  2.97353E-19  
621630    3.06789E-20  3.09515E-20  3.12180E-20  
621640    3.59440E-21  3.59624E-21  3.59816E-21  
621650    2.76660E-22  2.76028E-22  2.75423E-22  
621660    3.17365E-15  3.34223E-15  3.51032E-15  
621670    2.38475E-16  2.51110E-16  2.63704E-16  
621680    1.14962E-17  1.21052E-17  1.27122E-17  
621690    4.87584E-19  5.13412E-19  5.39157E-19  
621700    0.00000E+00  0.00000E+00  0.00000E+00  
621710    2.43464E-23  2.58756E-23  2.73999E-23  
621720    0.00000E+00  0.00000E+00  0.00000E+00  
631470    0.00000E+00  0.00000E+00  0.00000E+00  
631490    4.13163E-20  4.19926E-20  4.34956E-20  
631510    8.49066E-10  9.09605E-10  9.69968E-10  
631520    1.86840E-10  2.08326E-10  2.30651E-10  
631521    1.50005E-13  1.60178E-13  1.70271E-13  
631530    6.05781E-08  6.42131E-08  6.78910E-08  
631540    1.52686E-09  1.67847E-09  1.83594E-09  
631541    2.37669E-15  2.51056E-15  2.64545E-15  
631550    8.50725E-09  8.83857E-09  9.16281E-09  
631560    3.29835E-10  3.38570E-10  3.47104E-10  
631570    4.18891E-12  4.28226E-12  4.37349E-12  
631580    1.13222E-13  1.15871E-13  1.18461E-13  
631590    1.96742E-14  2.02037E-14  2.07214E-14  
631600    2.80150E-16  2.88263E-16  2.96195E-16  
631610    7.24854E-17  7.47920E-17  7.70471E-17  
631620    7.64827E-18  7.90177E-18  8.14890E-18  
631630    1.41550E-18  1.45549E-18  1.49449E-18  
631640    1.00334E-19  1.01970E-19  1.03567E-19  
631650    2.00584E-20  2.01811E-20  2.03013E-20  
631660    8.56899E-22  8.56635E-22  8.56408E-22  
631670    9.87386E-23  9.84475E-23  9.81676E-23  
631680    4.88512E-15  5.14410E-15  5.40227E-15  
631690    4.26186E-16  4.48765E-16  4.71272E-16  
631700    2.09685E-17  2.20792E-17  2.31863E-17  
631710    5.55769E-19  5.85205E-19  6.14547E-19  
631720    1.21902E-19  1.28358E-19  1.34794E-19  
641490    0.00000E+00  0.00000E+00  0.00000E+00  
641500    8.90284E-21  1.00831E-20  1.14116E-20  
641510    2.22323E-18  2.53471E-18  2.87507E-18  
641520    9.92758E-11  1.12514E-10  1.26606E-10  
641530    1.36110E-12  1.57506E-12  1.80624E-12  
641540    1.46569E-10  1.69873E-10  1.95423E-10  
641550    7.77445E-10  8.20322E-10  8.62577E-10  
641560    1.43546E-08  1.55446E-08  1.67697E-08  
641570    2.93479E-10  3.01169E-10  3.08860E-10  
641580    6.27116E-09  6.73470E-09  7.20876E-09  
641590    1.23078E-12  1.26443E-12  1.29735E-12  
641600    3.99976E-10  4.32058E-10  4.65067E-10  
641610    7.94744E-16  8.21115E-16  8.46880E-16  
641620    7.55755E-16  7.82786E-16  8.09136E-16  
641630    3.95226E-17  4.08877E-17  4.22184E-17  
641640    8.61067E-18  8.88337E-18  9.14924E-18  
641650    6.07701E-19  6.23094E-19  6.38106E-19  
641660    1.05487E-19  1.07227E-19  1.08926E-19  
641670    2.09384E-20  2.09557E-20  2.09732E-20  
641680    6.95970E-22  6.94357E-22  6.92824E-22  
641690    5.25482E-22  5.23878E-22  5.22340E-22  
641700    6.29376E-15  6.62727E-15  6.95974E-15  
641710    6.17707E-16  6.50427E-16  6.83042E-16  
641720    1.46834E-16  1.54611E-16  1.62363E-16  
651530    0.00000E+00  0.00000E+00  0.00000E+00  
651550    1.34163E-21  1.39564E-21  1.44835E-21  
651560    8.46975E-20  8.80943E-20  9.14061E-20  
651561    1.61524E-21  1.67958E-21  1.74231E-21  
651570    2.12130E-16  2.32556E-16  2.53745E-16  
651580    6.00765E-16  6.30831E-16  6.60776E-16  
651581    7.53078E-23  7.82793E-23  8.11758E-23  
651590    9.56536E-10  1.03004E-09  1.10549E-09  
651600    6.77710E-13  7.33212E-13  7.88918E-13  
651610    2.15654E-12  2.22885E-12  2.29950E-12  
651620    6.94446E-16  7.19308E-16  7.43543E-16  
651621    8.25586E-13  9.05300E-13  9.88058E-13  
651630    7.55408E-16  7.81849E-16  8.07624E-16  
651640    4.34111E-17  4.48502E-17  4.62533E-17  
651650    1.27800E-17  1.31685E-17  1.35474E-17  
651660    1.18569E-18  1.21682E-18  1.24717E-18  
651670    3.14435E-19  3.17836E-19  3.21159E-19  
651680    5.63055E-20  5.63925E-20  5.64810E-20  
651690    6.13442E-21  6.12488E-21  6.11593E-21  
651700    2.97773E-21  2.96903E-21  2.96070E-21  
651710    1.46275E-22  1.45807E-22  1.45357E-22  
651720    1.37390E-14  1.44667E-14  1.51921E-14  
661540    0.00000E+00  0.00000E+00  0.00000E+00  
661550    0.00000E+00  0.00000E+00  0.00000E+00  
661560    0.00000E+00  0.00000E+00  0.00000E+00  
661570    0.00000E+00  0.00000E+00  0.00000E+00  
661580    8.49637E-19  9.42042E-19  1.03871E-18  
661590    1.84230E-18  1.94164E-18  2.04135E-18  
661600    3.21626E-12  3.65843E-12  4.13522E-12  
661610    1.62384E-10  1.76058E-10  1.90140E-10  
661620    7.22751E-11  7.89952E-11  8.59736E-11  
661630    3.02860E-11  3.30445E-11  3.59055E-11  
661640    1.03469E-11  1.11969E-11  1.20692E-11  
661650    1.29240E-15  1.35135E-15  1.41031E-15  
661651    2.34542E-18  2.52769E-18  2.71393E-18  
661660    1.66328E-14  1.71066E-14  1.75685E-14  
661670    7.72134E-18  7.84494E-18  7.96557E-18  
661680    4.97940E-18  5.02051E-18  5.06087E-18  
661690    1.91130E-19  1.91749E-19  1.92363E-19  
661700    7.31522E-20  7.30740E-20  7.30017E-20  
661710    7.37128E-21  7.35440E-21  7.33825E-21  
661720    4.83302E-21  4.81744E-21  4.80245E-21  
671590    0.00000E+00  0.00000E+00  0.00000E+00  
671591    0.00000E+00  0.00000E+00  0.00000E+00  
671610    1.72905E-23  1.79811E-23  1.86550E-23  
671611    0.00000E+00  0.00000E+00  0.00000E+00  
671620    3.06884E-23  3.19095E-23  3.31000E-23  
671621    1.30761E-22  1.35964E-22  1.41037E-22  
671630    2.86937E-17  3.14852E-17  3.43842E-17  
671631    0.00000E+00  0.00000E+00  0.00000E+00  
671640    7.78325E-21  8.09584E-21  8.40092E-21  
671641    6.99116E-21  7.26905E-21  7.53994E-21  
671650    6.54689E-12  7.16375E-12  7.80796E-12  
671660    5.61108E-15  5.78044E-15  5.94646E-15  
671661    3.43370E-15  3.75661E-15  4.09140E-15  
671670    2.34661E-16  2.38535E-16  2.42320E-16  
671680    1.74609E-18  1.76152E-18  1.77666E-18  
671690    1.45454E-18  1.46122E-18  1.46780E-18  
671700    4.17864E-19  4.17651E-19  4.17466E-19  
671701    3.65188E-21  3.70869E-21  3.76427E-21  
671710    7.79001E-20  7.78364E-20  7.77775E-20  
671720    5.96473E-20  5.94696E-20  5.92988E-20  
681610    0.00000E+00  0.00000E+00  0.00000E+00  
681620    0.00000E+00  0.00000E+00  0.00000E+00  
681630    0.00000E+00  0.00000E+00  0.00000E+00  
681640    7.37278E-17  8.09138E-17  8.83787E-17  
681650    1.09382E-21  1.16255E-21  1.23216E-21  
681660    2.86586E-12  3.09822E-12  3.33741E-12  
681670    1.12242E-12  1.19178E-12  1.26170E-12  
681671    5.94089E-21  6.05426E-21  6.16598E-21  
681680    7.65939E-13  8.19364E-13  8.73971E-13  
681690    4.17325E-15  4.19342E-15  4.21311E-15  
681700    1.87806E-13  1.98115E-13  2.08426E-13  
681710    4.03810E-17  4.03702E-17  4.03614E-17  
681720    4.32690E-16  4.31490E-16  4.30337E-16  
691650    0.00000E+00  0.00000E+00  0.00000E+00  
691660    0.00000E+00  0.00000E+00  0.00000E+00  
691670    1.02232E-24  1.08690E-24  1.15574E-24  
691680    2.12521E-20  2.23198E-20  2.34182E-20  
691690    3.41646E-13  3.61299E-13  3.81013E-13  
691700    1.62342E-15  1.72421E-15  1.82567E-15  
691710    6.12516E-14  6.29642E-14  6.45648E-14  
691720    5.65417E-16  5.64050E-16  5.62729E-16  
701670    0.00000E+00  0.00000E+00  0.00000E+00  
701680    1.02904E-24  2.06394E-24  3.10703E-24  
701690    6.04193E-23  6.77405E-23  7.57936E-23  
701691    0.00000E+00  0.00000E+00  0.00000E+00  
701700    4.69078E-15  5.28372E-15  5.91241E-15  
701710    4.46769E-14  4.86980E-14  5.28247E-14  
701720    1.80865E-13  1.90623E-13  2.00361E-13  
701730    5.53131E-17  6.12631E-17  6.75043E-17  
701740    1.35151E-19  1.57393E-19  1.81881E-19  
701750    5.91005E-24  6.86516E-24  7.91335E-24  
701760    0.00000E+00  0.00000E+00  0.00000E+00  
711710    0.00000E+00  0.00000E+00  0.00000E+00  
711711    0.00000E+00  0.00000E+00  0.00000E+00  
711720    0.00000E+00  0.00000E+00  0.00000E+00  
711721    0.00000E+00  0.00000E+00  0.00000E+00  
711750    3.04562E-22  3.73978E-22  4.54281E-22  
711760    0.00000E+00  0.00000E+00  0.00000E+00  
721740    0.00000E+00  0.00000E+00  0.00000E+00  
721750    0.00000E+00  0.00000E+00  0.00000E+00  
721760    0.00000E+00  0.00000E+00  0.00000E+00  
721770    0.00000E+00  0.00000E+00  0.00000E+00  
721780    0.00000E+00  0.00000E+00  0.00000E+00  
721790    0.00000E+00  0.00000E+00  0.00000E+00  
721800    0.00000E+00  0.00000E+00  0.00000E+00  
721810    0.00000E+00  0.00000E+00  0.00000E+00  
721820    0.00000E+00  0.00000E+00  0.00000E+00  
731800    0.00000E+00  0.00000E+00  0.00000E+00  
731810    0.00000E+00  0.00000E+00  0.00000E+00  
731820    0.00000E+00  0.00000E+00  0.00000E+00  
741800    0.00000E+00  0.00000E+00  0.00000E+00  
741810    0.00000E+00  0.00000E+00  0.00000E+00  
741820    0.00000E+00  0.00000E+00  0.00000E+00  
741830    0.00000E+00  0.00000E+00  0.00000E+00  
741840    0.00000E+00  0.00000E+00  0.00000E+00  
741850    0.00000E+00  0.00000E+00  0.00000E+00  
741860    0.00000E+00  0.00000E+00  0.00000E+00  
751850    0.00000E+00  0.00000E+00  0.00000E+00  
751860    0.00000E+00  0.00000E+00  0.00000E+00  
751861    0.00000E+00  0.00000E+00  0.00000E+00  
751870    0.00000E+00  0.00000E+00  0.00000E+00  
761840    0.00000E+00  0.00000E+00  0.00000E+00  
761850    0.00000E+00  0.00000E+00  0.00000E+00  
761860    0.00000E+00  0.00000E+00  0.00000E+00  
761870    0.00000E+00  0.00000E+00  0.00000E+00  
761880    0.00000E+00  0.00000E+00  0.00000E+00  
761890    0.00000E+00  0.00000E+00  0.00000E+00  
761900    0.00000E+00  0.00000E+00  0.00000E+00  
761910    0.00000E+00  0.00000E+00  0.00000E+00  
761920    0.00000E+00  0.00000E+00  0.00000E+00  
771910    0.00000E+00  0.00000E+00  0.00000E+00  
771911    0.00000E+00  0.00000E+00  0.00000E+00  
771920    0.00000E+00  0.00000E+00  0.00000E+00  
771930    0.00000E+00  0.00000E+00  0.00000E+00  
771940    0.00000E+00  0.00000E+00  0.00000E+00  
771941    0.00000E+00  0.00000E+00  0.00000E+00  
781900    0.00000E+00  0.00000E+00  0.00000E+00  
781910    0.00000E+00  0.00000E+00  0.00000E+00  
781920    0.00000E+00  0.00000E+00  0.00000E+00  
781930    0.00000E+00  0.00000E+00  0.00000E+00  
781940    0.00000E+00  0.00000E+00  0.00000E+00  
781950    0.00000E+00  0.00000E+00  0.00000E+00  
781960    0.00000E+00  0.00000E+00  0.00000E+00  
781970    0.00000E+00  0.00000E+00  0.00000E+00  
781980    0.00000E+00  0.00000E+00  0.00000E+00  
791970    0.00000E+00  0.00000E+00  0.00000E+00  
791971    0.00000E+00  0.00000E+00  0.00000E+00  
801960    0.00000E+00  0.00000E+00  0.00000E+00  
801970    0.00000E+00  0.00000E+00  0.00000E+00  
801971    0.00000E+00  0.00000E+00  0.00000E+00  
801980    0.00000E+00  0.00000E+00  0.00000E+00  
801990    0.00000E+00  0.00000E+00  0.00000E+00  
802000    0.00000E+00  0.00000E+00  0.00000E+00  
802010    0.00000E+00  0.00000E+00  0.00000E+00  
802020    0.00000E+00  0.00000E+00  0.00000E+00  
802030    0.00000E+00  0.00000E+00  0.00000E+00  
802040    0.00000E+00  0.00000E+00  0.00000E+00  
802060    0.00000E+00  0.00000E+00  0.00000E+00  
812030    0.00000E+00  0.00000E+00  0.00000E+00  
812040    0.00000E+00  0.00000E+00  0.00000E+00  
812050    0.00000E+00  0.00000E+00  0.00000E+00  
812060    0.00000E+00  0.00000E+00  0.00000E+00  
812070    1.55846E-23  1.73353E-23  1.91799E-23  
812080    3.80201E-22  4.37482E-22  4.99694E-22  
812090    0.00000E+00  0.00000E+00  0.00000E+00  
812100    0.00000E+00  0.00000E+00  0.00000E+00  
822040    0.00000E+00  0.00000E+00  0.00000E+00  
822050    0.00000E+00  0.00000E+00  0.00000E+00  
822060    3.16355E-21  3.95108E-21  4.87792E-21  
822070    1.31786E-18  1.54562E-18  1.79827E-18  
822080    1.14359E-16  1.38873E-16  1.66972E-16  
822090    1.84584E-24  2.07633E-24  2.32137E-24  
822100    1.98235E-19  2.29808E-19  2.64488E-19  
822110    1.18274E-22  1.31560E-22  1.45559E-22  
822120    2.21239E-19  2.54569E-19  2.90768E-19  
822140    1.16471E-23  1.28993E-23  1.42143E-23  
832080    0.00000E+00  0.00000E+00  0.00000E+00  
832090    3.55823E-21  4.21896E-21  4.95982E-21  
832100    1.20517E-22  1.39828E-22  1.61050E-22  
832101    0.00000E+00  0.00000E+00  0.00000E+00  
832110    7.01126E-24  7.79885E-24  8.62869E-24  
832120    2.09810E-20  2.41419E-20  2.75750E-20  
832130    0.00000E+00  0.00000E+00  0.00000E+00  
832140    8.64986E-24  9.57986E-24  1.05564E-23  
832150    0.00000E+00  0.00000E+00  0.00000E+00  
842080    0.00000E+00  0.00000E+00  0.00000E+00  
842090    0.00000E+00  0.00000E+00  0.00000E+00  
842100    2.18698E-21  2.58585E-21  3.03029E-21  
842110    0.00000E+00  0.00000E+00  0.00000E+00  
842120    0.00000E+00  0.00000E+00  0.00000E+00  
842130    0.00000E+00  0.00000E+00  0.00000E+00  
842140    0.00000E+00  0.00000E+00  0.00000E+00  
842150    0.00000E+00  0.00000E+00  0.00000E+00  
842160    0.00000E+00  0.00000E+00  1.10208E-24  
842180    1.34670E-24  1.49148E-24  1.64352E-24  
852150    0.00000E+00  0.00000E+00  0.00000E+00  
852170    0.00000E+00  0.00000E+00  0.00000E+00  
852180    0.00000E+00  0.00000E+00  0.00000E+00  
852190    0.00000E+00  0.00000E+00  0.00000E+00  
862170    0.00000E+00  0.00000E+00  0.00000E+00  
862180    0.00000E+00  0.00000E+00  0.00000E+00  
862190    0.00000E+00  0.00000E+00  0.00000E+00  
862200    3.21588E-22  3.70007E-22  4.22592E-22  
862220    2.39339E-21  2.65071E-21  2.92091E-21  
872210    0.00000E+00  0.00000E+00  0.00000E+00  
872220    0.00000E+00  0.00000E+00  0.00000E+00  
872230    1.06869E-24  1.18459E-24  1.30650E-24  
882220    0.00000E+00  0.00000E+00  0.00000E+00  
882230    5.39285E-20  5.99862E-20  6.63689E-20  
882240    1.82903E-18  2.10441E-18  2.40349E-18  
882250    2.07807E-22  2.33368E-22  2.60545E-22  
882260    3.69022E-16  4.08517E-16  4.49980E-16  
882280    1.04858E-21  1.15087E-21  1.25689E-21  
892250    1.35885E-22  1.52818E-22  1.70815E-22  
892260    0.00000E+00  0.00000E+00  0.00000E+00  
892270    4.03102E-17  4.46819E-17  4.92802E-17  
892280    1.51155E-21  1.67001E-21  1.83607E-21  
902260    1.19098E-24  1.25123E-24  1.31868E-24  
902270    8.92638E-20  9.91579E-20  1.09576E-19  
902280    3.53023E-16  4.05926E-16  4.63359E-16  
902290    2.35373E-17  2.61284E-17  2.88545E-17  
902300    2.33096E-11  2.45097E-11  2.57073E-11  
902310    1.79939E-15  1.82077E-15  1.84203E-15  
902320    1.38266E-11  1.45023E-11  1.51739E-11  
902330    5.22058E-19  5.45768E-19  5.69226E-19  
902340    6.66473E-13  6.66451E-13  6.66429E-13  
912290    2.43340E-24  2.56828E-24  2.70386E-24  
912300    1.27620E-20  1.34592E-20  1.41805E-20  
912310    1.24537E-12  1.31862E-12  1.39254E-12  
912320    1.27605E-16  1.34677E-16  1.41785E-16  
912330    3.69958E-15  3.91607E-15  4.13299E-15  
912340    1.23626E-17  1.23628E-17  1.23630E-17  
912341    2.22580E-17  2.22573E-17  2.22566E-17  
922300    1.16500E-21  1.22386E-21  1.28975E-21  
922310    1.74882E-23  1.92866E-23  2.11725E-23  
922320    4.08106E-14  4.52134E-14  4.98469E-14  
922330    9.54030E-13  1.00062E-12  1.04712E-12  
922340    2.40400E-06  2.40134E-06  2.39869E-06  
922350    2.96815E-04  2.95336E-04  2.93869E-04  
922351    5.73028E-13  5.72751E-13  5.72504E-13  
922360    4.96893E-06  5.20652E-06  5.44211E-06  
922370    7.75895E-10  7.81775E-10  7.87619E-10  
922380    4.51303E-02  4.51288E-02  4.51273E-02  
922390    4.95703E-10  4.94056E-10  4.92470E-10  
922400    4.79390E-15  4.76226E-15  4.73187E-15  
922410    4.36918E-22  4.32606E-22  4.28479E-22  
932340    0.00000E+00  0.00000E+00  0.00000E+00  
932350    1.30742E-17  1.38094E-17  1.45837E-17  
932360    9.87087E-15  1.09176E-14  1.20109E-14  
932361    5.08209E-22  5.35025E-22  5.63232E-22  
932370    8.47898E-08  8.98825E-08  9.50055E-08  
932380    7.99316E-12  8.44660E-12  8.90079E-12  
932390    7.17115E-08  7.14733E-08  7.12438E-08  
932400    2.94553E-14  2.92608E-14  2.90741E-14  
932401    6.33634E-15  6.29451E-15  6.25435E-15  
932410    1.21463E-21  1.20264E-21  1.19117E-21  
942360    1.46952E-19  1.64988E-19  1.84226E-19  
942370    7.80807E-16  7.73642E-16  7.90121E-16  
942380    1.59733E-09  1.78536E-09  1.98614E-09  
942390    2.29759E-05  2.39677E-05  2.49399E-05  
942400    1.37991E-06  1.50914E-06  1.64271E-06  
942410    7.73186E-08  8.82112E-08  9.99630E-08  
942420    1.69501E-09  2.03890E-09  2.42888E-09  
942430    8.35897E-15  1.00223E-14  1.19018E-14  
942440    5.09379E-17  6.62207E-17  8.49031E-17  
942450    2.24984E-23  2.91564E-23  3.72679E-23  
942460    0.00000E+00  0.00000E+00  0.00000E+00  
952400    1.10028E-18  1.32121E-18  1.57085E-18  
952410    3.35867E-09  4.04440E-09  4.82179E-09  
952420    4.57325E-13  5.48975E-13  6.52512E-13  
952421    8.85114E-12  1.10762E-11  1.36962E-11  
952430    7.73712E-12  9.87654E-12  1.24336E-11  
952440    1.03368E-17  1.31535E-17  1.65083E-17  
952441    6.64959E-18  8.46041E-18  1.06170E-17  
952450    1.58548E-22  2.01204E-22  2.51869E-22  
952461    0.00000E+00  0.00000E+00  0.00000E+00  
962400    1.80134E-23  2.15668E-23  2.61763E-23  
962410    1.75725E-19  2.16181E-19  2.63666E-19  
962420    5.24182E-11  6.44543E-11  7.83676E-11  
962430    4.45171E-14  5.78261E-14  7.40051E-14  
962440    5.79665E-14  7.78148E-14  1.02853E-13  
962450    8.06152E-17  1.13960E-16  1.58123E-16  
962460    3.50957E-19  5.21657E-19  7.59797E-19  
962470    7.15853E-23  1.12529E-22  1.72517E-22  
962480    0.00000E+00  0.00000E+00  0.00000E+00  
962490    0.00000E+00  0.00000E+00  0.00000E+00  
962500    0.00000E+00  0.00000E+00  0.00000E+00  
972450    0.00000E+00  0.00000E+00  0.00000E+00  
972460    0.00000E+00  0.00000E+00  0.00000E+00  
972470    0.00000E+00  0.00000E+00  0.00000E+00  
972480    0.00000E+00  0.00000E+00  0.00000E+00  
972490    0.00000E+00  0.00000E+00  0.00000E+00  
972500    0.00000E+00  0.00000E+00  0.00000E+00  
972510    0.00000E+00  0.00000E+00  0.00000E+00  
982460    0.00000E+00  0.00000E+00  0.00000E+00  
982470    0.00000E+00  0.00000E+00  0.00000E+00  
982480    0.00000E+00  0.00000E+00  0.00000E+00  
982490    0.00000E+00  0.00000E+00  0.00000E+00  
982500    0.00000E+00  0.00000E+00  0.00000E+00  
982510    0.00000E+00  0.00000E+00  0.00000E+00  
982520    0.00000E+00  0.00000E+00  0.00000E+00  
982530    0.00000E+00  0.00000E+00  0.00000E+00  
982540    0.00000E+00  0.00000E+00  0.00000E+00  
992510    0.00000E+00  0.00000E+00  0.00000E+00  
992520    0.00000E+00  0.00000E+00  0.00000E+00  
992530    0.00000E+00  0.00000E+00  0.00000E+00  
992540    0.00000E+00  0.00000E+00  0.00000E+00  
992541    0.00000E+00  0.00000E+00  0.00000E+00  
992550    0.00000E+00  0.00000E+00  0.00000E+00  
1002540   0.00000E+00  0.00000E+00  0.00000E+00  
1002550   0.00000E+00  0.00000E+00  0.00000E+00  
