TIME             17.2201574903440398.96642235829903197.93284471659805395.8656894331961593.798534149794 791.731378866392 989.66422358299011187.5970682995881385.5299130161861
SYSTEM-BU           8.70000E-03      5.00000E-02      1.00000E-01      2.00000E-01      3.00000E-01      4.00000E-01      5.00000E-01      6.00000E-01      7.00000E-01   
BUCELL-BU           8.70000E-03      5.00000E-02      1.00000E-01      2.00000E-01      3.00000E-01      4.00000E-01      5.00000E-01      6.00000E-01      7.00000E-01   

Na23                   0.291            0.291            0.291            0.291            0.291            0.291            0.291            0.291            0.291      
                       0.709            0.709            0.709            0.709            0.709            0.709            0.709            0.709            0.709      
Cl37                   0.881            0.881            0.881            0.881            0.881           0.8809           0.8809           0.8809           0.8809      
                       0.119            0.119            0.119            0.119            0.119           0.1191           0.1191           0.1191           0.1191      
Sc45                   0.556            0.556            0.556            0.556            0.556            0.556            0.556            0.556            0.556      
                       0.444            0.444            0.444            0.444            0.444            0.444            0.444            0.444            0.444      
Co59                   0.444            0.444            0.444            0.444            0.444            0.444            0.444            0.444            0.444      
                       0.556            0.556            0.556            0.556            0.556            0.556            0.556            0.556            0.556      
Zn68                  0.9168           0.9168           0.9168           0.9168           0.9168           0.9168           0.9168           0.9168           0.9168      
                      0.08321          0.08321          0.08322          0.08322          0.08322          0.08322          0.08322          0.08323          0.08323     
Zn70                  0.9102           0.9102           0.9101           0.9101           0.9101           0.9101           0.9101           0.9101           0.9101      
                      0.08984          0.08984          0.08985          0.08986          0.08988          0.08989          0.0899           0.08992          0.08993     
Ga71                   0.58             0.58             0.58             0.58             0.58             0.58             0.58             0.58             0.58       
                       0.42             0.42             0.42             0.42             0.42             0.42             0.42             0.42             0.42       
Ge70                  0.7498           0.7498           0.7498           0.7498           0.7498           0.7498           0.7498           0.7498           0.7497      
                      0.2502           0.2502           0.2502           0.2502           0.2502           0.2502           0.2502           0.2502           0.2503      
Ge72                  0.5038           0.5038           0.5039           0.5039           0.5039            0.504           0.5041           0.5041           0.5041      
                      0.4962           0.4962           0.4961           0.4961           0.4961            0.496           0.4959           0.4959           0.4959      
Ge74                  0.6667           0.6667           0.6667           0.6667           0.6667           0.6667           0.6667           0.6667           0.6667      
                      0.3333           0.3333           0.3333           0.3333           0.3333           0.3333           0.3333           0.3333           0.3333      
Ge76                  0.4005           0.4005           0.4005           0.4006           0.4006           0.4006           0.4006           0.4006           0.4006      
                      0.5995           0.5995           0.5995           0.5994           0.5994           0.5994           0.5994           0.5994           0.5994      
Se76                   0.741            0.741            0.741            0.741            0.741            0.741            0.741            0.741            0.741      
                       0.259            0.259            0.259            0.259            0.259            0.259            0.259            0.259            0.259      
Se78                  0.1163           0.1163           0.1163           0.1163           0.1163           0.1163           0.1163           0.1163           0.1163      
                      0.8837           0.8837           0.8837           0.8837           0.8837           0.8837           0.8837           0.8837           0.8837      
Se80                  0.8474           0.8474           0.8474           0.8474           0.8474           0.8474           0.8473           0.8473           0.8473      
                      0.1526           0.1526           0.1526           0.1526           0.1526           0.1526           0.1527           0.1527           0.1527      
Se82                  0.09984          0.09969          0.09949          0.0993           0.09909          0.09872          0.0985           0.09831          0.0981      
                      0.9002           0.9003           0.9005           0.9007           0.9009           0.9013           0.9015           0.9017           0.9019      
Br79                  0.7689           0.7689           0.7689           0.7689           0.7689           0.7689           0.7689           0.7689           0.7689      
                      0.2311           0.2311           0.2311           0.2311           0.2311           0.2311           0.2311           0.2311           0.2311      
Br81                  0.09129          0.09129          0.09129          0.0913           0.0913           0.0913           0.09131          0.09131          0.09131     
                      0.9087           0.9087           0.9087           0.9087           0.9087           0.9087           0.9087           0.9087           0.9087      
Kr78                  0.9715           0.9715           0.9715           0.9715           0.9715           0.9715           0.9715           0.9715           0.9715      
                      0.02848          0.02849          0.02849          0.0285           0.02851          0.02851          0.02852          0.02853          0.02853     
Kr80                  0.6031           0.6031           0.6031           0.6031           0.6031           0.6031           0.6031           0.6031           0.6032      
                      0.3969           0.3969           0.3969           0.3969           0.3969           0.3969           0.3969           0.3969           0.3968      
Kr82                  0.3331           0.3331           0.3331           0.3331           0.3331           0.3331           0.3331           0.3331           0.3331      
                      0.6669           0.6669           0.6669           0.6669           0.6669           0.6669           0.6669           0.6669           0.6669      
Kr84                  0.1843           0.1843           0.1843           0.1843           0.1843           0.1844           0.1844           0.1844           0.1844      
                      0.8157           0.8157           0.8157           0.8157           0.8157           0.8156           0.8156           0.8156           0.8156      
Rb85                  0.8796           0.8796           0.8795           0.8795           0.8795           0.8795           0.8795           0.8795           0.8795      
                      0.1204           0.1204           0.1205           0.1205           0.1205           0.1205           0.1205           0.1205           0.1205      
Sr84                  0.2531           0.2531           0.2532           0.2532           0.2532           0.2533           0.2533           0.2533           0.2534      
                      0.7469           0.7469           0.7468           0.7468           0.7468           0.7467           0.7467           0.7467           0.7466      
Sr86                  0.1991           0.1991           0.1992           0.1992           0.1992           0.1992           0.1992           0.1992           0.1992      
                      0.8009           0.8009           0.8008           0.8008           0.8008           0.8008           0.8008           0.8008           0.8008      
Y89                   0.9985           0.9985           0.9985           0.9985           0.9985           0.9985           0.9985           0.9985           0.9985      
                     0.001486         0.001491         0.001494         0.001502         0.001506         0.001515         0.001522         0.001526         0.001533     
Y90                   0.7499           0.7499           0.7499           0.7499           0.7499           0.7499           0.7499           0.7499           0.7499      
                      0.2501           0.2501           0.2501           0.2501           0.2501           0.2501           0.2501           0.2501           0.2501      
Nb93                   0.31             0.31             0.31             0.31             0.31             0.31             0.31             0.31             0.31       
                       0.69             0.69             0.69             0.69             0.69             0.69             0.69             0.69             0.69       
Nb94                   0.961            0.961            0.961            0.961            0.961            0.961            0.961            0.961            0.961      
                      0.03902          0.03902          0.03902          0.03902          0.03902          0.03902          0.03902          0.03902          0.03902     
Mo92                   0.998            0.998            0.998            0.998            0.998            0.998            0.998            0.998            0.998      
                     0.001988         0.001989         0.001991         0.001993         0.001996         0.001999         0.002001         0.002003         0.002005     
Tc98                  0.5007           0.5007           0.5007           0.5007           0.5007           0.5007           0.5007           0.5007           0.5007      
                      0.4993           0.4993           0.4993           0.4993           0.4993           0.4993           0.4993           0.4993           0.4993      
Rh103                  0.924            0.924            0.924            0.924            0.924            0.924            0.924            0.924            0.924      
                      0.07601          0.07601          0.07601          0.07601          0.07601          0.07601          0.07601          0.07601          0.07601     
Rh105                  0.543            0.543            0.543            0.543            0.543            0.543            0.543            0.543            0.543      
                       0.457            0.457            0.457            0.457            0.457            0.457            0.457            0.457            0.457      
Pd106                 0.9555           0.9555           0.9555           0.9555           0.9555           0.9555           0.9555           0.9555           0.9555      
                      0.04452          0.04452          0.04453          0.04453          0.04454          0.04453          0.04453          0.04453          0.04453     
Pd108                  0.978            0.978            0.978            0.978            0.978            0.978            0.978            0.978            0.978      
                      0.02203          0.02203          0.02203          0.02203          0.02203          0.02203          0.02203          0.02204          0.02203     
Pd110                 0.8511           0.8511           0.8511           0.8511           0.8511            0.851            0.851            0.851            0.851      
                      0.1489           0.1489           0.1489           0.1489           0.1489            0.149            0.149            0.149            0.149      
Ag107                 0.9899           0.9899           0.9899           0.9899           0.9899           0.9899           0.9899           0.9899           0.9899      
                      0.0101           0.0101           0.0101           0.0101           0.0101           0.0101           0.0101           0.01011          0.01011     
Ag109                  0.954            0.954            0.954            0.954            0.954            0.954            0.954            0.954            0.954      
                      0.04601          0.04601          0.04601          0.04601          0.04601          0.04601          0.04601          0.04601          0.04601     
Ag110_m1              0.4708           0.4705           0.4702           0.4698           0.4691           0.4685            0.468           0.4676           0.4671      
                      0.5292           0.5295           0.5298           0.5302           0.5309           0.5315            0.532           0.5324           0.5329      
Cd110                 0.9948           0.9948           0.9948           0.9948           0.9948           0.9948           0.9948           0.9948           0.9948      
                     0.005175         0.005174         0.005177         0.005178          0.00518         0.005182          0.00518         0.005184         0.005184     
Cd112                 0.7813           0.7814           0.7814           0.7816           0.7817           0.7818           0.7819            0.782           0.7821      
                      0.2187           0.2186           0.2186           0.2184           0.2183           0.2182           0.2181            0.218           0.2179      
Cd114                 0.8809           0.8809           0.8809           0.8809           0.8809           0.8809           0.8809           0.8809           0.8809      
                      0.1191           0.1191           0.1191           0.1191           0.1191           0.1191           0.1191           0.1191           0.1191      
Cd116                 0.6665           0.6665           0.6665           0.6665           0.6665           0.6665           0.6665           0.6665           0.6665      
                      0.3335           0.3335           0.3335           0.3335           0.3335           0.3335           0.3335           0.3335           0.3335      
In113                  0.419            0.419            0.419            0.419            0.419            0.419            0.419            0.419            0.419      
                       0.581            0.581            0.581            0.581            0.581            0.581            0.581            0.581            0.581      
In115                 0.2161           0.2161           0.2161           0.2161           0.2162           0.2162           0.2162           0.2162           0.2162      
                      0.3558           0.3558           0.3558           0.3558           0.3558           0.3558           0.3558           0.3558           0.3558      
Sn112                 0.7238           0.7238           0.7238           0.7238           0.7237           0.7237           0.7237           0.7236           0.7236      
                      0.2762           0.2762           0.2762           0.2762           0.2763           0.2763           0.2763           0.2764           0.2764      
Sn116                  0.954            0.954            0.954            0.954           0.9539           0.9539           0.9539           0.9538           0.9539      
                      0.04598           0.046            0.046           0.04601          0.04606          0.04607          0.04607          0.04616          0.04613     
Sn118                 0.9779           0.9779           0.9778           0.9778           0.9777           0.9777           0.9777           0.9776           0.9776      
                      0.02212          0.02214          0.02217          0.0222           0.02226          0.02228          0.02232          0.02237          0.02239     
Sn120                 0.9908           0.9908           0.9908           0.9908           0.9907           0.9907           0.9907           0.9907           0.9907      
                     0.009199         0.009208         0.009221         0.009232         0.009252         0.009268         0.009284          0.0093          0.009313     
Sn122                 0.01445          0.01451          0.01459          0.01466          0.0148           0.0149            0.015           0.01511          0.01518     
                      0.9855           0.9855           0.9854           0.9853           0.9852           0.9851            0.985           0.9849           0.9848      
Sn124                 0.0443           0.04441          0.04446          0.04451          0.04459          0.04459          0.04464          0.04473          0.04477     
                      0.9557           0.9556           0.9555           0.9555           0.9554           0.9554           0.9554           0.9553           0.9552      
Sn126                 0.05869          0.05881          0.05898          0.05911          0.05938          0.0596           0.0598            0.06            0.06016     
                      0.9413           0.9412            0.941           0.9409           0.9406           0.9404           0.9402            0.94            0.9398      
Sb121                 0.9369           0.9369           0.9369           0.9369           0.9369           0.9369           0.9369           0.9369           0.9369      
                      0.06305          0.06305          0.06305          0.06305          0.06305          0.06305          0.06305          0.06305          0.06305     
Sb123                 0.9642           0.9641            0.964            0.964           0.9638           0.9636           0.9635           0.9632           0.9631      
                      0.02908          0.02921          0.02928          0.02927          0.02947          0.02963          0.02976          0.02998          0.0301      
Sb125                0.003289         0.003293         0.003303          0.00331         0.003319         0.003329          0.00334         0.003352         0.003359     
                      0.4314           0.4314           0.4314           0.4314           0.4314           0.4314           0.4314           0.4314           0.4314      
Te120                 0.8882           0.8882           0.8881           0.8881           0.8881           0.8881           0.8881           0.8881           0.8881      
                      0.1118           0.1118           0.1119           0.1119           0.1119           0.1119           0.1119           0.1119           0.1119      
Te122                 0.6922           0.6924           0.6925           0.6926           0.6926            0.693            0.693           0.6932           0.6933      
                      0.3078           0.3076           0.3075           0.3074           0.3074            0.307            0.307           0.3068           0.3067      
Te124                 0.9926           0.9926           0.9926           0.9926           0.9926           0.9926           0.9926           0.9926           0.9926      
                     0.007367          0.00737         0.007375         0.007379         0.007386         0.007392         0.007397         0.007403         0.007407     
Te126                 0.8567           0.8566           0.8564           0.8563           0.8561            0.856           0.8558           0.8556           0.8555      
                      0.1433           0.1434           0.1436           0.1437           0.1439            0.144           0.1442           0.1444           0.1445      
Te128                 0.9237           0.9236           0.9236           0.9236           0.9236           0.9235           0.9235           0.9235           0.9234      
                      0.07634          0.07636          0.07638          0.07641          0.07645          0.07648          0.07651          0.07654          0.07656     
Te130                 0.8564           0.8564           0.8564           0.8564           0.8564           0.8564           0.8564           0.8564           0.8564      
                      0.1436           0.1436           0.1436           0.1436           0.1436           0.1436           0.1436           0.1436           0.1436      
Te132                 0.9906           0.9905           0.9905           0.9905           0.9905           0.9904           0.9904           0.9904           0.9904      
                     0.009438         0.009451         0.009472         0.009499         0.009532         0.009552         0.009572         0.009609         0.009628     
I129                   0.413            0.413            0.413            0.413            0.413            0.413            0.413            0.413            0.413      
                       0.587            0.587            0.587            0.587            0.587            0.587            0.587            0.587            0.587      
I131                  0.9929           0.9929           0.9929           0.9929           0.9929           0.9929           0.9929           0.9929           0.9929      
                     0.007108         0.007109          0.00711         0.007112         0.007113         0.007115         0.007117         0.007118         0.007119     
I133                   0.984            0.984            0.984            0.984            0.984            0.984            0.984            0.984            0.984      
                      0.01603          0.01603          0.01603          0.01602          0.01602          0.01603          0.01603          0.01603          0.01603     
I135                   0.938            0.938            0.938            0.938            0.938            0.938            0.938            0.938            0.938      
                       0.062            0.062            0.062            0.062            0.062            0.062            0.062            0.062            0.062      
Xe124                  0.83             0.83             0.83             0.83             0.83             0.83             0.83             0.83             0.83       
                       0.17             0.17             0.17             0.17             0.17             0.17             0.17             0.17             0.17       
Xe126                 0.8706           0.8706           0.8706           0.8706           0.8706           0.8706           0.8706           0.8706           0.8706      
                      0.1294           0.1294           0.1294           0.1294           0.1294           0.1294           0.1294           0.1294           0.1294      
Xe128                 0.9393           0.9393           0.9392           0.9392           0.9392           0.9392           0.9392           0.9392           0.9392      
                      0.06074          0.06075          0.06076          0.06077          0.06078          0.06079          0.0608           0.06081          0.06082     
Xe130                 0.9167           0.9167           0.9167           0.9167           0.9167           0.9167           0.9167           0.9167           0.9167      
                      0.08329          0.08329          0.08329          0.0833           0.0833           0.08331          0.08331          0.08332          0.08332     
Xe132                 0.8882           0.8882           0.8882           0.8882           0.8882           0.8882           0.8882           0.8882           0.8882      
                      0.1118           0.1118           0.1118           0.1118           0.1118           0.1118           0.1118           0.1118           0.1118      
Xe133                   1.0              1.0              1.0              1.0              1.0              1.0              1.0              1.0              1.0       
                     6.341e-06        6.397e-06        6.451e-06        6.525e-06        6.633e-06        6.744e-06        6.838e-06        6.915e-06        6.995e-06    
Xe134                 0.9876           0.9876           0.9876           0.9876           0.9875           0.9875           0.9875           0.9875           0.9875      
                      0.01239          0.0124           0.01242          0.01243          0.01246          0.01248          0.0125           0.01251          0.01253     
Cs133                 0.9077           0.9077           0.9077           0.9077           0.9078           0.9078           0.9078           0.9078           0.9078      
                      0.09226          0.09226          0.09226          0.09226          0.09224          0.09224          0.09222          0.09222          0.09222     
Cs134                 0.9961           0.9961           0.9961           0.9961           0.9961           0.9961           0.9961           0.9961           0.9961      
                     0.003864         0.003863         0.003862         0.003861         0.003859         0.003856         0.003854         0.003853         0.003851     
Cs135                  0.984            0.984            0.984            0.984            0.984            0.984            0.984            0.984            0.984      
                      0.01603          0.01603          0.01603          0.01603          0.01603          0.01603          0.01603          0.01603          0.01603     
Cs137                 0.9073           0.9073           0.9073           0.9073           0.9074           0.9075           0.9075           0.9075           0.9076      
                      0.09273          0.0927           0.09269          0.09265          0.09262          0.09255          0.09251          0.09248          0.09244     
Ba130                 0.7479           0.7479           0.7478           0.7478           0.7478           0.7477           0.7477           0.7477           0.7477      
                      0.2521           0.2521           0.2522           0.2522           0.2522           0.2523           0.2523           0.2523           0.2523      
Ba132                 0.9645           0.9647           0.9646           0.9651           0.9651           0.9655           0.9657           0.9655           0.9661      
                      0.03546          0.03531          0.03537          0.03493          0.03492          0.03451          0.03427          0.03451          0.03386     
Ba134                 0.9258           0.9258           0.9258           0.9257           0.9257           0.9256           0.9256           0.9256           0.9255      
                      0.07419          0.07421          0.07424          0.07426          0.07432          0.07436          0.07439          0.07444          0.07446     
Ba135                 0.9979           0.9979           0.9979           0.9979           0.9979           0.9979           0.9979           0.9979           0.9979      
                      0.00213          0.00213         0.002132         0.002131         0.002132         0.002131         0.002131         0.002136         0.002132     
Ba136                 0.9619           0.9618           0.9616           0.9615           0.9612            0.961           0.9608           0.9606           0.9605      
                      0.03813          0.03823          0.03842          0.03854          0.03877          0.03899          0.03919          0.03941          0.03953     
Ce136                 0.8665           0.8665           0.8665           0.8665           0.8665           0.8665           0.8664           0.8664           0.8664      
                      0.1335           0.1335           0.1335           0.1335           0.1335           0.1335           0.1336           0.1336           0.1336      
Ce138                 0.9797           0.9797           0.9796           0.9796           0.9796           0.9796           0.9796           0.9795           0.9795      
                      0.02033          0.02033          0.02036          0.02037          0.0204           0.02042          0.02044          0.02046          0.02048     
Pr141                  0.652            0.652            0.652            0.652            0.652            0.652            0.652            0.652            0.652      
                       0.348            0.348            0.348            0.348            0.348            0.348            0.348            0.348            0.348      
Pr143                  0.156            0.156            0.156            0.156            0.156            0.156            0.156            0.156            0.156      
                       0.844            0.844            0.844            0.844            0.844            0.844            0.844            0.844            0.844      
Pm147                 0.5476           0.5476           0.5477           0.5478            0.548           0.5482           0.5483           0.5484           0.5485      
                      0.4524           0.4524           0.4523           0.4522            0.452           0.4518           0.4517           0.4516           0.4515      
Pm151                  0.847            0.847            0.847            0.847            0.847            0.847            0.847            0.847            0.847      
                       0.152            0.152            0.152            0.152            0.152            0.152            0.152            0.152            0.152      
Eu151                  0.655            0.655            0.655            0.655            0.655            0.655            0.655            0.655            0.655      
                       0.344            0.344            0.344            0.344            0.344            0.344            0.344            0.344            0.344      
Eu153                  0.984            0.984            0.984            0.984            0.984            0.984            0.984            0.984            0.984      
                      0.01601          0.01601          0.01601          0.01601          0.01601          0.01601          0.01601          0.01601          0.01601     
Dy164                  0.37             0.37             0.37             0.37             0.37             0.37             0.37             0.37             0.37       
                       0.63             0.63             0.63             0.63             0.63             0.63             0.63             0.63             0.63       
Ho165                 0.9508           0.9508           0.9508           0.9508           0.9509           0.9509           0.9509           0.9509            0.951      
                      0.04919          0.04919          0.04917          0.04916          0.04915          0.0491           0.04909          0.0491           0.04905     
Er166                 0.2502           0.2502           0.2502           0.2502           0.2503           0.2503           0.2503           0.2503           0.2503      
                      0.7498           0.7498           0.7498           0.7498           0.7497           0.7497           0.7497           0.7497           0.7497      
Yb168                   0.5              0.5              0.5              0.5              0.5              0.5              0.5              0.5              0.5       
                        0.5              0.5              0.5              0.5              0.5              0.5              0.5              0.5              0.5       
Yb175                  0.997            0.997            0.997            0.997            0.997            0.997            0.997            0.997            0.997      
                     0.003013         0.003014         0.003014         0.003014         0.003014         0.003014         0.003014         0.003014         0.003015     
Yb176                 0.5002           0.5002           0.5002           0.5002           0.5002           0.5002           0.5002           0.5002           0.5002      
                      0.4998           0.4998           0.4998           0.4998           0.4998           0.4998           0.4998           0.4998           0.4998      
Lu175                 0.3331           0.3331           0.3331           0.3331           0.3331           0.3331           0.3331           0.3331           0.3331      
                      0.6669           0.6669           0.6669           0.6669           0.6669           0.6669           0.6669           0.6669           0.6669      
Lu176                  0.999            0.999            0.999            0.999            0.999            0.999            0.999            0.999            0.999      
                       0.001            0.001            0.001            0.001            0.001            0.001            0.001            0.001            0.001      
Hf176                  0.999            0.999            0.999            0.999            0.999            0.999            0.999            0.999            0.999      
                     0.001002         0.001002         0.001002         0.001002         0.001002         0.001002         0.001002         0.001002         0.001002     
Hf177                   1.0              1.0              1.0              1.0              1.0              1.0              1.0              1.0              1.0       
                     1.972e-06        1.968e-06        1.981e-06        1.988e-06        1.999e-06        2.036e-06        2.041e-06        2.073e-06        2.076e-06    
Hf178                  0.376            0.376            0.376            0.376            0.376            0.376            0.376            0.376            0.376      
                        0.5              0.5              0.5              0.5              0.5              0.5              0.5              0.5              0.5       
Hf179                  0.991            0.991            0.991            0.991            0.991            0.991            0.991            0.991            0.991      
                     0.009013         0.009013         0.009013         0.009013         0.009013         0.009013         0.009013         0.009013         0.009013     
Hf181                  0.984            0.984            0.984            0.984            0.984            0.984            0.984            0.984            0.984      
                       0.016            0.016            0.016            0.016            0.016            0.016            0.016            0.016            0.016      
Ta181                 0.9989           0.9989           0.9989           0.9989           0.9989           0.9989           0.9989           0.9989           0.9989      
                     9.763e-05        9.787e-05        9.793e-05        9.925e-05         0.0001          0.0001006        0.0001016        0.0001017        0.0001013    
W182                   0.87             0.87             0.87             0.87             0.87             0.87             0.87             0.87             0.87       
                       0.13             0.13             0.13             0.13             0.13             0.13             0.13             0.13             0.13       
W184                  0.9981           0.9981           0.9981           0.9981           0.9981           0.9981           0.9981           0.9981           0.9981      
                     0.001852         0.001855         0.001862         0.001869         0.001883         0.001891         0.001903         0.001909         0.001918     
Re185                 0.9971           0.9971           0.9971           0.9971           0.9971           0.9971           0.9971           0.9971           0.9971      
                     0.002938         0.002937         0.002937         0.002937         0.002936         0.002935         0.002935         0.002934         0.002934     
Re187                  0.973            0.973            0.973            0.973            0.973            0.973            0.973            0.973            0.973      
                      0.02704          0.02704          0.02704          0.02704          0.02704          0.02704          0.02704          0.02705          0.02705     
Os188                  0.765           0.7651           0.7651           0.7651           0.7652           0.7653           0.7654           0.7654           0.7656      
                       0.235           0.2349           0.2349           0.2349           0.2348           0.2347           0.2346           0.2346           0.2344      
Os189                   1.0              1.0              1.0              1.0              1.0              1.0              1.0              1.0              1.0       
                     1.529e-06        1.532e-06        1.517e-06        1.517e-06        1.521e-06        1.536e-06        1.534e-06        1.534e-06        1.53e-06     
Os190                 0.3082           0.3082           0.3082           0.3082           0.3082           0.3082           0.3082           0.3082           0.3082      
                      0.6918           0.6918           0.6918           0.6918           0.6918           0.6918           0.6918           0.6918           0.6918      
Os191                  0.998            0.998            0.998            0.998            0.998            0.998            0.998            0.998            0.998      
                     0.002001         0.002001         0.002001         0.002001         0.002001         0.002001         0.002001         0.002001         0.002001     
Ir191                  0.283            0.283            0.283            0.283            0.283            0.283            0.283            0.283            0.283      
                       0.717            0.717            0.717            0.717            0.717            0.717            0.717            0.717            0.717      
Ir192                 0.8686           0.8686           0.8686           0.8686           0.8686           0.8686           0.8685           0.8685           0.8685      
                      0.1314           0.1314           0.1314           0.1314           0.1314           0.1314           0.1315           0.1315           0.1315      
Ir193                  0.649            0.649            0.649            0.649            0.649            0.649            0.649            0.649            0.649      
                       0.349            0.349            0.349            0.349            0.349            0.349            0.349            0.349            0.349      
Pt192                 0.7499           0.7499           0.7499           0.7499           0.7499           0.7499           0.7499           0.7499           0.7499      
                      0.2501           0.2501           0.2501           0.2501           0.2501           0.2501           0.2501           0.2501           0.2501      
Pt194                 0.9396           0.9397           0.9398           0.9402            0.94            0.9405           0.9409           0.9407           0.9409      
                      0.06045          0.0603           0.06025          0.05981           0.06            0.05949          0.05914          0.05932          0.05912     
Pt196                 0.9132           0.9133           0.9133           0.9134           0.9134           0.9135           0.9136           0.9136           0.9136      
                      0.08682          0.08672          0.08669          0.08663          0.08661          0.08654          0.08639          0.0864           0.08638     
Pt198                  0.993            0.993            0.993            0.993            0.993            0.993            0.993            0.993            0.993      
                     0.007045         0.007047         0.007046         0.007046         0.007046         0.007046         0.007047         0.007046         0.007047     
Au197                  0.999            0.999            0.999            0.999            0.999            0.999            0.999            0.999            0.999      
                     0.0009973        0.0009973        0.0009973        0.0009973        0.0009973        0.0009973        0.0009972        0.0009972        0.0009972    
Hg196                  0.966            0.966            0.966            0.966            0.966            0.966            0.966            0.966            0.966      
                       0.034            0.034            0.034            0.034            0.034            0.034            0.034            0.034            0.034      
Hg198                 0.9913           0.9913           0.9913           0.9913           0.9913           0.9913           0.9913           0.9913           0.9913      
                     0.008693         0.008683         0.008695         0.008687         0.008699         0.008723         0.008686         0.008727         0.008733     
Tl205                   1.0              1.0              1.0              1.0              1.0              1.0              1.0              1.0              1.0       
                     2.856e-05        2.859e-05        2.879e-05        2.912e-05        2.904e-05        2.91e-05         2.921e-05        2.946e-05        2.967e-05    
Pb204                 0.9377           0.9377           0.9377           0.9377           0.9377           0.9376           0.9376           0.9376           0.9376      
                      0.06233          0.06234          0.06234          0.06234          0.06235          0.06235          0.06236          0.06236          0.06237     
Pb206                 0.9786           0.9786           0.9786           0.9786           0.9786           0.9786           0.9786           0.9786           0.9786      
                      0.02138          0.02138          0.02139          0.02139          0.0214           0.02141          0.02141          0.02142          0.02142     
Bi209                 0.6776           0.6776           0.6776           0.6776           0.6777           0.6777           0.6777           0.6777           0.6778      
                      0.3224           0.3224           0.3224           0.3224           0.3223           0.3223           0.3223           0.3223           0.3222      
Po210                 0.9843           0.9843           0.9843           0.9843           0.9843           0.9843           0.9843           0.9844           0.9844      
                      0.01567          0.01567          0.01567          0.01566          0.01566          0.01565          0.01565          0.01565          0.01564     
Th228                 0.2552            0.255            0.255           0.2544            0.254           0.2539           0.2535           0.2534           0.2529      
                      0.7448            0.745            0.745           0.7456            0.746           0.7461           0.7465           0.7466           0.7471      
Pa233                 0.4871           0.4871           0.4871           0.4871           0.4871           0.4871           0.4871           0.4871           0.4871      
                      0.5129           0.5129           0.5129           0.5129           0.5129           0.5129           0.5129           0.5129           0.5129      
U234                    0.5              0.5              0.5              0.5              0.5              0.5              0.5              0.5              0.5       
                        0.5              0.5              0.5              0.5              0.5              0.5              0.5              0.5              0.5       
Np235                  0.39            0.3899           0.3898           0.3897           0.3895           0.3894           0.3892           0.3891            0.389      
                       0.61            0.6101           0.6102           0.6103           0.6105           0.6106           0.6108           0.6109            0.611      
Np239                 0.3525           0.3525           0.3525           0.3525           0.3525           0.3525           0.3525           0.3525           0.3526      
                      0.6475           0.6475           0.6475           0.6475           0.6475           0.6475           0.6475           0.6475           0.6474      
Pu236                 0.5001           0.5001           0.5001           0.5001           0.5001           0.5001           0.5001           0.5001           0.5001      
                      0.4999           0.4999           0.4999           0.4999           0.4999           0.4999           0.4999           0.4999           0.4999      
Am241                  0.919            0.919            0.919            0.919            0.919            0.919            0.919            0.919            0.919      
                      0.08101          0.08101          0.08101          0.08101          0.08101          0.08101          0.08101          0.08101          0.08101     
Am243                 0.06268          0.06268          0.06267          0.06267          0.06268          0.06268          0.06267          0.06268          0.06267     
                      0.9374           0.9374           0.9374           0.9374           0.9374           0.9374           0.9374           0.9374           0.9374      
Bk247                   0.4              0.4              0.4              0.4              0.4              0.4              0.4              0.4              0.4       
                        0.6              0.6              0.6              0.6              0.6              0.6              0.6              0.6              0.6       
Es253                 0.03201          0.03201          0.03201          0.03201          0.03201          0.03201          0.03201          0.03201          0.03201     
                       0.968            0.968            0.968            0.968            0.968            0.968            0.968            0.968            0.968      
Es255                  0.984            0.984            0.984            0.984            0.984            0.984            0.984            0.984            0.984      
                       0.016            0.016            0.016            0.016            0.016            0.016            0.016            0.016            0.016      
