TIME             17.2201574903440398.96642235829903197.93284471659805395.8656894331961593.798534149794 791.731378866392 989.66422358299011187.5970682995881385.5299130161861
SYSTEM-BU           8.70000E-03      5.00000E-02      1.00000E-01      2.00000E-01      3.00000E-01      4.00000E-01      5.00000E-01      6.00000E-01      7.00000E-01   
BUCELL-BU           0.00000E+00      0.00000E+00      0.00000E+00      0.00000E+00      0.00000E+00      0.00000E+00      0.00000E+00      0.00000E+00      0.00000E+00   

Na23                   0.291            0.291            0.291            0.291            0.291            0.291            0.291            0.291            0.291      
                       0.709            0.709            0.709            0.709            0.709            0.709            0.709            0.709            0.709      
Cl37                   0.881            0.881            0.881            0.881            0.881            0.881            0.881            0.881            0.881      
                       0.119            0.119            0.119            0.119            0.119            0.119            0.119            0.119            0.119      
Sc45                   0.556            0.556            0.556            0.556            0.556            0.556            0.556            0.556            0.556      
                       0.444            0.444            0.444            0.444            0.444            0.444            0.444            0.444            0.444      
Co59                   0.444            0.444            0.444            0.444            0.444            0.444            0.444            0.444            0.444      
                       0.556            0.556            0.556            0.556            0.556            0.556            0.556            0.556            0.556      
Zn68                  0.9169           0.9169           0.9169           0.9169           0.9169           0.9169           0.9169           0.9169           0.9169      
                      0.08313          0.08313          0.08313          0.08313          0.08313          0.08313          0.08314          0.08314          0.08314     
Zn70                  0.9105           0.9105           0.9105           0.9105           0.9105           0.9105           0.9104           0.9105           0.9104      
                      0.08951          0.0895           0.08951          0.08952          0.08952          0.08954          0.08956          0.08955          0.08956     
Ga71                   0.58             0.58             0.58             0.58             0.58             0.58             0.58             0.58             0.58       
                       0.42             0.42             0.42             0.42             0.42             0.42             0.42             0.42             0.42       
Ge70                  0.7499           0.7499           0.7499           0.7499           0.7499           0.7498           0.7498           0.7498           0.7498      
                      0.2501           0.2501           0.2501           0.2501           0.2501           0.2502           0.2502           0.2502           0.2502      
Ge72                  0.5025           0.5024           0.5024           0.5025           0.5025           0.5025           0.5026           0.5026           0.5027      
                      0.4975           0.4976           0.4976           0.4975           0.4975           0.4975           0.4974           0.4974           0.4973      
Ge74                  0.6668           0.6668           0.6668           0.6668           0.6668           0.6668           0.6668           0.6668           0.6668      
                      0.3332           0.3332           0.3332           0.3332           0.3332           0.3332           0.3332           0.3332           0.3332      
Ge76                  0.4003           0.4003           0.4003           0.4004           0.4004           0.4004           0.4004           0.4004           0.4004      
                      0.5997           0.5997           0.5997           0.5996           0.5996           0.5996           0.5996           0.5996           0.5996      
Se76                   0.741            0.741            0.741            0.741            0.741            0.741            0.741            0.741            0.741      
                       0.259            0.259            0.259            0.259            0.259            0.259            0.259            0.259            0.259      
Se78                  0.1162           0.1162           0.1162           0.1162           0.1162           0.1162           0.1162           0.1162           0.1162      
                      0.8838           0.8838           0.8838           0.8838           0.8838           0.8838           0.8838           0.8838           0.8838      
Se80                  0.8476           0.8476           0.8476           0.8476           0.8476           0.8476           0.8476           0.8476           0.8476      
                      0.1524           0.1524           0.1524           0.1524           0.1524           0.1524           0.1524           0.1524           0.1524      
Se82                  0.1054           0.1058           0.1054           0.1052           0.1052            0.105           0.1041           0.1044            0.104      
                      0.8946           0.8942           0.8946           0.8948           0.8948            0.895           0.8959           0.8956            0.896      
Br79                  0.7689           0.7689           0.7689           0.7689           0.7689           0.7689           0.7689           0.7689           0.7689      
                      0.2311           0.2311           0.2311           0.2311           0.2311           0.2311           0.2311           0.2311           0.2311      
Br81                  0.09119          0.09119          0.09119          0.09119          0.09119          0.0912           0.09121          0.0912           0.09121     
                      0.9088           0.9088           0.9088           0.9088           0.9088           0.9088           0.9088           0.9088           0.9088      
Kr78                  0.9717           0.9717           0.9717           0.9717           0.9717           0.9717           0.9717           0.9717           0.9717      
                      0.02831          0.02831          0.02831          0.02832          0.02832          0.02833          0.02834          0.02833          0.02834     
Kr80                  0.6031           0.6031           0.6031           0.6031           0.6031           0.6031           0.6031           0.6031           0.6031      
                      0.3969           0.3969           0.3969           0.3969           0.3969           0.3969           0.3969           0.3969           0.3969      
Kr82                   0.333            0.333            0.333            0.333            0.333            0.333            0.333            0.333            0.333      
                       0.667            0.667            0.667            0.667            0.667            0.667            0.667            0.667            0.667      
Kr84                  0.1836           0.1835           0.1835           0.1835           0.1836           0.1835           0.1836           0.1835           0.1837      
                      0.8164           0.8165           0.8165           0.8165           0.8164           0.8165           0.8164           0.8165           0.8163      
Rb85                  0.8797           0.8797           0.8797           0.8797           0.8797           0.8797           0.8797           0.8797           0.8797      
                      0.1203           0.1203           0.1203           0.1203           0.1203           0.1203           0.1203           0.1203           0.1203      
Sr84                  0.2521            0.252           0.2521           0.2521           0.2521           0.2521           0.2522           0.2522           0.2522      
                      0.7479            0.748           0.7479           0.7479           0.7479           0.7479           0.7478           0.7478           0.7478      
Sr86                  0.1987           0.1987           0.1987           0.1987           0.1987           0.1987           0.1988           0.1988           0.1988      
                      0.8013           0.8013           0.8013           0.8013           0.8013           0.8013           0.8012           0.8012           0.8012      
Y89                   0.9987           0.9986           0.9986           0.9986           0.9986           0.9986           0.9986           0.9986           0.9986      
                     0.001345         0.001351         0.001358         0.001361         0.001362         0.001379         0.001388         0.001381         0.001382     
Y90                    0.75             0.75             0.75             0.75             0.75             0.75             0.75             0.75             0.75       
                       0.25             0.25             0.25             0.25             0.25             0.25             0.25             0.25             0.25       
Nb93                   0.31             0.31             0.31             0.31             0.31             0.31             0.31             0.31             0.31       
                       0.69             0.69             0.69             0.69             0.69             0.69             0.69             0.69             0.69       
Nb94                   0.961            0.961            0.961            0.961            0.961            0.961            0.961            0.961            0.961      
                      0.03901          0.03901          0.03901          0.03901          0.03901          0.03901          0.03901          0.03901          0.03901     
Mo92                  0.9981           0.9981           0.9981           0.9981           0.9981           0.9981           0.9981           0.9981           0.9981      
                     0.001911         0.001906         0.001912         0.001918         0.001913         0.001919         0.001924         0.001924         0.001926     
Tc98                  0.5005           0.5005           0.5005           0.5005           0.5005           0.5005           0.5005           0.5005           0.5005      
                      0.4995           0.4995           0.4995           0.4995           0.4995           0.4995           0.4995           0.4995           0.4995      
Rh103                  0.924            0.924            0.924            0.924            0.924            0.924            0.924            0.924            0.924      
                      0.07601          0.07601          0.07601          0.07601          0.07601          0.07601          0.07601          0.07601          0.07601     
Rh105                  0.543            0.543            0.543            0.543            0.543            0.543            0.543            0.543            0.543      
                       0.457            0.457            0.457            0.457            0.457            0.457            0.457            0.457            0.457      
Pd106                 0.9557           0.9557           0.9557           0.9557           0.9557           0.9556           0.9556           0.9556           0.9556      
                      0.04434          0.04432          0.04432          0.04433          0.04431          0.04439          0.04438          0.04436          0.04438     
Pd108                  0.978            0.978            0.978            0.978            0.978            0.978            0.978            0.978            0.978      
                      0.02202          0.02202          0.02202          0.02202          0.02202          0.02202          0.02202          0.02203          0.02202     
Pd110                 0.8513           0.8513           0.8513           0.8513           0.8513           0.8514           0.8513           0.8513           0.8513      
                      0.1487           0.1487           0.1487           0.1487           0.1487           0.1486           0.1487           0.1487           0.1487      
Ag107                 0.9899           0.9899           0.9899           0.9899           0.9899           0.9899           0.9899           0.9899           0.9899      
                      0.01007          0.01007          0.01007          0.01007          0.01007          0.01007          0.01007          0.01007          0.01007     
Ag109                  0.954            0.954            0.954            0.954            0.954            0.954            0.954            0.954            0.954      
                      0.04601          0.04601          0.04601          0.04601          0.04601          0.04601          0.04601          0.04601          0.04601     
Ag110_m1              0.4769           0.4761           0.4767           0.4756           0.4751           0.4746           0.4735           0.4745           0.4736      
                      0.5231           0.5239           0.5233           0.5244           0.5249           0.5254           0.5265           0.5255           0.5264      
Cd110                 0.9949           0.9949           0.9949           0.9949           0.9949           0.9949           0.9949           0.9949           0.9949      
                     0.005118         0.005113         0.005115         0.005116         0.005117          0.00512         0.005125         0.005124         0.005127     
Cd112                 0.7799           0.7799           0.7802           0.7803           0.7803           0.7803           0.7808           0.7809           0.7805      
                      0.2201           0.2201           0.2198           0.2197           0.2197           0.2197           0.2192           0.2191           0.2195      
Cd114                 0.8813           0.8813           0.8813           0.8812           0.8813           0.8812           0.8812           0.8812           0.8812      
                      0.1187           0.1187           0.1187           0.1188           0.1187           0.1188           0.1188           0.1188           0.1188      
Cd116                 0.6666           0.6666           0.6666           0.6666           0.6667           0.6666           0.6666           0.6666           0.6666      
                      0.3334           0.3334           0.3334           0.3334           0.3333           0.3334           0.3334           0.3334           0.3334      
In113                  0.419            0.419            0.419            0.419            0.419            0.419            0.419            0.419            0.419      
                       0.581            0.581            0.581            0.581            0.581            0.581            0.581            0.581            0.581      
In115                 0.2161           0.2161           0.2161           0.2161           0.2162           0.2161           0.2162           0.2161           0.2162      
                      0.3558           0.3558           0.3558           0.3558           0.3558           0.3558           0.3557           0.3558           0.3558      
Sn112                  0.725            0.725           0.7249            0.725           0.7249           0.7249           0.7248           0.7249           0.7248      
                       0.275            0.275           0.2751            0.275           0.2751           0.2751           0.2752           0.2751           0.2752      
Sn116                 0.9558           0.9555           0.9555           0.9556           0.9557           0.9555           0.9554           0.9554           0.9556      
                      0.04421          0.04447          0.04446          0.04437          0.04431          0.04449          0.04456          0.04457          0.04444     
Sn118                 0.9793           0.9793           0.9792           0.9793           0.9792           0.9792           0.9791           0.9791           0.9791      
                      0.02074          0.0207           0.02075          0.02073          0.02078          0.02081          0.02094          0.02088          0.02093     
Sn120                 0.9912           0.9912           0.9912           0.9912           0.9912           0.9912           0.9911           0.9912           0.9911      
                     0.008789         0.008767         0.008788         0.008788          0.0088          0.008814         0.008851         0.008833         0.008856     
Sn122                 0.0117           0.0116           0.0117           0.01172          0.01177          0.01189          0.01212           0.012           0.01212     
                      0.9883           0.9884           0.9883           0.9883           0.9882           0.9881           0.9879            0.988           0.9879      
Sn124                 0.04177          0.04177          0.04186          0.04202          0.04189          0.04199          0.04227          0.04233          0.04194     
                      0.9582           0.9582           0.9581            0.958           0.9581            0.958           0.9577           0.9577           0.9581      
Sn126                 0.05318          0.05289          0.05321          0.05313          0.05333          0.05349           0.054           0.05373          0.05408     
                      0.9468           0.9471           0.9468           0.9469           0.9467           0.9465            0.946           0.9463           0.9459      
Sb121                  0.937            0.937            0.937            0.937            0.937            0.937            0.937            0.937            0.937      
                      0.06304          0.06304          0.06304          0.06304          0.06304          0.06304          0.06304          0.06304          0.06304     
Sb123                 0.9689            0.969           0.9694           0.9687           0.9688           0.9688           0.9688           0.9684           0.9683      
                      0.02495          0.02487          0.02454          0.0252           0.02509          0.02506          0.02504          0.02548          0.02555     
Sb125                 0.00287         0.002852         0.002865         0.002869         0.002866         0.002884          0.00291          0.0029          0.002908     
                       0.431            0.431            0.431            0.431            0.431           0.4311           0.4311           0.4311           0.4311      
Te120                 0.8884           0.8885           0.8885           0.8884           0.8885           0.8884           0.8884           0.8884           0.8884      
                      0.1116           0.1115           0.1115           0.1116           0.1115           0.1116           0.1116           0.1116           0.1116      
Te122                 0.6894           0.6896           0.6892           0.6898           0.6896           0.6906           0.6905           0.6904           0.6902      
                      0.3106           0.3104           0.3108           0.3102           0.3104           0.3094           0.3095           0.3096           0.3098      
Te124                 0.9928           0.9928           0.9928           0.9928           0.9928           0.9928           0.9928           0.9928           0.9928      
                     0.007227         0.007223         0.007226         0.007229         0.007231         0.007236         0.007249         0.007242         0.007249     
Te126                 0.8615           0.8618           0.8616           0.8615           0.8614           0.8613           0.8608           0.8611           0.8608      
                      0.1385           0.1382           0.1384           0.1385           0.1386           0.1387           0.1392           0.1389           0.1392      
Te128                 0.9245           0.9245           0.9245           0.9245           0.9245           0.9244           0.9244           0.9244           0.9244      
                      0.07551          0.07548          0.0755           0.07552          0.07553          0.07557          0.07564          0.0756           0.07564     
Te130                 0.8566           0.8566           0.8566           0.8566           0.8566           0.8566           0.8566           0.8566           0.8566      
                      0.1434           0.1434           0.1434           0.1434           0.1434           0.1434           0.1434           0.1434           0.1434      
Te132                 0.9913           0.9914           0.9913           0.9913           0.9913           0.9913           0.9912           0.9913           0.9912      
                     0.008678         0.008633         0.008682         0.008659         0.008689         0.008715         0.008789         0.008739         0.008794     
I129                   0.413            0.413            0.413            0.413            0.413            0.413            0.413            0.413            0.413      
                       0.587            0.587            0.587            0.587            0.587            0.587            0.587            0.587            0.587      
I131                  0.9929           0.9929           0.9929           0.9929           0.9929           0.9929           0.9929           0.9929           0.9929      
                     0.007076         0.007074         0.007076         0.007076         0.007077         0.007079         0.007082          0.00708         0.007083     
I133                   0.984            0.984            0.984            0.984            0.984            0.984            0.984            0.984            0.984      
                      0.01602          0.01602          0.01602          0.01602          0.01602          0.01602          0.01602          0.01602          0.01602     
I135                   0.938            0.938            0.938            0.938            0.938            0.938            0.938            0.938            0.938      
                       0.062            0.062            0.062            0.062            0.062            0.062            0.062            0.062            0.062      
Xe124                  0.83             0.83             0.83             0.83             0.83             0.83             0.83             0.83             0.83       
                       0.17             0.17             0.17             0.17             0.17             0.17             0.17             0.17             0.17       
Xe126                 0.8705           0.8705           0.8705           0.8705           0.8705           0.8705           0.8705           0.8705           0.8705      
                      0.1295           0.1295           0.1295           0.1295           0.1295           0.1295           0.1295           0.1295           0.1295      
Xe128                 0.9395           0.9395           0.9395           0.9395           0.9395           0.9395           0.9395           0.9395           0.9395      
                      0.06046          0.06045          0.06046          0.06047          0.06047          0.06048          0.06051          0.06049          0.0605      
Xe130                 0.9168           0.9168           0.9168           0.9168           0.9168           0.9168           0.9168           0.9168           0.9168      
                      0.08318          0.08318          0.08318          0.08318          0.08318          0.08319          0.0832           0.08319          0.0832      
Xe132                 0.8885           0.8885           0.8885           0.8885           0.8885           0.8885           0.8885           0.8885           0.8885      
                      0.1115           0.1115           0.1115           0.1115           0.1115           0.1115           0.1115           0.1115           0.1115      
Xe133                   1.0              1.0              1.0              1.0              1.0              1.0              1.0              1.0              1.0       
                     4.802e-06        4.765e-06        4.775e-06        4.894e-06        4.947e-06        5.019e-06        5.234e-06        5.116e-06        5.253e-06    
Xe134                 0.9881           0.9881           0.9881           0.9881           0.9881           0.9881            0.988           0.9881            0.988      
                      0.01188          0.01186          0.01188          0.01189          0.01189          0.01192          0.01196          0.01194          0.01196     
Cs133                 0.9077           0.9077           0.9077           0.9077           0.9077           0.9077           0.9077           0.9077           0.9078      
                      0.09227          0.09229          0.09228          0.0923           0.09227          0.09227          0.09226          0.09225          0.09222     
Cs134                 0.9961           0.9961           0.9961           0.9961           0.9961           0.9961           0.9961           0.9961           0.9961      
                     0.003879         0.003875         0.003879         0.003874         0.003872          0.00387         0.003867         0.003871         0.003868     
Cs135                  0.984            0.984            0.984            0.984            0.984            0.984            0.984            0.984            0.984      
                      0.01602          0.01602          0.01602          0.01602          0.01602          0.01602          0.01602          0.01602          0.01602     
Cs137                  0.907            0.907            0.907           0.9071            0.907           0.9071           0.9072           0.9072           0.9073      
                       0.093           0.09302          0.09304          0.09293          0.09296          0.09288          0.09282          0.09281          0.09274     
Ba130                 0.7487           0.7487           0.7487           0.7487           0.7487           0.7486           0.7486           0.7486           0.7486      
                      0.2513           0.2513           0.2513           0.2513           0.2513           0.2514           0.2514           0.2514           0.2514      
Ba132                 0.9669           0.9641           0.9671            0.968           0.9673            0.966           0.9684           0.9685           0.9678      
                      0.03308          0.03586          0.03286          0.03203          0.0327           0.03404          0.0316           0.03154          0.03217     
Ba134                  0.927            0.927            0.927            0.927            0.927           0.9269           0.9268           0.9269           0.9268      
                      0.07299          0.07299          0.07299          0.07302          0.07303          0.0731           0.07317          0.07312          0.07316     
Ba135                  0.998            0.998            0.998            0.998            0.998            0.998            0.998            0.998            0.998      
                     0.002033         0.002047         0.002028         0.002025         0.002028         0.002041         0.002034         0.002028         0.002034     
Ba136                  0.967           0.9673           0.9671           0.9671            0.967           0.9669           0.9664           0.9666           0.9663      
                      0.03299          0.03267          0.03291          0.03288           0.033           0.03311          0.03358          0.03343          0.03371     
Ce136                 0.8667           0.8667           0.8667           0.8667           0.8667           0.8667           0.8666           0.8667           0.8667      
                      0.1333           0.1333           0.1333           0.1333           0.1333           0.1333           0.1334           0.1333           0.1333      
Ce138                 0.9805           0.9805           0.9805           0.9804           0.9805           0.9804           0.9804           0.9804           0.9804      
                      0.01949          0.01947          0.01952          0.01955          0.01952          0.01956          0.01962          0.01961          0.01961     
Pr141                  0.652            0.652            0.652            0.652            0.652            0.652            0.652            0.652            0.652      
                       0.348            0.348            0.348            0.348            0.348            0.348            0.348            0.348            0.348      
Pr143                  0.156            0.156            0.156            0.156            0.156            0.156            0.156            0.156            0.156      
                       0.844            0.844            0.844            0.844            0.844            0.844            0.844            0.844            0.844      
Pm147                 0.5469           0.5467           0.5466           0.5466           0.5476           0.5469           0.5475           0.5474           0.5473      
                      0.4531           0.4533           0.4534           0.4534           0.4524           0.4531           0.4525           0.4526           0.4527      
Pm151                  0.847            0.847            0.847            0.847            0.847            0.847            0.847            0.847            0.847      
                       0.152            0.152            0.152            0.152            0.152            0.152            0.152            0.152            0.152      
Eu151                  0.655            0.655            0.655            0.655            0.655            0.655            0.655            0.655            0.655      
                       0.344            0.344            0.344            0.344            0.344            0.344            0.344            0.344            0.344      
Eu153                  0.984            0.984            0.984            0.984            0.984            0.984            0.984            0.984            0.984      
                       0.016            0.016            0.016            0.016            0.016            0.016            0.016            0.016            0.016      
Dy164                  0.37             0.37             0.37             0.37             0.37             0.37             0.37             0.37             0.37       
                       0.63             0.63             0.63             0.63             0.63             0.63             0.63             0.63             0.63       
Ho165                 0.9508           0.9509           0.9509           0.9508           0.9509           0.9509           0.9509           0.9509           0.9511      
                      0.04918          0.0491           0.04906          0.04919          0.0491           0.04908          0.04913          0.04906          0.04892     
Er166                 0.2502           0.2502           0.2502           0.2502           0.2502           0.2502           0.2502           0.2502           0.2502      
                      0.7498           0.7498           0.7498           0.7498           0.7498           0.7498           0.7498           0.7498           0.7498      
Yb168                   0.5              0.5              0.5              0.5              0.5              0.5              0.5              0.5              0.5       
                        0.5              0.5              0.5              0.5              0.5              0.5              0.5              0.5              0.5       
Yb175                  0.997            0.997            0.997            0.997            0.997            0.997            0.997            0.997            0.997      
                      0.00301          0.00301          0.00301          0.00301          0.00301          0.00301         0.003011          0.00301         0.003011     
Yb176                 0.5001           0.5001           0.5001           0.5001           0.5001           0.5001           0.5002           0.5001           0.5002      
                      0.4999           0.4999           0.4999           0.4999           0.4999           0.4999           0.4998           0.4999           0.4998      
Lu175                  0.333            0.333            0.333            0.333            0.333            0.333            0.333            0.333            0.333      
                       0.667            0.667            0.667            0.667            0.667            0.667            0.667            0.667            0.667      
Lu176                  0.999            0.999            0.999            0.999            0.999            0.999            0.999            0.999            0.999      
                       0.001            0.001            0.001            0.001            0.001            0.001            0.001            0.001            0.001      
Hf176                  0.999            0.999            0.999            0.999            0.999            0.999            0.999            0.999            0.999      
                     0.001001         0.001002         0.001001         0.001001         0.001001         0.001002         0.001001         0.001001         0.001002     
Hf177                   1.0              1.0              1.0              1.0              1.0              1.0              1.0              1.0              1.0       
                     1.513e-06        1.424e-06        1.445e-06        1.489e-06        1.481e-06        1.45e-06         1.503e-06        1.508e-06        1.497e-06    
Hf178                  0.376            0.376            0.376            0.376            0.376            0.376            0.376            0.376            0.376      
                        0.5              0.5              0.5              0.5              0.5              0.5              0.5              0.5              0.5       
Hf179                  0.991            0.991            0.991            0.991            0.991            0.991            0.991            0.991            0.991      
                     0.009009         0.009009         0.009009         0.009009         0.009009         0.009009          0.00901          0.00901          0.00901     
Hf181                  0.984            0.984            0.984            0.984            0.984            0.984            0.984            0.984            0.984      
                       0.016            0.016            0.016            0.016            0.016            0.016            0.016            0.016            0.016      
Ta181                 0.9989           0.9989           0.9989           0.9989           0.9989           0.9989           0.9989           0.9989           0.9989      
                     7.023e-05        7.158e-05        6.852e-05        7.023e-05        6.593e-05        7.04e-05         7.088e-05        7.39e-05         6.846e-05    
W182                   0.87             0.87             0.87             0.87             0.87             0.87             0.87             0.87             0.87       
                       0.13             0.13             0.13             0.13             0.13             0.13             0.13             0.13             0.13       
W184                  0.9984           0.9985           0.9984           0.9984           0.9984           0.9984           0.9984           0.9984           0.9984      
                     0.001566         0.001549         0.001567         0.001575          0.00157         0.001592          0.00162         0.001604         0.001605     
Re185                 0.9971           0.9971           0.9971           0.9971           0.9971           0.9971           0.9971           0.9971           0.9971      
                     0.002934         0.002929         0.002931         0.002932         0.002929         0.002931         0.002933         0.002929          0.00293     
Re187                  0.973            0.973            0.973            0.973            0.973            0.973            0.973            0.973            0.973      
                      0.02703          0.02703          0.02703          0.02703          0.02703          0.02703          0.02703          0.02703          0.02703     
Os188                 0.7637           0.7634           0.7635           0.7639           0.7638            0.764           0.7637           0.7638           0.7637      
                      0.2363           0.2366           0.2365           0.2361           0.2362            0.236           0.2363           0.2362           0.2363      
Os189                   1.0              1.0              1.0              1.0              1.0              1.0              1.0              1.0              1.0       
                     1.061e-06        1.109e-06        1.015e-06        1.134e-06        1.063e-06        1.074e-06        1.127e-06        1.131e-06        1.084e-06    
Os190                 0.3081           0.3081           0.3081           0.3081           0.3081           0.3081           0.3081           0.3081           0.3081      
                      0.6919           0.6919           0.6919           0.6919           0.6919           0.6919           0.6919           0.6919           0.6919      
Os191                  0.998            0.998            0.998            0.998            0.998            0.998            0.998            0.998            0.998      
                     0.002001         0.002001         0.002001         0.002001         0.002001         0.002001         0.002001         0.002001         0.002001     
Ir191                  0.283            0.283            0.283            0.283            0.283            0.283            0.283            0.283            0.283      
                       0.717            0.717            0.717            0.717            0.717            0.717            0.717            0.717            0.717      
Ir192                 0.8687           0.8687           0.8687           0.8686           0.8686           0.8686           0.8686           0.8686           0.8686      
                      0.1313           0.1313           0.1313           0.1314           0.1314           0.1314           0.1314           0.1314           0.1314      
Ir193                  0.649            0.649            0.649            0.649            0.649            0.649            0.649            0.649            0.649      
                       0.349            0.349            0.349            0.349            0.349            0.349            0.349            0.349            0.349      
Pt192                 0.7499           0.7499           0.7499           0.7499           0.7499           0.7499           0.7499           0.7499           0.7499      
                      0.2501           0.2501           0.2501           0.2501           0.2501           0.2501           0.2501           0.2501           0.2501      
Pt194                  0.938           0.9378           0.9367            0.938           0.9381           0.9383           0.9389           0.9385           0.9391      
                       0.062           0.06217          0.06331          0.06196          0.06195          0.06174          0.06108          0.06154          0.06093     
Pt196                 0.9132            0.913           0.9129           0.9131           0.9132           0.9132            0.913           0.9132           0.9136      
                      0.08678          0.08699          0.08706          0.08694          0.08683          0.08685          0.08695          0.08679          0.08637     
Pt198                  0.993            0.993            0.993            0.993            0.993            0.993            0.993            0.993            0.993      
                     0.007034         0.007034         0.007038         0.007036         0.007037         0.007036         0.007038         0.007035         0.007037     
Au197                  0.999            0.999            0.999            0.999            0.999            0.999            0.999            0.999            0.999      
                     0.0009974        0.0009974        0.0009974        0.0009974        0.0009974        0.0009975        0.0009972        0.0009974        0.0009974    
Hg196                  0.966            0.966            0.966            0.966            0.966            0.966            0.966            0.966            0.966      
                       0.034            0.034            0.034            0.034            0.034            0.034            0.034            0.034            0.034      
Hg198                 0.9918           0.9918           0.9918           0.9919           0.9918           0.9919           0.9918           0.9917           0.9917      
                     0.008164         0.008174         0.008221         0.008082         0.008154         0.008142         0.008192         0.008286         0.008302     
Tl205                   1.0              1.0              1.0              1.0              1.0              1.0              1.0              1.0              1.0       
                     2.17e-05         2.114e-05        2.21e-05         2.195e-05        2.22e-05          2.2e-05         2.329e-05        2.087e-05        2.236e-05    
Pb204                 0.9378           0.9378           0.9378           0.9378           0.9378           0.9378           0.9378           0.9378           0.9378      
                      0.06222          0.06221          0.06222          0.06221          0.06222          0.06222          0.06223          0.06223          0.06223     
Pb206                 0.9788           0.9788           0.9788           0.9788           0.9788           0.9788           0.9787           0.9788           0.9787      
                      0.02123          0.02123          0.02123          0.02124          0.02124          0.02125          0.02126          0.02125          0.02126     
Bi209                  0.677            0.677            0.677            0.677            0.677            0.677           0.6771           0.6771           0.6771      
                       0.323            0.323            0.323            0.323            0.323            0.323           0.3229           0.3229           0.3229      
Po210                 0.9842           0.9842           0.9842           0.9842           0.9842           0.9842           0.9842           0.9842           0.9842      
                      0.01578          0.01579          0.01578          0.01578          0.01578          0.01577          0.01576          0.01577          0.01577     
Th228                 0.2566           0.2577           0.2563           0.2562           0.2557           0.2558           0.2554           0.2565           0.2557      
                      0.7434           0.7423           0.7437           0.7438           0.7443           0.7442           0.7446           0.7435           0.7443      
Pa233                  0.487            0.487            0.487            0.487            0.487            0.487           0.4871            0.487            0.487      
                       0.513            0.513            0.513            0.513            0.513            0.513           0.5129            0.513            0.513      
U234                    0.5              0.5              0.5              0.5              0.5              0.5              0.5              0.5              0.5       
                        0.5              0.5              0.5              0.5              0.5              0.5              0.5              0.5              0.5       
Np235                 0.3902           0.3902           0.3901           0.3901           0.3898           0.3898           0.3895           0.3896           0.3893      
                      0.6098           0.6098           0.6099           0.6099           0.6102           0.6102           0.6105           0.6104           0.6107      
Np239                 0.3524           0.3524           0.3524           0.3525           0.3525           0.3525           0.3525           0.3525           0.3525      
                      0.6476           0.6476           0.6476           0.6475           0.6475           0.6475           0.6475           0.6475           0.6475      
Pu236                   0.5              0.5              0.5              0.5              0.5              0.5              0.5              0.5              0.5       
                        0.5              0.5              0.5              0.5              0.5              0.5              0.5              0.5              0.5       
Am241                  0.919            0.919            0.919            0.919            0.919            0.919            0.919            0.919            0.919      
                      0.08101          0.08101          0.08101          0.08101          0.08101          0.08101          0.08101          0.08101          0.08101     
Am243                 0.06265          0.06265          0.06266          0.06265          0.06264          0.06264          0.06264          0.06265          0.06265     
                      0.9375           0.9374           0.9374           0.9374           0.9375           0.9375           0.9375           0.9374           0.9374      
Bk247                   0.4              0.4              0.4              0.4              0.4              0.4              0.4              0.4              0.4       
                        0.6              0.6              0.6              0.6              0.6              0.6              0.6              0.6              0.6       
Es253                 0.03201          0.03201          0.03201          0.03201          0.03201          0.03201          0.03201          0.03201          0.03201     
                       0.968            0.968            0.968            0.968            0.968            0.968            0.968            0.968            0.968      
Es255                  0.984            0.984            0.984            0.984            0.984            0.984            0.984            0.984            0.984      
                       0.016            0.016            0.016            0.016            0.016            0.016            0.016            0.016            0.016      
